#Frame        fadcore
       1       0.0000
       2       0.2751
       3       0.3080
       4       0.2646
       5       0.3185
       6       0.3605
       7       0.3837
       8       0.3690
       9       0.3980
      10       0.4176
      11       0.4061
      12       0.3833
      13       0.3927
      14       0.4472
      15       0.4497
      16       0.4925
      17       0.3987
      18       0.3818
      19       0.4992
      20       0.3852
      21       0.4523
      22       0.4712
      23       0.3837
      24       0.3261
      25       0.3698
      26       0.3378
      27       0.3137
      28       0.5017
      29       0.3996
      30       0.3096
      31       0.3522
      32       0.3551
      33       0.3470
      34       0.4280
      35       0.4134
      36       0.4048
      37       0.4588
      38       0.3950
      39       0.4106
      40       0.3068
      41       0.3822
      42       0.4255
      43       0.3948
      44       0.4221
      45       0.4472
      46       0.4483
      47       0.4625
      48       0.3960
      49       0.5165
      50       0.5263
      51       0.4037
      52       0.4098
      53       0.3459
      54       0.4675
      55       0.3795
      56       0.3788
      57       0.3920
      58       0.4563
      59       0.4203
      60       0.3985
      61       0.4545
      62       0.4731
      63       0.4264
      64       0.4165
      65       0.4946
      66       0.4103
      67       0.4489
      68       0.4566
      69       0.4945
      70       0.4351
      71       0.4055
      72       0.4022
      73       0.4348
      74       0.4243
      75       0.4018
      76       0.5039
      77       0.5387
      78       0.6247
      79       0.5334
      80       0.5051
      81       0.5067
      82       0.4655
      83       0.3897
      84       0.3794
      85       0.4425
      86       0.4959
      87       0.4436
      88       0.4750
      89       0.3661
      90       0.2831
      91       0.3295
      92       0.3868
      93       0.3482
      94       0.3802
      95       0.3142
      96       0.3457
      97       0.4321
      98       0.2964
      99       0.3937
     100       0.3385
     101       0.4389
     102       0.3624
     103       0.3726
     104       0.5321
     105       0.4022
     106       0.4087
     107       0.3756
     108       0.4133
     109       0.4242
     110       0.4497
     111       0.4299
     112       0.4270
     113       0.4455
     114       0.4406
     115       0.6604
     116       0.7294
     117       0.6405
     118       0.5344
     119       0.5319
     120       0.5062
     121       0.4217
     122       0.4252
     123       0.4216
     124       0.4576
     125       0.5302
     126       0.4495
     127       0.5433
     128       0.4858
     129       0.4451
     130       0.4626
     131       0.4714
     132       0.4973
     133       0.4829
     134       0.3955
     135       0.4559
     136       0.4257
     137       0.3884
     138       0.4909
     139       0.3901
     140       0.3660
     141       0.3531
     142       0.3959
     143       0.3531
     144       0.4101
     145       0.3250
     146       0.3429
     147       0.4025
     148       0.4171
     149       0.3003
     150       0.2978
     151       0.3660
     152       0.3739
     153       0.3715
     154       0.3816
     155       0.3986
     156       0.3483
     157       0.3367
     158       0.2748
     159       0.3202
     160       0.2756
     161       0.4374
     162       0.3128
     163       0.3166
     164       0.3765
     165       0.4385
     166       0.3300
     167       0.3227
     168       0.3385
     169       0.4732
     170       0.2960
     171       0.3014
     172       0.3839
     173       0.3111
     174       0.3098
     175       0.3237
     176       0.3389
     177       0.3959
     178       0.4956
     179       0.4760
     180       0.4432
     181       0.3653
     182       0.3883
     183       0.4850
     184       0.4286
     185       0.5380
     186       0.4254
     187       0.4943
     188       0.5220
     189       0.5321
     190       0.5194
     191       0.3955
     192       0.3681
     193       0.3670
     194       0.4026
     195       0.3973
     196       0.3764
     197       0.3731
     198       0.4459
     199       0.3232
     200       0.3454
     201       0.4597
     202       0.4181
     203       0.4236
     204       0.3786
     205       0.4869
     206       0.3369
     207       0.4261
     208       0.3856
     209       0.4323
     210       0.4687
     211       0.5080
     212       0.5546
     213       0.4990
     214       0.4709
     215       0.5356
     216       0.4068
     217       0.4244
     218       0.3553
     219       0.4381
     220       0.4890
     221       0.3800
     222       0.3993
     223       0.3851
     224       0.3364
     225       0.2516
     226       0.2641
     227       0.2936
     228       0.3807
     229       0.3904
     230       0.3148
     231       0.4201
     232       0.3079
     233       0.2787
     234       0.3265
     235       0.3619
     236       0.3534
     237       0.4140
     238       0.3300
     239       0.3630
     240       0.3912
     241       0.2498
     242       0.2902
     243       0.3266
     244       0.2951
     245       0.3179
     246       0.2830
     247       0.2960
     248       0.3721
     249       0.4110
     250       0.3148
     251       0.3760
     252       0.5258
     253       0.4793
     254       0.3805
     255       0.4660
     256       0.3872
     257       0.3076
     258       0.3451
     259       0.2835
     260       0.3035
     261       0.3719
     262       0.3488
     263       0.2322
     264       0.3000
     265       0.3056
     266       0.2842
     267       0.4213
     268       0.3658
     269       0.3505
     270       0.3020
     271       0.2946
     272       0.3940
     273       0.3103
     274       0.3315
     275       0.4153
     276       0.3355
     277       0.3391
     278       0.3137
     279       0.2781
     280       0.3115
     281       0.3706
     282       0.3704
     283       0.3084
     284       0.3026
     285       0.3754
     286       0.3346
     287       0.4518
     288       0.5656
     289       0.5240
     290       0.3013
     291       0.2626
     292       0.3584
     293       0.4092
     294       0.3937
     295       0.4523
     296       0.4519
     297       0.3543
     298       0.3543
     299       0.4052
     300       0.3826
     301       0.2770
     302       0.2924
     303       0.3946
     304       0.3264
     305       0.3305
     306       0.3520
     307       0.3620
     308       0.3579
     309       0.2649
     310       0.2916
     311       0.3149
     312       0.3270
     313       0.2599
     314       0.3058
     315       0.2732
     316       0.2653
     317       0.3087
     318       0.3541
     319       0.3725
     320       0.3033
     321       0.3275
     322       0.3517
     323       0.2591
     324       0.2759
     325       0.3299
     326       0.3072
     327       0.3716
     328       0.3816
     329       0.3519
     330       0.3255
     331       0.3240
     332       0.3655
     333       0.4067
     334       0.2889
     335       0.3617
     336       0.3105
     337       0.3582
     338       0.2983
     339       0.3227
     340       0.3227
     341       0.3689
     342       0.4411
     343       0.3905
     344       0.4511
     345       0.3414
     346       0.3078
     347       0.2407
     348       0.2784
     349       0.2677
     350       0.4513
     351       0.4112
     352       0.3483
     353       0.4101
     354       0.3561
     355       0.3651
     356       0.3491
     357       0.3384
     358       0.3826
     359       0.3695
     360       0.4956
     361       0.4775
     362       0.3863
     363       0.4034
     364       0.5467
     365       0.4910
     366       0.4908
     367       0.5392
     368       0.3247
     369       0.4096
     370       0.4748
     371       0.4219
     372       0.3572
     373       0.4180
     374       0.3802
     375       0.4080
     376       0.4142
     377       0.4008
     378       0.3746
     379       0.4147
     380       0.3803
     381       0.4443
     382       0.4177
     383       0.4077
     384       0.3803
     385       0.3133
     386       0.4150
     387       0.3289
     388       0.3537
     389       0.3781
     390       0.3463
     391       0.4247
     392       0.4075
     393       0.4058
     394       0.4509
     395       0.3247
     396       0.3213
     397       0.4510
     398       0.4452
     399       0.4829
     400       0.4912
     401       0.4668
     402       0.5367
     403       0.4930
     404       0.6084
     405       0.4330
     406       0.5383
     407       0.4260
     408       0.3731
     409       0.5241
     410       0.5512
     411       0.4084
     412       0.3811
     413       0.4087
     414       0.2945
     415       0.3739
     416       0.3353
     417       0.5037
     418       0.5136
     419       0.4750
     420       0.4616
     421       0.4083
     422       0.3891
     423       0.3748
     424       0.3675
     425       0.3178
     426       0.3329
     427       0.3879
     428       0.3397
     429       0.2880
     430       0.2583
     431       0.3740
     432       0.2913
     433       0.3471
     434       0.3926
     435       0.3555
     436       0.3078
     437       0.4015
     438       0.4265
     439       0.4038
     440       0.3276
     441       0.3434
     442       0.3587
     443       0.3073
     444       0.2955
     445       0.4203
     446       0.3786
     447       0.4162
     448       0.3730
     449       0.3889
     450       0.4593
     451       0.4012
     452       0.4528
     453       0.4182
     454       0.4618
     455       0.3451
     456       0.3619
     457       0.3328
     458       0.3407
     459       0.3595
     460       0.3520
     461       0.4239
     462       0.3358
     463       0.3218
     464       0.3150
     465       0.3785
     466       0.3398
     467       0.3784
     468       0.4049
     469       0.4210
     470       0.3055
     471       0.3135
     472       0.2931
     473       0.2910
     474       0.3458
     475       0.3049
     476       0.3017
     477       0.3661
     478       0.3906
     479       0.4066
     480       0.3614
     481       0.3617
     482       0.4094
     483       0.3273
     484       0.3852
     485       0.3627
     486       0.4026
     487       0.4271
     488       0.4202
     489       0.3290
     490       0.4865
     491       0.4553
     492       0.3988
     493       0.4254
     494       0.4202
     495       0.4686
     496       0.4804
     497       0.5500
     498       0.4503
     499       0.4913
     500       0.5114
     501       0.4242
     502       0.4340
     503       0.4813
     504       0.3543
     505       0.3653
     506       0.3768
     507       0.3632
     508       0.2321
     509       0.2775
     510       0.3162
     511       0.3526
     512       0.2583
     513       0.3417
     514       0.3402
     515       0.3947
     516       0.4742
     517       0.4021
     518       0.5321
     519       0.4495
     520       0.4114
     521       0.4678
     522       0.4232
     523       0.4618
     524       0.4751
     525       0.5427
     526       0.4241
     527       0.4753
     528       0.4806
     529       0.4144
     530       0.4381
     531       0.4109
     532       0.4560
     533       0.4737
     534       0.4602
     535       0.4261
     536       0.3936
     537       0.3033
     538       0.4292
     539       0.4830
     540       0.5059
     541       0.4686
     542       0.4567
     543       0.5044
     544       0.4514
     545       0.4285
     546       0.4049
     547       0.4105
     548       0.3514
     549       0.3216
     550       0.2910
     551       0.3275
     552       0.3395
     553       0.4289
     554       0.4291
     555       0.4953
     556       0.4382
     557       0.4286
     558       0.4678
     559       0.4734
     560       0.4701
     561       0.4359
     562       0.3724
     563       0.4767
     564       0.3626
     565       0.3812
     566       0.4679
     567       0.4527
     568       0.5152
     569       0.4276
     570       0.3853
     571       0.3232
     572       0.4286
     573       0.4049
     574       0.4716
     575       0.4459
     576       0.4941
     577       0.4318
     578       0.4069
     579       0.3215
     580       0.3603
     581       0.3524
     582       0.3336
     583       0.3254
     584       0.3674
     585       0.4255
     586       0.4751
     587       0.4416
     588       0.4631
     589       0.4450
     590       0.4382
     591       0.2758
     592       0.3145
     593       0.2957
     594       0.4392
     595       0.3584
     596       0.3932
     597       0.3889
     598       0.4077
     599       0.4666
     600       0.5145
     601       0.3950
     602       0.4143
     603       0.5302
     604       0.3756
     605       0.3590
     606       0.4561
     607       0.3889
     608       0.4708
     609       0.5151
     610       0.3900
     611       0.3641
     612       0.3340
     613       0.2904
     614       0.4182
     615       0.3773
     616       0.2863
     617       0.3513
     618       0.3086
     619       0.3948
     620       0.3952
     621       0.3922
     622       0.3938
     623       0.3989
     624       0.3854
     625       0.4231
     626       0.3529
     627       0.3073
     628       0.3191
     629       0.3804
     630       0.4316
     631       0.4041
     632       0.3791
     633       0.3825
     634       0.4704
     635       0.4174
     636       0.4602
     637       0.4067
     638       0.4503
     639       0.4576
     640       0.4050
     641       0.4846
     642       0.5238
     643       0.4685
     644       0.4523
     645       0.4253
     646       0.4114
     647       0.3361
     648       0.4101
     649       0.4095
     650       0.4180
     651       0.3300
     652       0.3919
     653       0.3269
     654       0.3786
     655       0.3885
     656       0.3807
     657       0.4071
     658       0.4298
     659       0.3916
     660       0.3911
     661       0.3760
     662       0.4185
     663       0.3578
     664       0.4456
     665       0.3878
     666       0.4342
     667       0.3584
     668       0.3557
     669       0.5617
     670       0.3633
     671       0.3445
     672       0.2839
     673       0.3361
     674       0.3760
     675       0.3520
     676       0.3815
     677       0.2984
     678       0.3386
     679       0.3723
     680       0.3875
     681       0.3265
     682       0.3625
     683       0.4023
     684       0.3818
     685       0.4009
     686       0.3964
     687       0.3576
     688       0.3842
     689       0.3344
     690       0.3466
     691       0.4188
     692       0.5044
     693       0.4704
     694       0.5264
     695       0.3907
     696       0.4586
     697       0.4880
     698       0.4729
     699       0.3904
     700       0.4934
     701       0.5295
     702       0.4211
     703       0.3756
     704       0.4582
     705       0.4350
     706       0.4077
     707       0.3290
     708       0.3879
     709       0.3245
     710       0.3209
     711       0.3111
     712       0.3204
     713       0.3426
     714       0.3424
     715       0.4128
     716       0.3703
     717       0.3452
     718       0.3091
     719       0.3519
     720       0.4244
     721       0.2806
     722       0.2592
     723       0.2577
     724       0.2547
     725       0.4208
     726       0.2898
     727       0.3486
     728       0.3569
     729       0.3475
     730       0.3912
     731       0.3803
     732       0.3838
     733       0.4309
     734       0.3799
     735       0.3568
     736       0.3899
     737       0.3853
     738       0.3892
     739       0.3409
     740       0.3595
     741       0.3492
     742       0.3900
     743       0.3362
     744       0.3383
     745       0.3522
     746       0.3271
     747       0.4490
     748       0.3733
     749       0.4032
     750       0.4969
     751       0.5396
     752       0.3581
     753       0.4434
     754       0.3976
     755       0.4531
     756       0.5272
     757       0.5097
     758       0.4204
     759       0.5898
     760       0.6110
     761       0.5928
     762       0.5125
     763       0.5115
     764       0.4798
     765       0.4985
     766       0.5740
     767       0.7493
     768       0.4435
     769       0.5661
     770       0.4570
     771       0.5439
     772       0.5030
     773       0.5748
     774       0.4687
     775       0.4040
     776       0.3578
     777       0.3750
     778       0.4533
     779       0.5693
     780       0.4170
     781       0.5378
     782       0.4403
     783       0.4123
     784       0.3852
     785       0.4631
     786       0.3966
     787       0.3816
     788       0.3039
     789       0.3836
     790       0.4517
     791       0.4452
     792       0.4860
     793       0.5624
     794       0.4627
     795       0.3875
     796       0.5189
     797       0.5394
     798       0.6714
     799       0.7344
     800       0.5229
     801       0.5324
     802       0.6092
     803       0.4872
     804       0.4933
     805       0.4755
     806       0.4053
     807       0.4116
     808       0.4681
     809       0.5117
     810       0.5465
     811       0.5506
     812       0.4848
     813       0.5175
     814       0.5262
     815       0.4508
     816       0.5117
     817       0.5382
     818       0.4479
     819       0.4012
     820       0.4243
     821       0.4035
     822       0.4314
     823       0.5428
     824       0.4893
     825       0.4693
     826       0.4618
     827       0.4759
     828       0.5425
     829       0.5020
     830       0.5102
     831       0.3858
     832       0.4772
     833       0.5035
     834       0.4222
     835       0.4751
     836       0.4061
     837       0.4287
     838       0.3638
     839       0.4403
     840       0.4997
     841       0.3761
     842       0.3651
     843       0.3888
     844       0.3045
     845       0.3770
     846       0.4047
     847       0.4241
     848       0.3801
     849       0.5518
     850       0.4666
     851       0.3522
     852       0.4313
     853       0.3773
     854       0.4297
     855       0.3793
     856       0.4869
     857       0.5094
     858       0.3854
     859       0.3529
     860       0.3531
     861       0.3160
     862       0.4235
     863       0.3450
     864       0.3640
     865       0.3474
     866       0.2918
     867       0.3309
     868       0.3106
     869       0.3039
     870       0.2933
     871       0.2856
     872       0.4404
     873       0.3469
     874       0.5236
     875       0.3853
     876       0.4877
     877       0.3501
     878       0.4153
     879       0.4424
     880       0.4254
     881       0.3969
     882       0.4219
     883       0.4327
     884       0.4025
     885       0.3796
     886       0.4114
     887       0.4819
     888       0.3229
     889       0.4943
     890       0.3127
     891       0.4047
     892       0.3950
     893       0.5041
     894       0.3962
     895       0.4687
     896       0.4486
     897       0.4244
     898       0.4180
     899       0.3489
     900       0.3432
     901       0.4373
     902       0.3850
     903       0.4945
     904       0.4627
     905       0.3402
     906       0.2915
     907       0.3690
     908       0.3423
     909       0.2843
     910       0.2946
     911       0.3467
     912       0.3313
     913       0.3556
     914       0.4145
     915       0.4900
     916       0.4778
     917       0.4505
     918       0.5389
     919       0.3728
     920       0.3785
     921       0.3503
     922       0.4088
     923       0.3854
     924       0.3895
     925       0.3468
     926       0.3258
     927       0.3115
     928       0.3249
     929       0.3499
     930       0.3745
     931       0.5665
     932       0.3606
     933       0.4269
     934       0.3859
     935       0.3712
     936       0.4184
     937       0.4158
     938       0.4913
     939       0.3930
     940       0.4469
     941       0.3956
     942       0.3644
     943       0.3297
     944       0.4074
     945       0.3625
     946       0.4254
     947       0.4354
     948       0.2913
     949       0.3272
     950       0.3483
     951       0.3137
     952       0.4391
     953       0.4295
     954       0.3525
     955       0.3351
     956       0.3790
     957       0.4220
     958       0.3889
     959       0.4343
     960       0.3305
     961       0.3499
     962       0.3219
     963       0.3859
     964       0.4835
     965       0.4956
     966       0.4305
     967       0.4359
     968       0.5031
     969       0.4579
     970       0.4614
     971       0.4353
     972       0.3559
     973       0.5129
     974       0.3899
     975       0.4206
     976       0.5294
     977       0.5255
     978       0.5565
     979       0.5314
     980       0.4666
     981       0.4723
     982       0.4215
     983       0.4720
     984       0.4978
     985       0.4914
     986       0.4572
     987       0.5728
     988       0.3660
     989       0.4425
     990       0.3789
     991       0.5107
     992       0.5030
     993       0.4808
     994       0.4310
     995       0.3780
     996       0.3803
     997       0.4229
     998       0.3377
     999       0.3973
    1000       0.3370
