#Frame        fitcore
       1       0.0000
       2       0.5503
       3       0.6728
       4       0.7314
       5       0.6685
       6       0.7058
       7       0.7464
       8       0.7797
       9       0.8090
      10       0.6733
      11       0.7313
      12       0.7365
      13       0.7476
      14       0.8062
      15       0.7851
      16       0.8409
      17       0.8622
      18       0.8733
      19       0.8277
      20       0.8247
      21       0.8141
      22       0.8723
      23       0.8678
      24       0.8659
      25       0.8351
      26       0.9944
      27       0.9477
      28       0.9373
      29       0.9854
      30       0.8946
      31       0.9622
      32       0.9339
      33       0.9863
      34       0.9454
      35       0.9721
      36       1.0399
      37       1.1344
      38       1.0767
      39       1.0471
      40       1.0057
      41       1.0373
      42       1.0761
      43       1.0009
      44       1.0279
      45       1.0218
      46       1.0193
      47       1.0020
      48       1.0631
      49       1.1494
      50       1.1111
      51       1.0546
      52       1.0551
      53       1.0245
      54       1.0022
      55       0.9447
      56       0.9038
      57       0.9952
      58       0.9542
      59       1.0209
      60       0.9853
      61       1.1516
      62       1.1173
      63       1.0314
      64       1.1070
      65       1.0515
      66       0.9952
      67       1.1130
      68       1.0461
      69       1.1611
      70       1.0976
      71       1.0449
      72       1.1263
      73       1.0050
      74       1.0441
      75       0.9740
      76       0.9009
      77       0.9914
      78       1.0306
      79       1.0399
      80       1.1026
      81       1.0408
      82       1.0148
      83       1.0247
      84       1.0150
      85       0.9871
      86       0.9338
      87       0.9560
      88       0.9954
      89       0.9431
      90       0.9994
      91       0.9638
      92       1.0047
      93       1.0066
      94       0.9562
      95       0.9502
      96       0.9112
      97       1.0253
      98       0.9219
      99       0.8965
     100       0.9231
     101       0.9070
     102       0.9756
     103       0.8965
     104       0.9393
     105       0.8862
     106       0.9083
     107       0.8715
     108       0.9127
     109       0.9232
     110       0.9029
     111       0.9200
     112       0.9248
     113       0.9292
     114       0.9085
     115       1.0128
     116       0.9731
     117       0.9473
     118       0.9952
     119       0.9477
     120       0.9618
     121       0.9810
     122       1.0227
     123       0.9942
     124       0.9737
     125       1.0489
     126       0.9868
     127       0.9794
     128       0.9820
     129       0.9485
     130       0.9499
     131       1.0248
     132       1.0192
     133       1.0233
     134       0.9106
     135       1.0089
     136       1.0237
     137       1.0108
     138       0.9510
     139       0.9647
     140       1.0147
     141       0.9401
     142       0.9881
     143       0.9199
     144       0.9423
     145       0.9881
     146       0.9445
     147       0.9050
     148       0.9829
     149       1.0250
     150       0.9847
     151       0.9548
     152       0.9572
     153       0.9473
     154       1.0098
     155       0.9465
     156       1.0074
     157       1.0062
     158       0.9864
     159       0.9512
     160       0.9879
     161       0.9352
     162       0.9357
     163       0.9094
     164       0.9811
     165       1.0022
     166       1.0345
     167       1.0201
     168       1.0054
     169       1.0226
     170       1.0424
     171       0.9691
     172       0.9630
     173       0.9597
     174       1.0092
     175       0.9527
     176       1.1015
     177       1.0459
     178       1.1113
     179       1.0471
     180       1.0470
     181       1.0266
     182       1.0335
     183       1.0317
     184       1.0648
     185       1.0960
     186       0.9995
     187       1.0102
     188       1.1171
     189       1.0874
     190       1.0379
     191       1.0780
     192       1.0799
     193       1.1339
     194       1.1536
     195       1.1066
     196       1.1069
     197       1.1177
     198       0.9968
     199       1.0038
     200       1.0316
     201       1.0972
     202       1.0469
     203       1.0446
     204       1.0136
     205       1.0405
     206       1.0180
     207       1.1001
     208       1.1030
     209       1.1226
     210       1.0385
     211       1.0343
     212       1.0758
     213       1.0077
     214       1.0241
     215       1.1243
     216       1.1545
     217       1.1727
     218       1.1151
     219       1.1013
     220       1.0647
     221       1.0817
     222       1.0799
     223       1.1453
     224       1.1638
     225       1.0661
     226       1.1537
     227       1.1372
     228       1.0725
     229       1.0926
     230       1.1339
     231       1.0157
     232       0.9962
     233       1.0423
     234       1.0361
     235       1.1133
     236       1.0423
     237       1.1087
     238       1.0397
     239       1.0979
     240       1.1275
     241       1.0340
     242       1.0355
     243       1.0092
     244       1.0343
     245       1.0150
     246       0.9895
     247       1.0343
     248       1.0419
     249       1.0752
     250       1.0581
     251       1.0175
     252       1.1242
     253       1.0849
     254       1.1111
     255       1.0936
     256       1.0471
     257       1.0616
     258       1.0308
     259       1.0046
     260       1.0353
     261       0.9978
     262       1.0368
     263       1.0015
     264       1.0203
     265       0.9520
     266       1.0007
     267       1.0426
     268       1.0727
     269       1.0240
     270       1.0024
     271       1.0081
     272       1.0328
     273       1.0381
     274       1.0679
     275       1.0195
     276       0.9885
     277       1.0009
     278       1.0595
     279       1.0420
     280       1.0145
     281       0.9722
     282       1.0249
     283       1.0225
     284       1.0079
     285       0.9653
     286       1.0451
     287       1.0345
     288       1.0192
     289       1.0084
     290       0.9716
     291       0.9841
     292       1.0080
     293       0.9749
     294       0.9184
     295       0.9683
     296       0.9592
     297       0.9847
     298       0.9496
     299       0.9838
     300       0.9478
     301       0.9955
     302       1.0140
     303       1.0295
     304       0.9440
     305       0.9684
     306       1.0291
     307       1.0627
     308       1.0523
     309       1.1403
     310       1.1132
     311       1.0777
     312       1.1319
     313       1.0634
     314       1.1306
     315       1.0539
     316       1.0736
     317       1.0800
     318       1.0691
     319       1.1339
     320       1.1084
     321       1.0729
     322       1.0912
     323       1.1319
     324       1.1649
     325       1.1941
     326       1.1981
     327       1.1475
     328       1.1778
     329       1.0853
     330       1.0893
     331       1.1306
     332       1.0598
     333       1.1223
     334       1.1306
     335       1.0576
     336       1.0356
     337       1.0402
     338       1.0509
     339       1.0888
     340       1.1209
     341       1.1261
     342       1.1218
     343       1.1100
     344       1.0981
     345       1.0756
     346       1.0374
     347       1.0390
     348       1.0185
     349       1.0570
     350       1.0663
     351       1.1388
     352       1.0376
     353       0.9756
     354       0.9929
     355       1.0207
     356       1.0810
     357       1.0362
     358       1.0469
     359       1.0319
     360       1.0715
     361       0.9889
     362       1.0014
     363       1.0081
     364       0.9775
     365       0.9631
     366       1.0216
     367       0.9502
     368       1.0223
     369       0.9743
     370       0.9941
     371       0.9965
     372       0.9824
     373       0.9777
     374       1.0363
     375       1.0391
     376       0.9781
     377       0.9839
     378       0.9343
     379       0.9756
     380       0.9553
     381       1.0232
     382       1.0289
     383       1.0971
     384       1.0099
     385       1.0250
     386       0.9637
     387       1.0544
     388       1.0989
     389       1.0680
     390       1.1036
     391       0.9796
     392       1.0097
     393       1.0885
     394       1.0548
     395       1.0520
     396       1.0041
     397       1.0115
     398       1.1398
     399       1.0002
     400       0.9663
     401       0.9654
     402       0.9958
     403       1.0384
     404       1.0301
     405       0.9838
     406       1.0435
     407       1.0459
     408       0.9723
     409       1.0135
     410       1.0233
     411       1.0271
     412       1.0069
     413       1.0168
     414       1.0169
     415       1.0332
     416       1.1020
     417       1.1277
     418       1.0395
     419       1.0054
     420       1.0196
     421       1.0361
     422       1.0332
     423       1.0496
     424       1.0014
     425       1.0122
     426       1.0284
     427       0.9088
     428       1.0163
     429       1.0118
     430       0.9889
     431       1.0216
     432       1.0523
     433       1.0314
     434       1.0632
     435       1.0265
     436       1.0112
     437       1.0366
     438       1.0217
     439       1.0025
     440       1.0332
     441       1.0095
     442       1.0345
     443       1.1114
     444       1.0372
     445       1.1019
     446       1.0627
     447       1.1229
     448       1.1208
     449       0.9598
     450       1.0572
     451       1.0866
     452       1.0408
     453       1.0423
     454       1.0425
     455       1.1227
     456       1.0674
     457       1.1000
     458       1.1072
     459       1.1230
     460       1.0721
     461       1.1056
     462       1.1245
     463       1.1962
     464       1.1741
     465       1.1308
     466       1.1907
     467       1.1763
     468       1.1836
     469       1.1667
     470       1.1808
     471       1.1233
     472       1.1841
     473       1.1570
     474       1.1464
     475       1.0909
     476       0.9991
     477       1.0949
     478       1.1472
     479       1.1151
     480       1.0940
     481       1.1419
     482       1.0638
     483       1.0643
     484       1.0278
     485       1.0259
     486       1.0177
     487       1.0753
     488       1.0766
     489       1.0598
     490       1.1186
     491       1.0542
     492       1.1093
     493       1.1753
     494       1.1532
     495       1.1245
     496       1.0851
     497       1.1009
     498       1.0720
     499       1.1042
     500       1.1578
     501       1.0942
     502       1.1123
     503       1.1240
     504       1.0756
     505       1.1544
     506       1.1163
     507       1.0894
     508       1.1252
     509       1.1811
     510       1.1534
     511       1.1090
     512       1.1347
     513       1.1273
     514       1.0792
     515       1.0574
     516       1.0468
     517       0.9989
     518       1.0798
     519       1.1150
     520       1.1025
     521       1.1407
     522       1.1917
     523       1.1272
     524       1.1644
     525       1.1184
     526       1.1286
     527       1.1056
     528       1.1182
     529       1.0999
     530       1.1024
     531       1.0693
     532       1.1166
     533       1.0515
     534       1.0719
     535       1.0018
     536       1.0606
     537       0.9751
     538       1.0375
     539       0.9994
     540       1.0450
     541       1.0214
     542       1.0515
     543       1.0426
     544       1.0344
     545       1.0444
     546       1.0410
     547       1.0184
     548       1.0042
     549       0.9799
     550       1.0315
     551       1.0464
     552       1.1352
     553       1.0164
     554       0.9980
     555       1.0589
     556       1.0546
     557       1.0754
     558       1.1438
     559       1.1216
     560       1.0271
     561       1.0930
     562       1.0611
     563       1.1457
     564       1.0330
     565       1.0755
     566       1.0516
     567       1.0729
     568       1.0906
     569       1.0708
     570       1.0720
     571       1.1066
     572       1.1355
     573       1.1534
     574       1.0917
     575       1.0830
     576       1.0825
     577       1.1191
     578       1.1014
     579       1.0832
     580       1.0704
     581       1.1229
     582       1.1010
     583       1.1533
     584       1.1865
     585       1.1058
     586       1.0418
     587       1.0021
     588       1.0286
     589       1.0308
     590       1.0356
     591       1.0642
     592       1.0946
     593       1.1511
     594       1.1007
     595       1.0165
     596       1.0503
     597       1.0776
     598       1.1459
     599       1.0983
     600       1.0469
     601       1.0257
     602       1.0517
     603       1.0345
     604       1.1378
     605       1.1116
     606       1.0642
     607       1.0734
     608       1.0190
     609       1.0371
     610       1.0875
     611       1.1109
     612       1.0296
     613       1.1191
     614       1.0341
     615       1.0565
     616       1.0107
     617       1.0964
     618       1.0624
     619       1.1406
     620       1.0701
     621       1.1386
     622       1.1577
     623       1.1710
     624       1.1331
     625       1.1050
     626       1.1404
     627       1.0456
     628       1.1523
     629       1.1281
     630       1.0818
     631       1.1317
     632       1.1651
     633       1.1095
     634       1.1241
     635       1.0744
     636       1.1404
     637       1.2146
     638       1.1502
     639       1.2134
     640       1.1408
     641       1.3328
     642       1.2421
     643       1.2032
     644       1.1885
     645       1.0894
     646       1.1402
     647       1.2272
     648       1.2186
     649       1.1668
     650       1.1885
     651       1.1333
     652       1.0223
     653       1.0463
     654       1.1705
     655       1.0937
     656       1.1380
     657       1.1392
     658       1.1364
     659       1.1801
     660       1.1964
     661       1.2315
     662       1.1816
     663       1.1585
     664       1.2986
     665       1.2138
     666       1.1905
     667       1.1268
     668       1.1418
     669       1.1277
     670       1.1801
     671       1.1212
     672       1.1073
     673       1.0855
     674       1.1000
     675       1.1211
     676       1.1385
     677       1.0294
     678       1.0922
     679       1.0696
     680       1.0348
     681       1.0352
     682       1.0792
     683       1.0607
     684       0.9770
     685       1.0637
     686       1.0161
     687       1.0468
     688       1.1239
     689       1.0540
     690       1.1712
     691       1.1313
     692       1.0721
     693       1.0724
     694       1.0312
     695       1.0608
     696       1.0345
     697       1.0476
     698       1.0585
     699       0.9627
     700       1.0906
     701       1.1323
     702       1.1041
     703       1.0820
     704       1.1675
     705       1.1411
     706       1.1507
     707       1.0922
     708       1.0345
     709       1.1037
     710       1.0903
     711       1.0951
     712       1.0633
     713       1.0500
     714       1.1276
     715       1.0687
     716       1.0984
     717       1.1502
     718       1.1170
     719       1.0693
     720       1.1485
     721       1.1009
     722       1.1252
     723       1.0692
     724       1.0806
     725       1.1778
     726       1.0818
     727       1.0517
     728       1.0956
     729       1.0790
     730       1.0977
     731       1.0722
     732       1.0244
     733       1.0355
     734       1.0733
     735       1.0687
     736       1.1470
     737       1.1297
     738       1.0760
     739       1.1865
     740       1.1541
     741       1.1278
     742       1.0843
     743       1.1461
     744       1.0996
     745       1.1157
     746       1.1922
     747       1.1133
     748       1.1665
     749       1.1838
     750       1.1388
     751       1.2192
     752       1.1674
     753       1.1108
     754       1.0334
     755       1.0692
     756       1.0689
     757       1.1857
     758       1.1719
     759       1.1419
     760       1.1504
     761       1.1244
     762       1.0853
     763       1.0375
     764       1.0697
     765       1.0856
     766       1.1136
     767       1.2215
     768       1.1066
     769       1.1104
     770       1.1015
     771       1.0556
     772       1.1250
     773       1.0633
     774       1.0923
     775       1.0458
     776       1.1186
     777       1.1110
     778       1.0471
     779       1.1008
     780       1.0507
     781       1.1176
     782       1.1642
     783       1.0803
     784       1.0457
     785       1.1211
     786       1.1561
     787       1.1435
     788       1.1572
     789       1.1744
     790       1.1372
     791       1.0693
     792       1.0102
     793       1.0517
     794       1.0640
     795       1.0808
     796       1.1073
     797       1.1076
     798       1.1453
     799       1.1469
     800       1.1847
     801       1.2367
     802       1.1885
     803       1.1889
     804       1.1676
     805       1.1137
     806       1.2053
     807       1.1467
     808       1.0962
     809       1.1235
     810       1.1411
     811       1.1470
     812       1.1422
     813       1.0648
     814       1.0939
     815       1.1492
     816       1.1651
     817       1.2042
     818       1.1598
     819       1.1649
     820       1.1730
     821       1.2655
     822       1.3270
     823       1.1926
     824       1.2076
     825       1.2205
     826       1.1437
     827       1.1681
     828       1.1625
     829       1.2601
     830       1.1737
     831       1.2001
     832       1.2736
     833       1.1858
     834       1.2169
     835       1.2793
     836       1.1838
     837       1.1426
     838       1.1119
     839       1.1408
     840       1.1608
     841       1.2002
     842       1.1438
     843       1.1022
     844       1.1302
     845       1.1126
     846       1.1780
     847       1.0665
     848       1.1631
     849       1.1415
     850       1.1977
     851       1.1592
     852       1.2332
     853       1.1571
     854       1.1317
     855       1.1249
     856       1.1533
     857       1.1641
     858       1.1228
     859       1.1436
     860       1.0784
     861       1.1103
     862       1.1830
     863       1.2268
     864       1.2697
     865       1.3020
     866       1.2614
     867       1.2853
     868       1.2786
     869       1.2991
     870       1.2087
     871       1.1918
     872       1.1766
     873       1.1658
     874       1.1013
     875       1.1441
     876       1.1756
     877       1.1815
     878       1.1598
     879       1.2536
     880       1.2012
     881       1.2519
     882       1.1785
     883       1.1196
     884       1.1581
     885       1.0821
     886       1.0446
     887       1.1390
     888       1.1158
     889       1.1400
     890       1.1491
     891       1.1405
     892       1.1775
     893       1.0944
     894       1.1077
     895       1.0885
     896       1.1688
     897       1.1193
     898       1.0363
     899       1.1084
     900       1.0345
     901       1.1017
     902       1.1462
     903       1.1495
     904       1.0695
     905       1.0639
     906       1.0309
     907       1.0655
     908       1.0806
     909       1.0937
     910       1.0228
     911       1.0644
     912       1.1015
     913       1.1303
     914       1.0995
     915       1.0405
     916       1.0855
     917       1.0586
     918       1.0639
     919       0.9990
     920       1.0460
     921       1.0665
     922       1.0619
     923       1.0725
     924       1.0621
     925       1.1046
     926       1.0965
     927       1.0606
     928       1.0736
     929       1.1106
     930       1.1774
     931       1.1665
     932       1.1622
     933       1.1707
     934       1.0910
     935       1.1591
     936       1.0584
     937       1.0875
     938       1.0619
     939       1.0346
     940       1.1201
     941       1.1143
     942       1.0110
     943       1.0615
     944       1.0397
     945       1.0267
     946       0.9700
     947       0.9883
     948       0.9830
     949       1.0903
     950       1.1157
     951       1.0880
     952       1.0932
     953       1.1528
     954       1.0980
     955       1.0405
     956       1.0917
     957       1.0148
     958       1.0362
     959       0.9746
     960       1.0203
     961       1.0033
     962       0.9989
     963       0.9428
     964       1.0814
     965       1.0127
     966       1.1137
     967       1.0859
     968       1.0574
     969       1.0427
     970       1.0599
     971       1.0543
     972       1.0310
     973       1.0600
     974       1.0661
     975       1.0409
     976       1.0505
     977       1.0401
     978       1.0746
     979       1.0248
     980       1.0012
     981       1.0599
     982       0.9682
     983       1.0463
     984       1.0367
     985       1.0247
     986       1.0220
     987       0.9894
     988       0.9467
     989       1.0268
     990       1.0366
     991       1.0151
     992       1.0734
     993       0.9545
     994       0.9998
     995       1.0720
     996       1.0710
     997       1.0608
     998       1.0837
     999       1.0554
    1000       1.0165
