#Res        AtomicFlx
   1.000       2.2333
   2.000       1.2832
   3.000       0.9166
   4.000       0.7873
   5.000       0.6689
   6.000       0.6059
   7.000       0.5157
   8.000       0.4646
   9.000       0.4424
  10.000       0.4535
  11.000       0.4350
  12.000       0.3545
  13.000       0.3418
  14.000       0.4069
  15.000       0.4142
  16.000       0.4378
  17.000       0.4617
  18.000       0.5202
  19.000       0.5357
  20.000       0.5477
  21.000       0.6004
  22.000       0.6828
  23.000       0.7454
  24.000       0.7824
  25.000       0.8554
  26.000       0.7446
  27.000       0.8199
  28.000       0.6759
  29.000       0.6196
  30.000       0.5317
  31.000       0.5129
  32.000       0.4777
  33.000       0.5085
  34.000       0.5382
  35.000       0.6786
  36.000       0.5639
  37.000       0.4757
  38.000       0.4363
  39.000       0.3548
  40.000       0.3267
  41.000       0.3685
  42.000       0.4543
  43.000       0.5128
  44.000       0.6333
  45.000       0.8059
  46.000       0.8639
  47.000       1.1847
  48.000       0.9973
  49.000       0.8361
  50.000       0.8460
  51.000       0.7104
  52.000       0.5796
  53.000       0.5369
  54.000       0.5444
  55.000       0.4468
  56.000       0.4141
  57.000       0.4612
  58.000       0.3981
  59.000       0.4252
  60.000       0.5483
  61.000       0.5811
  62.000       0.5779
  63.000       0.4875
  64.000       0.5670
  65.000       0.4755
  66.000       0.4415
  67.000       0.5341
  68.000       0.5340
  69.000       0.5328
  70.000       0.5811
  71.000       0.6388
  72.000       0.6510
  73.000       0.6321
  74.000       0.6868
  75.000       0.5911
  76.000       0.6763
  77.000       0.6219
  78.000       0.6087
  79.000       0.5789
  80.000       0.6168
  81.000       0.7445
  82.000       0.9643
  83.000       1.0586
  84.000       0.9579
  85.000       0.7667
  86.000       0.6815
  87.000       0.6757
  88.000       0.7469
  89.000       0.7694
  90.000       0.9062
  91.000       1.2809
  92.000       1.1625
  93.000       1.0196
  94.000       0.8349
  95.000       0.7950
  96.000       0.7944
  97.000       0.7905
  98.000       0.8970
  99.000       1.1622
 100.000       1.4265
 101.000       0.9149
 102.000       0.9379
 103.000       1.1995
 104.000       1.1663
 105.000       1.1780
 106.000       1.0432
 107.000       1.1956
 108.000       1.0608
 109.000       0.9366
 110.000       1.0340
 111.000       1.0232
 112.000       0.9650
 113.000       0.9528
 114.000       1.0877
 115.000       1.0705
 116.000       0.9546
 117.000       0.8516
 118.000       0.9970
 119.000       1.0162
 120.000       0.8578
 121.000       0.8534
 122.000       0.9908
 123.000       0.9643
 124.000       0.9240
 125.000       1.0397
 126.000       1.1323
 127.000       0.9710
 128.000       0.9615
 129.000       0.8950
 130.000       1.0176
 131.000       0.8997
 132.000       0.8706
 133.000       0.9244
 134.000       1.0436
 135.000       1.0828
 136.000       1.2967
 137.000       1.1520
 138.000       0.9821
 139.000       1.1455
 140.000       1.1142
 141.000       0.8934
 142.000       0.8441
 143.000       0.9090
 144.000       0.8616
 145.000       0.7835
 146.000       0.7339
 147.000       0.7587
 148.000       0.8540
 149.000       0.8397
 150.000       0.8185
 151.000       0.8951
 152.000       0.9628
 153.000       0.9572
 154.000       0.9238
 155.000       0.9479
 156.000       0.9355
 157.000       0.9308
 158.000       0.9456
 159.000       0.8581
 160.000       0.8103
 161.000       0.8007
 162.000       0.7981
 163.000       0.7682
 164.000       0.7046
 165.000       0.6730
 166.000       0.6972
 167.000       0.6412
 168.000       0.5738
 169.000       0.5347
 170.000       0.5141
 171.000       0.5016
 172.000       0.5009
 173.000       0.6238
 174.000       0.6633
 175.000       0.6922
 176.000       0.7340
 177.000       0.6810
 178.000       0.6771
 179.000       0.6926
 180.000       0.7321
 181.000       0.7498
 182.000       0.6464
 183.000       0.6505
 184.000       0.7313
 185.000       0.6614
 186.000       0.5887
 187.000       0.6636
 188.000       0.6488
 189.000       0.5684
 190.000       0.6398
 191.000       0.7156
 192.000       0.7536
 193.000       0.7340
 194.000       0.7592
 195.000       0.6692
 196.000       0.6728
 197.000       0.8421
 198.000       0.8009
 199.000       0.8037
 200.000       0.7664
 201.000       0.6874
 202.000       0.6860
 203.000       0.5762
 204.000       0.5425
 205.000       0.5224
 206.000       0.4736
 207.000       0.4673
 208.000       0.4955
 209.000       0.5989
 210.000       0.6592
 211.000       0.6095
 212.000       0.4830
 213.000       0.5701
 214.000       0.5883
 215.000       0.5639
 216.000       0.4786
 217.000       0.5549
 218.000       0.6050
 219.000       0.5704
 220.000       0.6263
 221.000       0.7688
 222.000       0.7301
 223.000       0.6836
 224.000       0.8540
 225.000       0.9326
 226.000       0.7567
 227.000       0.6453
 228.000       0.6349
 229.000       0.6184
 230.000       0.6526
 231.000       0.6448
 232.000       0.6002
 233.000       0.5740
 234.000       0.6492
 235.000       0.7050
 236.000       0.6907
 237.000       0.7475
 238.000       0.8368
 239.000       0.9748
 240.000       1.1801
 241.000       1.3603
 242.000       1.0984
 243.000       0.8188
 244.000       0.8097
 245.000       0.7613
 246.000       0.7558
 247.000       0.7158
 248.000       0.8331
 249.000       1.0953
 250.000       1.1768
 251.000       0.9728
 252.000       0.9271
 253.000       0.8576
 254.000       0.8581
 255.000       0.8068
 256.000       0.8371
 257.000       0.7103
 258.000       0.5944
 259.000       0.5001
 260.000       0.4533
 261.000       0.4200
 262.000       0.4597
 263.000       0.5479
 264.000       0.6869
 265.000       0.6549
 266.000       0.4869
 267.000       0.4829
 268.000       0.5499
 269.000       0.5934
 270.000       0.5697
 271.000       0.6630
 272.000       0.6776
 273.000       0.7430
 274.000       0.7980
 275.000       0.8069
 276.000       0.7198
 277.000       0.7562
 278.000       0.8314
 279.000       0.7906
 280.000       0.6427
 281.000       0.6825
 282.000       0.7207
 283.000       0.6390
 284.000       0.5964
 285.000       0.6813
 286.000       0.6572
 287.000       0.5688
 288.000       0.5515
 289.000       0.5480
 290.000       0.5652
 291.000       0.4435
 292.000       0.4110
 293.000       0.4378
 294.000       0.4499
 295.000       0.5087
 296.000       0.5197
 297.000       0.5325
 298.000       0.5764
 299.000       0.6533
 300.000       0.8172
 301.000       0.8909
 302.000       0.7338
 303.000       0.7807
 304.000       0.6985
 305.000       0.8039
 306.000       0.9678
 307.000       0.9636
 308.000       0.8801
 309.000       0.7723
 310.000       0.7546
 311.000       0.7576
 312.000       0.7385
 313.000       0.7210
 314.000       0.6375
 315.000       0.6846
 316.000       0.8327
 317.000       0.8386
 318.000       0.9625
 319.000       1.2271
 320.000       0.8824
 321.000       0.7694
 322.000       0.6060
 323.000       0.6005
 324.000       0.5266
 325.000       0.5022
 326.000       0.5200
 327.000       0.5665
 328.000       0.5805
 329.000       0.7168
 330.000       0.7961
 331.000       0.9663
 332.000       1.0301
 333.000       0.9175
 334.000       0.8386
 335.000       0.8000
 336.000       0.6891
 337.000       0.5508
 338.000       0.5237
 339.000       0.5271
 340.000       0.6904
 341.000       0.5319
 342.000       0.5247
 343.000       0.5106
 344.000       0.6112
 345.000       0.8125
 346.000       0.7776
 347.000       0.6378
 348.000       0.8047
 349.000       0.8802
 350.000       0.7964
 351.000       0.8083
 352.000       0.9613
 353.000       0.9636
 354.000       1.0197
 355.000       0.9293
 356.000       0.9749
 357.000       0.9697
 358.000       0.8037
 359.000       0.7381
 360.000       0.8335
 361.000       0.8168
 362.000       0.6679
 363.000       0.6923
 364.000       0.7854
 365.000       0.7441
 366.000       0.6798
 367.000       0.7512
 368.000       0.8610
 369.000       0.8243
 370.000       0.8421
 371.000       1.0024
 372.000       0.8937
 373.000       0.9676
 374.000       0.8463
 375.000       0.7084
 376.000       0.8079
 377.000       0.8425
 378.000       0.7118
 379.000       0.7614
 380.000       0.6789
 381.000       0.6113
 382.000       0.5737
 383.000       0.5862
 384.000       0.5196
 385.000       0.5168
 386.000       0.4365
 387.000       0.6523
 388.000       0.8428
 389.000       0.8823
 390.000       1.0355
 391.000       0.5667
 392.000       0.6334
 393.000       1.0982
 394.000       0.5075
 395.000       0.3846
 396.000       0.4378
 397.000       0.4397
 398.000       0.5358
 399.000       0.6398
 400.000       0.6279
 401.000       0.6888
 402.000       0.7509
 403.000       0.8299
 404.000       0.7828
 405.000       0.8454
 406.000       1.0104
 407.000       1.1621
 408.000       0.8044
 409.000       0.7914
 410.000       0.8617
 411.000       0.7880
 412.000       0.7080
 413.000       0.7435
 414.000       0.7810
 415.000       0.7107
 416.000       0.7308
 417.000       0.8616
 418.000       0.7462
 419.000       0.6507
 420.000       0.5544
 421.000       0.4930
 422.000       0.4539
 423.000       0.3586
 424.000       0.3470
 425.000       0.4045
 426.000       0.4614
 427.000       0.4695
 428.000       0.5715
 429.000       0.5203
 430.000       0.4333
 431.000       0.4129
 432.000       0.4158
 433.000       0.3702
 434.000       0.3627
 435.000       0.3963
 436.000       0.4197
 437.000       0.3543
 438.000       0.3949
 439.000       0.4966
 440.000       0.4730
 441.000       0.4793
 442.000       0.5031
 443.000       0.5301
 444.000       0.5299
 445.000       0.5424
 446.000       0.5993
 447.000       0.6661
 448.000       0.6724
 449.000       0.6768
 450.000       0.7719
 451.000       0.8568
 452.000       0.9006
 453.000       1.0349
 454.000       0.9861
 455.000       0.9479
 456.000       1.1287
 457.000       1.2246
 458.000       1.3100
 459.000       1.1177
 460.000       0.9245
 461.000       1.1904
 462.000       1.2022
 463.000       1.1496
 464.000       0.8085
 465.000       1.0145
 466.000       1.0558
 467.000       1.0344
 468.000       1.3948
 469.000       1.1812
 470.000       0.9230
 471.000       1.1102
 472.000       1.1593
 473.000       1.0684
 474.000       1.0772
 475.000       1.1580
 476.000       1.4397
 477.000       1.4787
 478.000       1.8394
 479.000       2.0669
 480.000       1.7874
 481.000       1.5205
 482.000       1.5582
 483.000       1.6211
 484.000       1.3207
 485.000       1.3179
 486.000       1.1731
 487.000       0.9474
 488.000       1.0874
 489.000       1.1839
 490.000       0.9966
 491.000       1.0732
 492.000       1.3060
 493.000       1.3714
 494.000       1.4409
 495.000       1.6415
 496.000       1.9291
 497.000       2.0630
 498.000       2.3139
 499.000       2.6107
 500.000       2.9274
 501.000       3.2110
 502.000       3.4890
 503.000       3.8152
 504.000       4.1376
 505.000       4.7671
 506.000       5.1060
 507.000       5.4349
 508.000       6.0162
 509.000       6.7592
 510.000       7.3271
 511.000       7.6935
 512.000       7.2027
 513.000       6.5491
