#Frame        fadcore
       1       0.0000
       2       0.4057
       3       0.5658
       4       0.4011
       5       0.3555
       6       0.4232
       7       0.3814
       8       0.5054
       9       0.4473
      10       0.4233
      11       0.3860
      12       0.4359
      13       0.4874
      14       0.4864
      15       0.5755
      16       0.4559
      17       0.4789
      18       0.4973
      19       0.5296
      20       0.3726
      21       0.4520
      22       0.3716
      23       0.4906
      24       0.5008
      25       0.3911
      26       0.3801
      27       0.4573
      28       0.3951
      29       0.4584
      30       0.5257
      31       0.5902
      32       0.5568
      33       0.6205
      34       0.5009
      35       0.4916
      36       0.4001
      37       0.3615
      38       0.4351
      39       0.4697
      40       0.3823
      41       0.4141
      42       0.4611
      43       0.4270
      44       0.3560
      45       0.3984
      46       0.3399
      47       0.3604
      48       0.4142
      49       0.3659
      50       0.3612
      51       0.3090
      52       0.3386
      53       0.2860
      54       0.3079
      55       0.3821
      56       0.4062
      57       0.3942
      58       0.4092
      59       0.4439
      60       0.4724
      61       0.4933
      62       0.5998
      63       0.6449
      64       0.6201
      65       0.6193
      66       0.5857
      67       0.5395
      68       0.5473
      69       0.3926
      70       0.3883
      71       0.3364
      72       0.2813
      73       0.4738
      74       0.5248
      75       0.4498
      76       0.4875
      77       0.5444
      78       0.4490
      79       0.4821
      80       0.4342
      81       0.3963
      82       0.5429
      83       0.5101
      84       0.5232
      85       0.4493
      86       0.4523
      87       0.4972
      88       0.4846
      89       0.4628
      90       0.4213
      91       0.4398
      92       0.4555
      93       0.3881
      94       0.3514
      95       0.4754
      96       0.5648
      97       0.4471
      98       0.3933
      99       0.4070
     100       0.4042
     101       0.4087
     102       0.3953
     103       0.3989
     104       0.4443
     105       0.3619
     106       0.5240
     107       0.4100
     108       0.4164
     109       0.4840
     110       0.6475
     111       0.4904
     112       0.4549
     113       0.4294
     114       0.4845
     115       0.5305
     116       0.4377
     117       0.4179
     118       0.4877
     119       0.3401
     120       0.3297
     121       0.3672
     122       0.3649
     123       0.3786
     124       0.5300
     125       0.4858
     126       0.3554
     127       0.3642
     128       0.4233
     129       0.3689
     130       0.3780
     131       0.3365
     132       0.3314
     133       0.4426
     134       0.3725
     135       0.3542
     136       0.4877
     137       0.4538
     138       0.3142
     139       0.3414
     140       0.2790
     141       0.3232
     142       0.2338
     143       0.3173
     144       0.3228
     145       0.2918
     146       0.3792
     147       0.3573
     148       0.3952
     149       0.4480
     150       0.3331
     151       0.4058
     152       0.3907
     153       0.5603
     154       0.3030
     155       0.3179
     156       0.4351
     157       0.3263
     158       0.3685
     159       0.2599
     160       0.3440
     161       0.3478
     162       0.3903
     163       0.4295
     164       0.4491
     165       0.4953
     166       0.4351
     167       0.5132
     168       0.5656
     169       0.7099
     170       0.4846
     171       0.4030
     172       0.5386
     173       0.3774
     174       0.3117
     175       0.3621
     176       0.3538
     177       0.5342
     178       0.4713
     179       0.4517
     180       0.4618
     181       0.4522
     182       0.4835
     183       0.4173
     184       0.4672
     185       0.5217
     186       0.4971
     187       0.4133
     188       0.6015
     189       0.4446
     190       0.4791
     191       0.4467
     192       0.3593
     193       0.4308
     194       0.3914
     195       0.3576
     196       0.4565
     197       0.4404
     198       0.5074
     199       0.5011
     200       0.4512
     201       0.4866
     202       0.3626
     203       0.6064
     204       0.4967
     205       0.4196
     206       0.4830
     207       0.3853
     208       0.4129
     209       0.3093
     210       0.4197
     211       0.3478
     212       0.3871
     213       0.4074
     214       0.3082
     215       0.3356
     216       0.4170
     217       0.4033
     218       0.3718
     219       0.3937
     220       0.4781
     221       0.4305
     222       0.4461
     223       0.4326
     224       0.4745
     225       0.4888
     226       0.5874
     227       0.4794
     228       0.4140
     229       0.4101
     230       0.4255
     231       0.4511
     232       0.5199
     233       0.6187
     234       0.5324
     235       0.5640
     236       0.5183
     237       0.6143
     238       0.5111
     239       0.5047
     240       0.6255
     241       0.6774
     242       0.6275
     243       0.7110
     244       0.5428
     245       0.6463
     246       0.5114
     247       0.5974
     248       0.6340
     249       0.4978
     250       0.5189
     251       0.6323
     252       0.7126
     253       0.6383
     254       0.5692
     255       0.6225
     256       0.5695
     257       0.6345
     258       0.5964
     259       0.6314
     260       0.4828
     261       0.4283
     262       0.5829
     263       0.4239
     264       0.5044
     265       0.4804
     266       0.4784
     267       0.4980
     268       0.6689
     269       0.6505
     270       0.5053
     271       0.4741
     272       0.5023
     273       0.4925
     274       0.4126
     275       0.3699
     276       0.3979
     277       0.3931
     278       0.5218
     279       0.6358
     280       0.6300
     281       0.5438
     282       0.5255
     283       0.5667
     284       0.4781
     285       0.5726
     286       0.4470
     287       0.4285
     288       0.3461
     289       0.4031
     290       0.3549
     291       0.4368
     292       0.4306
     293       0.4488
     294       0.4956
     295       0.4735
     296       0.4258
     297       0.5459
     298       0.6017
     299       0.5709
     300       0.5385
     301       0.5332
     302       0.5425
     303       0.5756
     304       0.5956
     305       0.5068
     306       0.5253
     307       0.5857
     308       0.5525
     309       0.5688
     310       0.6415
     311       0.6394
     312       0.5541
     313       0.5804
     314       0.5733
     315       0.5611
     316       0.5234
     317       0.4259
     318       0.4598
     319       0.4740
     320       0.4604
     321       0.5058
     322       0.6201
     323       0.5305
     324       0.4855
     325       0.5174
     326       0.5111
     327       0.5751
     328       0.5262
     329       0.4559
     330       0.4710
     331       0.5067
     332       0.5195
     333       0.5556
     334       0.4852
     335       0.3846
     336       0.3389
     337       0.3926
     338       0.3746
     339       0.3840
     340       0.4910
     341       0.4414
     342       0.4576
     343       0.4021
     344       0.3309
     345       0.3874
     346       0.3847
     347       0.4028
     348       0.4383
     349       0.4660
     350       0.3614
     351       0.5341
     352       0.4542
     353       0.3730
     354       0.4283
     355       0.5022
     356       0.7314
     357       0.4866
     358       0.5147
     359       0.5086
     360       0.4790
     361       0.4482
     362       0.3924
     363       0.4832
     364       0.5127
     365       0.4193
     366       0.5141
     367       0.4196
     368       0.4162
     369       0.4079
     370       0.3264
     371       0.3026
     372       0.4226
     373       0.3816
     374       0.3726
     375       0.3801
     376       0.3590
     377       0.3407
     378       0.5693
     379       0.4215
     380       0.3850
     381       0.6193
     382       0.5447
     383       0.4893
     384       0.4969
     385       0.5574
     386       0.5913
     387       0.6008
     388       0.5423
     389       0.5503
     390       0.6109
     391       0.5280
     392       0.4910
     393       0.6293
     394       0.4980
     395       0.5248
     396       0.4284
     397       0.4332
     398       0.6876
     399       0.5594
     400       0.5383
     401       0.5889
     402       0.6255
     403       0.4998
     404       0.5191
     405       0.4357
     406       0.4675
     407       0.4428
     408       0.4320
     409       0.4221
     410       0.4540
     411       0.4508
     412       0.3871
     413       0.3781
     414       0.4369
     415       0.4226
     416       0.3611
     417       0.4568
     418       0.4287
     419       0.3870
     420       0.3556
     421       0.4271
     422       0.4524
     423       0.5093
     424       0.3603
     425       0.4776
     426       0.4911
     427       0.4279
     428       0.3987
     429       0.4257
     430       0.4893
     431       0.4407
     432       0.5223
     433       0.4771
     434       0.5063
     435       0.4939
     436       0.6933
     437       0.6500
     438       0.4394
     439       0.4604
     440       0.5624
     441       0.4992
     442       0.4965
     443       0.4925
     444       0.3664
     445       0.4644
     446       0.4846
     447       0.5374
     448       0.5495
     449       0.4216
     450       0.4063
     451       0.3118
     452       0.4820
     453       0.5283
     454       0.4578
     455       0.4642
     456       0.3789
     457       0.3986
     458       0.4952
     459       0.4734
     460       0.4012
     461       0.4656
     462       0.4643
     463       0.5329
     464       0.5022
     465       0.3972
     466       0.4361
     467       0.3366
     468       0.4211
     469       0.4155
     470       0.4626
     471       0.4115
     472       0.4802
     473       0.4848
     474       0.4474
     475       0.5824
     476       0.4097
     477       0.4340
     478       0.4457
     479       0.4074
     480       0.4226
     481       0.4763
     482       0.4698
     483       0.4605
     484       0.6113
     485       0.4755
     486       0.2980
     487       0.4138
     488       0.4213
     489       0.4568
     490       0.3869
     491       0.3861
     492       0.3875
     493       0.4426
     494       0.4951
     495       0.4814
     496       0.4679
     497       0.4669
     498       0.4100
     499       0.4360
     500       0.4737
     501       0.4543
     502       0.4946
     503       0.4227
     504       0.4616
     505       0.4554
     506       0.3927
     507       0.3868
     508       0.4106
     509       0.4445
     510       0.5119
     511       0.5426
     512       0.5788
     513       0.4074
     514       0.3498
     515       0.4310
     516       0.4012
     517       0.4530
     518       0.4531
     519       0.4564
     520       0.4754
     521       0.4492
     522       0.5482
     523       0.5844
     524       0.5536
     525       0.4710
     526       0.5608
     527       0.4658
     528       0.5014
     529       0.5146
     530       0.4905
     531       0.5059
     532       0.5012
     533       0.5719
     534       0.5666
     535       0.5798
     536       0.5801
     537       0.6655
     538       0.6819
     539       0.5976
     540       0.7554
     541       0.6206
     542       0.6173
     543       0.5381
     544       0.6111
     545       0.5613
     546       0.6446
     547       0.6695
     548       0.5475
     549       0.5356
     550       0.5333
     551       0.5003
     552       0.5044
     553       0.5010
     554       0.5791
     555       0.5539
     556       0.6641
     557       0.6145
     558       0.5872
     559       0.5771
     560       0.5659
     561       0.6533
     562       0.5976
     563       0.6608
     564       0.5514
     565       0.5869
     566       0.5676
     567       0.6530
     568       0.5455
     569       0.5130
     570       0.5387
     571       0.6266
     572       0.5262
     573       0.5896
     574       0.5203
     575       0.5300
     576       0.3788
     577       0.4216
     578       0.5208
     579       0.4945
     580       0.5152
     581       0.5560
     582       0.6233
     583       0.6125
     584       0.5844
     585       0.5752
     586       0.5466
     587       0.5060
     588       0.6161
     589       0.5912
     590       0.4333
     591       0.5109
     592       0.4591
     593       0.4270
     594       0.4570
     595       0.3599
     596       0.4301
     597       0.4749
     598       0.4914
     599       0.5281
     600       0.4447
     601       0.4128
     602       0.4416
     603       0.4114
     604       0.5141
     605       0.5326
     606       0.5157
     607       0.5584
     608       0.4318
     609       0.5009
     610       0.4617
     611       0.4952
     612       0.6013
     613       0.6211
     614       0.6708
     615       0.6333
     616       0.6030
     617       0.6425
     618       0.6711
     619       0.6286
     620       0.6380
     621       0.6401
     622       0.5730
     623       0.5577
     624       0.6610
     625       0.6629
     626       0.6178
     627       0.6765
     628       0.7694
     629       0.6176
     630       0.6489
     631       0.6290
     632       0.4889
     633       0.5533
     634       0.6123
     635       0.5602
     636       0.6390
     637       0.5996
     638       0.6139
     639       0.5978
     640       0.7236
     641       0.6336
     642       0.6471
     643       0.5927
     644       0.6711
     645       0.6174
     646       0.6001
     647       0.6222
     648       0.6510
     649       0.6246
     650       0.6582
     651       0.6366
     652       0.6469
     653       0.5234
     654       0.6011
     655       0.5261
     656       0.3889
     657       0.3683
     658       0.4572
     659       0.3894
     660       0.4095
     661       0.4177
     662       0.4007
     663       0.4414
     664       0.3597
     665       0.4247
     666       0.3183
     667       0.3611
     668       0.3111
     669       0.3654
     670       0.3704
     671       0.4508
     672       0.3772
     673       0.3251
     674       0.3285
     675       0.3160
     676       0.3840
     677       0.4337
     678       0.4543
     679       0.4568
     680       0.4557
     681       0.3954
     682       0.4037
     683       0.3255
     684       0.3517
     685       0.5577
     686       0.4058
     687       0.4259
     688       0.3792
     689       0.4187
     690       0.4426
     691       0.4717
     692       0.4376
     693       0.5339
     694       0.4044
     695       0.5621
     696       0.5329
     697       0.6391
     698       0.6090
     699       0.5917
     700       0.5174
     701       0.4885
     702       0.4726
     703       0.4600
     704       0.5446
     705       0.4845
     706       0.4768
     707       0.3982
     708       0.5032
     709       0.5042
     710       0.5568
     711       0.5376
     712       0.4149
     713       0.4706
     714       0.5487
     715       0.4882
     716       0.4900
     717       0.4538
     718       0.4112
     719       0.3690
     720       0.4840
     721       0.5127
     722       0.5060
     723       0.3899
     724       0.3643
     725       0.4330
     726       0.4157
     727       0.4015
     728       0.4046
     729       0.4513
     730       0.3856
     731       0.4552
     732       0.4498
     733       0.4728
     734       0.5461
     735       0.6195
     736       0.5390
     737       0.4737
     738       0.5319
     739       0.4992
     740       0.4578
     741       0.4117
     742       0.4681
     743       0.4463
     744       0.4721
     745       0.4965
     746       0.5236
     747       0.4916
     748       0.4269
     749       0.5296
     750       0.5970
     751       0.4534
     752       0.4929
     753       0.5613
     754       0.4036
     755       0.3625
     756       0.5354
     757       0.5793
     758       0.6025
     759       0.6404
     760       0.4878
     761       0.4844
     762       0.5089
     763       0.5373
     764       0.5347
     765       0.4634
     766       0.4568
     767       0.6024
     768       0.5653
     769       0.5931
     770       0.7453
     771       0.5242
     772       0.6454
     773       0.6677
     774       0.6043
     775       0.7751
     776       0.5722
     777       0.6138
     778       0.6123
     779       0.5707
     780       0.5303
     781       0.5368
     782       0.4564
     783       0.4388
     784       0.4858
     785       0.4783
     786       0.5004
     787       0.5503
     788       0.6488
     789       0.6082
     790       0.6662
     791       0.6795
     792       0.6576
     793       0.6461
     794       0.6523
     795       0.7130
     796       0.5343
     797       0.5327
     798       0.4773
     799       0.5114
     800       0.6566
     801       0.4522
     802       0.5721
     803       0.5791
     804       0.4792
     805       0.5077
     806       0.5163
     807       0.5002
     808       0.4416
     809       0.4641
     810       0.4068
     811       0.4804
     812       0.5815
     813       0.5709
     814       0.5372
     815       0.5493
     816       0.5450
     817       0.4796
     818       0.3216
     819       0.4182
     820       0.3068
     821       0.3162
     822       0.3494
     823       0.4314
     824       0.3793
     825       0.3734
     826       0.3846
     827       0.3452
     828       0.4718
     829       0.4079
     830       0.3650
     831       0.4534
     832       0.3898
     833       0.3404
     834       0.4022
     835       0.4101
     836       0.4144
     837       0.3336
     838       0.4417
     839       0.3863
     840       0.3109
     841       0.2724
     842       0.3427
     843       0.3529
     844       0.4644
     845       0.3855
     846       0.2932
     847       0.4172
     848       0.4598
     849       0.4810
     850       0.4816
     851       0.4927
     852       0.3848
     853       0.4194
     854       0.4248
     855       0.4233
     856       0.4823
     857       0.5268
     858       0.4712
     859       0.4966
     860       0.4218
     861       0.4947
     862       0.4877
     863       0.4949
     864       0.5341
     865       0.4337
     866       0.4394
     867       0.4223
     868       0.4090
     869       0.4678
     870       0.5351
     871       0.4620
     872       0.4151
     873       0.5463
     874       0.4544
     875       0.3911
     876       0.4412
     877       0.4257
     878       0.3552
     879       0.4085
     880       0.5516
     881       0.6253
     882       0.5759
     883       0.3885
     884       0.4525
     885       0.4347
     886       0.4227
     887       0.4405
     888       0.4380
     889       0.4805
     890       0.5012
     891       0.5891
     892       0.5131
     893       0.4932
     894       0.4945
     895       0.5662
     896       0.4604
     897       0.4415
     898       0.4598
     899       0.3639
     900       0.4204
     901       0.4046
     902       0.4439
     903       0.4360
     904       0.4640
     905       0.4266
     906       0.4104
     907       0.4046
     908       0.4755
     909       0.5298
     910       0.5808
     911       0.6328
     912       0.5372
     913       0.4998
     914       0.4501
     915       0.4906
     916       0.4291
     917       0.3607
     918       0.3562
     919       0.2884
     920       0.3843
     921       0.3214
     922       0.3689
     923       0.4243
     924       0.4057
     925       0.3982
     926       0.4285
     927       0.3857
     928       0.4144
     929       0.4092
     930       0.3187
     931       0.4525
     932       0.3607
     933       0.3631
     934       0.4062
     935       0.5161
     936       0.3785
     937       0.3569
     938       0.4185
     939       0.3262
     940       0.4696
     941       0.4827
     942       0.3757
     943       0.3447
     944       0.3903
     945       0.3345
     946       0.4006
     947       0.3943
     948       0.4351
     949       0.4909
     950       0.4217
     951       0.3271
     952       0.4290
     953       0.4803
     954       0.5492
     955       0.4655
     956       0.5083
     957       0.5189
     958       0.4803
     959       0.4584
     960       0.4825
     961       0.4959
     962       0.5758
     963       0.5898
     964       0.5663
     965       0.4985
     966       0.5081
     967       0.4836
     968       0.4771
     969       0.5180
     970       0.3704
     971       0.4663
     972       0.4513
     973       0.4085
     974       0.4254
     975       0.4776
     976       0.6100
     977       0.5421
     978       0.5000
     979       0.3782
     980       0.4588
     981       0.5515
     982       0.4122
     983       0.4953
     984       0.4652
     985       0.4195
     986       0.4602
     987       0.4633
     988       0.5167
     989       0.4621
     990       0.4180
     991       0.4267
     992       0.3740
     993       0.4764
     994       0.3860
     995       0.4175
     996       0.4554
     997       0.5987
     998       0.6072
     999       0.7036
    1000       0.7370
