#Frame        fitprot
       1       0.0000
       2       0.6546
       3       0.8434
       4       0.8036
       5       0.8186
       6       0.8295
       7       0.8933
       8       0.8502
       9       0.8624
      10       0.8852
      11       0.9962
      12       1.1042
      13       1.3385
      14       1.4111
      15       1.2982
      16       1.3759
      17       1.5550
      18       1.6307
      19       1.5848
      20       1.5022
      21       1.3720
      22       1.3772
      23       1.2370
      24       1.2943
      25       1.2618
      26       1.3180
      27       1.3920
      28       1.3531
      29       1.4430
      30       1.4362
      31       1.4322
      32       1.4423
      33       1.4343
      34       1.4165
      35       1.1918
      36       1.2306
      37       1.1991
      38       1.2759
      39       1.3371
      40       1.2429
      41       1.2147
      42       1.2318
      43       1.2018
      44       1.2285
      45       1.1838
      46       1.1438
      47       1.1211
      48       1.2393
      49       1.3077
      50       1.2031
      51       1.1669
      52       1.1833
      53       1.3205
      54       1.1716
      55       1.1583
      56       1.1835
      57       1.1444
      58       1.1338
      59       1.1647
      60       1.0999
      61       1.1277
      62       1.1254
      63       1.2964
      64       1.2725
      65       1.2107
      66       1.0864
      67       1.1326
      68       1.1069
      69       1.1606
      70       1.0918
      71       1.1255
      72       1.1131
      73       1.1291
      74       1.1902
      75       1.2666
      76       1.3657
      77       1.4256
      78       1.5029
      79       1.6293
      80       1.6100
      81       1.7561
      82       1.8041
      83       1.7427
      84       1.8278
      85       2.0056
      86       1.8989
      87       1.8725
      88       1.8527
      89       1.6927
      90       1.5352
      91       1.6908
      92       1.6047
      93       1.5751
      94       1.4375
      95       1.5448
      96       1.4863
      97       1.4841
      98       1.4205
      99       1.4613
     100       1.4080
     101       1.4355
     102       1.4870
     103       1.5238
     104       1.5309
     105       1.5542
     106       1.5972
     107       1.5760
     108       1.5556
     109       1.6006
     110       1.4641
     111       1.4268
     112       1.3116
     113       1.2822
     114       1.3722
     115       1.2981
     116       1.3055
     117       1.3867
     118       1.4779
     119       1.3590
     120       1.4893
     121       1.4860
     122       1.4039
     123       1.3384
     124       1.4443
     125       1.4948
     126       1.4899
     127       1.4628
     128       1.6664
     129       1.5739
     130       1.6218
     131       1.6060
     132       1.5364
     133       1.5873
     134       1.5951
     135       1.6021
     136       1.6528
     137       1.6009
     138       1.6423
     139       1.6993
     140       1.5744
     141       1.6526
     142       1.7159
     143       1.6805
     144       1.7269
     145       1.6655
     146       1.7483
     147       1.5495
     148       1.3010
     149       1.4614
     150       1.5337
     151       1.5848
     152       1.6610
     153       1.7158
     154       1.7859
     155       1.5651
     156       1.5773
     157       1.5958
     158       1.6297
     159       1.5735
     160       1.6023
     161       1.7403
     162       1.8167
     163       1.7019
     164       1.5614
     165       1.6147
     166       1.7199
     167       1.7380
     168       1.6698
     169       1.7813
     170       1.7077
     171       1.6954
     172       1.8057
     173       1.7609
     174       1.8377
     175       1.8656
     176       1.9193
     177       2.0572
     178       2.0709
     179       1.9352
     180       1.8227
     181       1.8019
     182       1.9046
     183       1.8423
     184       1.8931
     185       1.7913
     186       1.7977
     187       1.9270
     188       2.0691
     189       2.0431
     190       2.0379
     191       2.0132
     192       2.0924
     193       1.9741
     194       2.0343
     195       2.0259
     196       1.9413
     197       2.1485
     198       2.0977
     199       2.0071
     200       2.0728
     201       2.0474
     202       2.1360
     203       2.1623
     204       2.1625
     205       2.2506
     206       2.2019
     207       2.2474
     208       2.2324
     209       2.3187
     210       2.1952
     211       2.2188
     212       2.2680
     213       2.2388
     214       2.3196
     215       2.5034
     216       2.5580
     217       2.5669
     218       2.4413
     219       2.4696
     220       2.3083
     221       2.6410
     222       2.5815
     223       2.6604
     224       2.7557
     225       2.8456
     226       2.8173
     227       2.7642
     228       2.6959
     229       2.7355
     230       2.7622
     231       2.5820
     232       2.4532
     233       2.3622
     234       2.4392
     235       2.2960
     236       2.3181
     237       2.5757
     238       2.5372
     239       2.4509
     240       2.6091
     241       2.7675
     242       2.8375
     243       2.7735
     244       2.7571
     245       2.8662
     246       2.7117
     247       2.8275
     248       2.9329
     249       2.8894
     250       2.8407
     251       2.9910
     252       3.0649
     253       2.9544
     254       3.0137
     255       3.0463
     256       2.9712
     257       2.8505
     258       3.0316
     259       3.0628
     260       3.0268
     261       2.9419
     262       2.9532
     263       2.8008
     264       2.7960
     265       2.8095
     266       2.7663
     267       2.7657
     268       2.5945
     269       2.8582
     270       2.8095
     271       2.9780
     272       3.1299
     273       3.1176
     274       3.0050
     275       2.8867
     276       3.1021
     277       3.1590
     278       3.1829
     279       3.3077
     280       3.3513
     281       3.3242
     282       3.4062
     283       3.3631
     284       3.4804
     285       3.4386
     286       3.2114
     287       3.0669
     288       2.9148
     289       2.9461
     290       3.0778
     291       2.7849
     292       2.8349
     293       2.7759
     294       2.8194
     295       2.9756
     296       2.9416
     297       3.0206
     298       3.0136
     299       3.2837
     300       3.3090
     301       3.3455
     302       3.3627
     303       3.3604
     304       3.3804
     305       3.2857
     306       3.5358
     307       3.4253
     308       3.5534
     309       3.5139
     310       3.5189
     311       3.4055
     312       3.4203
     313       3.4498
     314       3.2543
     315       3.0402
     316       2.9759
     317       2.9436
     318       2.9579
     319       3.0021
     320       2.9966
     321       2.9113
     322       2.7927
     323       2.8451
     324       3.0620
     325       3.0842
     326       2.7860
     327       2.8937
     328       2.9291
     329       2.8373
     330       3.0295
     331       2.9791
     332       3.2137
     333       3.1138
     334       3.1191
     335       3.0732
     336       3.1662
     337       3.1378
     338       3.1692
     339       2.9963
     340       3.0793
     341       3.0372
     342       3.1083
     343       3.0957
     344       3.0993
     345       3.0113
     346       2.9101
     347       2.7455
     348       2.8072
     349       2.8719
     350       3.0123
     351       3.1549
     352       3.3520
     353       3.4594
     354       3.3389
     355       3.2709
     356       3.2264
     357       3.1707
     358       3.2103
     359       3.2154
     360       3.1748
     361       3.2486
     362       3.3682
     363       3.3302
     364       3.2306
     365       3.2803
     366       3.3292
     367       3.2243
     368       3.3589
     369       3.3922
     370       3.2734
     371       3.2130
     372       3.2206
     373       3.3028
     374       3.3296
     375       3.1401
     376       3.1276
     377       3.3146
     378       3.2737
     379       3.3183
     380       3.3051
     381       3.4974
     382       3.3347
     383       3.3016
     384       3.2040
     385       3.2877
     386       3.3827
     387       3.3124
     388       3.2136
     389       3.3327
     390       3.2715
     391       3.1530
     392       3.0971
     393       3.1671
     394       3.1431
     395       2.8743
     396       2.9339
     397       2.9344
     398       3.0302
     399       3.0067
     400       3.0743
     401       3.0320
     402       3.0259
     403       3.0520
     404       2.9852
     405       2.9807
     406       3.2588
     407       3.1303
     408       3.1674
     409       2.9836
     410       3.0655
     411       2.9183
     412       2.9644
     413       2.9134
     414       2.9240
     415       2.9206
     416       2.8586
     417       2.8966
     418       2.9876
     419       2.9908
     420       2.9339
     421       3.0831
     422       3.0974
     423       3.1042
     424       3.1279
     425       3.2064
     426       3.2373
     427       3.1119
     428       3.0425
     429       3.0576
     430       3.0083
     431       3.1566
     432       3.1681
     433       3.2807
     434       3.2659
     435       3.3049
     436       3.2703
     437       3.2511
     438       3.1502
     439       3.1840
     440       3.3191
     441       3.3217
     442       3.1557
     443       2.9917
     444       3.2183
     445       3.2035
     446       3.1260
     447       3.1844
     448       3.1085
     449       3.1389
     450       3.0577
     451       3.0113
     452       2.9508
     453       2.9641
     454       3.2648
     455       3.1715
     456       3.0220
     457       2.9520
     458       3.0672
     459       2.9899
     460       3.0372
     461       3.0630
     462       3.1091
     463       3.0856
     464       3.1816
     465       3.1048
     466       3.0818
     467       3.1676
     468       3.1631
     469       3.1308
     470       3.2368
     471       3.0574
     472       2.8566
     473       2.7529
     474       2.8912
     475       2.9634
     476       2.8374
     477       2.6129
     478       2.6491
     479       2.8369
     480       2.8757
     481       2.7840
     482       3.0502
     483       3.1945
     484       3.2620
     485       3.4145
     486       3.5414
     487       3.5993
     488       3.7456
     489       3.6975
     490       3.6670
     491       3.8442
     492       3.8634
     493       3.7794
     494       3.8359
     495       3.9218
     496       3.9089
     497       3.8728
     498       3.8741
     499       3.7261
     500       3.8895
     501       3.7707
     502       3.6746
     503       3.6223
     504       3.6453
     505       3.8261
     506       3.8182
     507       3.8456
     508       3.9963
     509       3.9655
     510       3.9789
     511       4.0671
     512       3.9826
     513       3.8730
     514       3.8130
     515       3.6513
     516       3.8533
     517       3.7107
     518       3.7545
     519       3.8105
     520       3.8966
     521       3.9378
     522       3.7486
     523       3.7647
     524       3.8207
     525       3.9226
     526       3.9683
     527       3.9851
     528       4.0236
     529       3.9056
     530       3.8432
     531       3.9310
     532       4.0230
     533       3.9629
     534       3.9404
     535       4.1067
     536       4.0064
     537       3.8601
     538       3.5891
     539       3.6030
     540       3.6326
     541       3.6122
     542       3.6317
     543       3.5740
     544       3.6876
     545       3.7018
     546       3.9220
     547       4.0596
     548       4.0545
     549       3.9129
     550       3.7367
     551       3.4824
     552       3.3930
     553       3.4369
     554       3.4159
     555       3.5928
     556       3.5467
     557       3.3968
     558       3.4252
     559       3.5556
     560       3.6823
     561       3.6512
     562       3.8221
     563       3.8388
     564       3.6635
     565       3.8083
     566       3.7612
     567       3.8721
     568       3.9469
     569       3.7944
     570       3.7687
     571       3.9048
     572       3.9459
     573       3.9225
     574       3.8525
     575       3.8740
     576       3.8508
     577       3.6993
     578       3.6584
     579       3.6910
     580       3.5982
     581       3.6872
     582       3.6648
     583       3.7712
     584       3.9244
     585       4.0694
     586       4.0979
     587       3.9962
     588       4.1429
     589       4.1830
     590       4.3201
     591       4.2411
     592       4.1782
     593       4.2557
     594       4.2909
     595       4.0803
     596       4.0676
     597       4.1617
     598       4.3258
     599       4.3039
     600       4.3323
     601       4.3169
     602       4.2819
     603       4.1737
     604       4.1386
     605       3.8977
     606       3.9208
     607       4.0452
     608       3.9925
     609       3.8872
     610       3.8052
     611       3.8027
     612       3.8627
     613       3.9034
     614       3.9168
     615       3.7116
     616       3.8965
     617       4.0984
     618       4.0888
     619       4.1759
     620       4.2589
     621       4.1473
     622       4.1212
     623       4.1640
     624       4.1008
     625       4.1941
     626       4.2972
     627       4.3983
     628       4.3394
     629       4.3091
     630       4.2713
     631       4.0682
     632       3.9201
     633       3.8458
     634       3.7432
     635       3.7988
     636       3.7647
     637       3.6977
     638       3.6211
     639       3.4773
     640       3.3836
     641       3.4424
     642       3.6541
     643       3.5227
     644       3.5174
     645       3.7036
     646       3.7482
     647       3.6454
     648       3.7321
     649       3.8430
     650       3.9248
     651       3.8289
     652       3.8748
     653       3.7861
     654       3.8891
     655       3.8838
     656       3.8324
     657       3.8032
     658       3.9951
     659       3.7439
     660       3.8460
     661       4.1201
     662       4.1575
     663       4.2051
     664       4.1866
     665       4.3991
     666       4.2326
     667       4.1125
     668       4.0667
     669       4.0995
     670       3.9861
     671       3.9264
     672       3.7793
     673       3.8772
     674       3.7362
     675       3.7624
     676       3.6941
     677       3.6630
     678       3.6176
     679       3.5864
     680       3.7029
     681       3.6691
     682       3.9037
     683       3.8155
     684       3.7703
     685       3.7695
     686       3.7748
     687       3.6629
     688       3.6730
     689       3.7273
     690       3.5705
     691       3.5683
     692       3.6643
     693       3.8735
     694       3.8419
     695       3.9107
     696       3.9397
     697       3.9553
     698       3.9429
     699       4.1023
     700       4.1096
     701       4.0596
     702       4.0186
     703       4.1631
     704       4.1468
     705       3.8428
     706       3.7370
     707       3.7406
     708       3.6619
     709       3.5172
     710       3.5188
     711       3.5196
     712       3.5803
     713       3.7556
     714       3.6514
     715       3.6328
     716       3.6603
     717       3.7866
     718       3.7209
     719       3.6697
     720       3.8389
     721       3.7890
     722       3.7867
     723       3.6520
     724       3.6616
     725       3.8082
     726       3.6793
     727       3.7105
     728       3.5453
     729       3.5612
     730       3.2705
     731       3.2431
     732       3.1751
     733       3.3574
     734       3.2349
     735       3.1209
     736       3.0867
     737       3.0586
     738       3.0242
     739       2.9849
     740       2.9695
     741       2.8337
     742       2.7949
     743       2.6696
     744       2.7082
     745       2.7874
     746       2.7595
     747       3.0176
     748       3.0404
     749       2.9258
     750       2.9878
     751       3.1898
     752       3.1069
     753       3.0746
     754       3.1187
     755       3.0739
     756       3.1114
     757       3.1493
     758       3.2782
     759       3.3645
     760       3.2786
     761       3.0640
     762       3.1625
     763       2.8741
     764       2.8806
     765       2.9487
     766       3.0258
     767       2.9223
     768       2.9881
     769       2.9710
     770       2.6782
     771       2.7115
     772       2.6500
     773       2.7416
     774       2.9493
     775       2.7810
     776       2.8079
     777       2.7532
     778       2.8276
     779       2.7490
     780       2.7608
     781       2.8353
     782       2.8209
     783       2.8901
     784       3.0156
     785       3.1340
     786       3.1348
     787       3.0903
     788       3.1329
     789       3.1238
     790       2.9490
     791       3.0816
     792       3.0121
     793       2.9080
     794       3.0009
     795       3.0318
     796       3.0729
     797       3.0836
     798       3.0434
     799       2.8919
     800       2.9438
     801       2.9085
     802       2.7254
     803       2.6768
     804       2.7922
     805       2.6709
     806       2.6129
     807       2.6999
     808       2.6892
     809       2.7077
     810       2.7695
     811       2.9663
     812       2.9342
     813       2.9291
     814       2.8758
     815       2.8802
     816       2.8603
     817       2.8889
     818       3.0799
     819       3.2202
     820       3.2564
     821       3.3289
     822       3.4098
     823       3.3946
     824       3.2700
     825       3.2911
     826       3.3637
     827       3.3893
     828       3.4760
     829       3.3836
     830       3.5024
     831       3.3441
     832       3.1701
     833       3.1662
     834       3.0954
     835       3.0231
     836       3.1007
     837       3.1271
     838       3.0850
     839       3.1965
     840       3.1447
     841       3.1725
     842       3.1546
     843       2.9452
     844       2.9948
     845       2.9138
     846       3.0001
     847       2.8254
     848       2.6824
     849       2.6995
     850       2.8781
     851       2.8897
     852       2.8035
     853       2.8020
     854       2.8930
     855       2.7432
     856       2.6175
     857       2.7557
     858       2.7088
     859       2.7229
     860       2.8982
     861       2.7873
     862       2.9291
     863       3.0532
     864       3.0980
     865       3.1154
     866       3.0491
     867       3.0645
     868       3.0719
     869       3.2780
     870       3.1937
     871       3.1526
     872       3.1884
     873       3.2220
     874       3.5068
     875       3.5280
     876       3.5440
     877       3.4860
     878       3.6744
     879       3.5800
     880       3.5642
     881       3.6096
     882       3.5421
     883       3.7168
     884       3.6437
     885       3.7379
     886       3.7247
     887       3.7355
     888       3.7759
     889       3.7611
     890       3.5848
     891       3.5115
     892       3.8106
     893       3.8156
     894       3.9736
     895       3.9643
     896       3.8524
     897       3.7728
     898       3.8087
     899       3.8440
     900       3.9212
     901       3.9383
     902       3.9554
     903       3.8580
     904       3.9508
     905       4.0612
     906       4.0084
     907       3.9565
     908       3.7964
     909       3.7807
     910       3.8136
     911       3.7089
     912       3.7421
     913       3.8566
     914       4.0315
     915       4.1365
     916       4.2287
     917       4.2477
     918       4.1910
     919       4.0365
     920       3.8965
     921       3.7475
     922       3.7500
     923       3.8253
     924       3.7740
     925       3.6919
     926       3.7057
     927       3.8260
     928       3.7841
     929       3.8681
     930       3.9897
     931       3.9919
     932       3.8828
     933       3.9004
     934       3.9407
     935       3.8407
     936       3.9037
     937       3.8718
     938       3.8533
     939       3.7473
     940       3.6334
     941       3.5836
     942       3.4426
     943       3.3373
     944       3.2989
     945       3.3060
     946       3.1630
     947       3.1882
     948       3.1355
     949       3.1233
     950       2.9790
     951       3.0235
     952       2.9794
     953       2.9947
     954       2.9351
     955       3.0658
     956       3.0252
     957       3.0065
     958       3.1493
     959       3.2154
     960       3.2047
     961       3.2902
     962       3.3314
     963       3.3570
     964       3.2529
     965       3.1983
     966       3.2639
     967       3.1942
     968       3.3209
     969       3.2442
     970       3.2423
     971       3.2363
     972       3.2685
     973       3.1935
     974       3.0815
     975       3.0705
     976       3.0323
     977       2.9250
     978       3.0233
     979       3.0847
     980       3.1016
     981       3.0673
     982       2.9758
     983       3.1324
     984       3.2714
     985       3.1051
     986       3.0360
     987       3.2182
     988       3.2003
     989       3.1428
     990       3.1004
     991       3.1929
     992       3.1792
     993       3.1195
     994       3.0592
     995       3.1385
     996       2.9696
     997       2.9923
     998       2.8299
     999       2.9864
    1000       2.9200
