#Res        AtomicFlx
   1.000       2.4070
   2.000       1.2975
   3.000       0.9070
   4.000       0.7553
   5.000       0.6216
   6.000       0.6597
   7.000       0.5156
   8.000       0.4889
   9.000       0.4949
  10.000       0.5432
  11.000       0.4677
  12.000       0.3880
  13.000       0.3409
  14.000       0.4301
  15.000       0.5185
  16.000       0.5241
  17.000       0.4986
  18.000       0.6022
  19.000       0.6957
  20.000       0.6900
  21.000       0.6905
  22.000       0.8355
  23.000       0.9298
  24.000       0.9465
  25.000       1.0313
  26.000       0.8501
  27.000       0.8847
  28.000       0.7022
  29.000       0.7060
  30.000       0.6474
  31.000       0.6460
  32.000       0.6158
  33.000       0.6758
  34.000       0.7022
  35.000       0.8450
  36.000       0.7549
  37.000       0.6354
  38.000       0.5276
  39.000       0.4231
  40.000       0.3363
  41.000       0.3853
  42.000       0.5676
  43.000       0.5993
  44.000       0.7170
  45.000       0.9710
  46.000       1.1010
  47.000       1.4435
  48.000       1.3062
  49.000       0.9589
  50.000       0.9344
  51.000       0.7745
  52.000       0.6019
  53.000       0.5248
  54.000       0.5130
  55.000       0.4451
  56.000       0.4346
  57.000       0.5120
  58.000       0.4249
  59.000       0.5385
  60.000       0.6569
  61.000       0.7711
  62.000       0.8997
  63.000       0.6972
  64.000       0.7987
  65.000       0.7224
  66.000       0.6138
  67.000       0.7613
  68.000       0.8330
  69.000       0.7633
  70.000       0.7783
  71.000       0.9368
  72.000       0.9440
  73.000       0.9210
  74.000       1.0451
  75.000       0.8613
  76.000       0.8603
  77.000       0.7726
  78.000       0.7875
  79.000       0.7872
  80.000       0.7612
  81.000       1.1709
  82.000       1.0932
  83.000       1.0156
  84.000       0.8225
  85.000       0.7933
  86.000       0.7393
  87.000       0.7679
  88.000       0.8262
  89.000       0.8445
  90.000       1.0186
  91.000       1.3342
  92.000       1.2728
  93.000       1.2056
  94.000       1.0387
  95.000       1.0299
  96.000       0.9656
  97.000       0.9989
  98.000       1.0202
  99.000       1.3960
 100.000       1.1315
 101.000       0.9757
 102.000       0.9955
 103.000       1.2476
 104.000       1.4135
 105.000       1.5237
 106.000       1.4746
 107.000       1.5555
 108.000       1.5491
 109.000       1.5061
 110.000       1.5319
 111.000       1.4944
 112.000       1.3127
 113.000       1.3537
 114.000       1.3136
 115.000       1.1636
 116.000       1.1495
 117.000       1.1621
 118.000       1.1831
 119.000       1.1407
 120.000       1.1676
 121.000       1.1944
 122.000       1.2229
 123.000       1.1516
 124.000       1.0738
 125.000       1.2195
 126.000       1.1585
 127.000       1.0072
 128.000       1.0536
 129.000       1.1400
 130.000       1.1576
 131.000       0.9468
 132.000       0.9297
 133.000       0.9178
 134.000       1.0036
 135.000       1.0942
 136.000       1.3321
 137.000       1.2229
 138.000       1.0049
 139.000       1.1487
 140.000       1.2234
 141.000       1.0405
 142.000       0.9240
 143.000       1.0467
 144.000       1.1088
 145.000       1.0104
 146.000       0.9497
 147.000       1.0228
 148.000       1.1508
 149.000       1.1052
 150.000       1.0541
 151.000       1.1693
 152.000       1.2681
 153.000       1.2302
 154.000       1.3002
 155.000       1.4399
 156.000       1.3704
 157.000       1.3705
 158.000       1.4715
 159.000       1.2549
 160.000       1.1666
 161.000       1.1801
 162.000       1.1530
 163.000       1.0238
 164.000       0.9727
 165.000       0.9378
 166.000       0.8738
 167.000       0.7892
 168.000       0.7509
 169.000       0.6667
 170.000       0.6492
 171.000       0.6186
 172.000       0.6175
 173.000       0.7696
 174.000       0.8829
 175.000       0.9068
 176.000       0.9700
 177.000       0.9173
 178.000       0.8208
 179.000       0.8657
 180.000       0.9305
 181.000       0.8745
 182.000       0.7982
 183.000       0.7737
 184.000       0.8430
 185.000       0.8128
 186.000       0.6926
 187.000       0.7211
 188.000       0.8569
 189.000       0.6957
 190.000       0.6817
 191.000       0.8739
 192.000       0.9105
 193.000       0.9096
 194.000       0.9324
 195.000       0.7714
 196.000       0.6677
 197.000       0.7225
 198.000       0.7331
 199.000       0.6777
 200.000       0.8630
 201.000       0.8527
 202.000       0.7220
 203.000       0.6133
 204.000       0.5793
 205.000       0.6928
 206.000       0.6266
 207.000       0.5737
 208.000       0.6032
 209.000       0.7354
 210.000       0.8181
 211.000       0.7365
 212.000       0.5170
 213.000       0.8701
 214.000       0.9044
 215.000       0.7739
 216.000       0.6931
 217.000       0.8163
 218.000       0.8920
 219.000       0.8125
 220.000       0.8717
 221.000       1.0606
 222.000       1.0430
 223.000       0.9196
 224.000       1.0858
 225.000       1.1439
 226.000       0.9698
 227.000       0.8317
 228.000       0.8595
 229.000       0.8261
 230.000       0.8737
 231.000       0.8514
 232.000       0.7609
 233.000       0.6989
 234.000       0.7565
 235.000       0.7762
 236.000       0.6774
 237.000       0.6815
 238.000       0.6409
 239.000       0.7322
 240.000       0.8082
 241.000       0.9495
 242.000       0.8449
 243.000       0.7072
 244.000       0.7497
 245.000       0.7425
 246.000       0.8116
 247.000       0.8088
 248.000       0.8939
 249.000       1.0094
 250.000       1.2293
 251.000       1.0999
 252.000       1.0336
 253.000       0.8659
 254.000       0.8352
 255.000       0.7142
 256.000       0.6637
 257.000       0.5592
 258.000       0.4867
 259.000       0.4308
 260.000       0.4145
 261.000       0.3863
 262.000       0.4640
 263.000       0.5222
 264.000       0.6569
 265.000       0.7255
 266.000       0.5596
 267.000       0.5066
 268.000       0.6122
 269.000       0.6877
 270.000       0.6533
 271.000       0.7643
 272.000       0.6972
 273.000       0.7418
 274.000       0.7505
 275.000       0.8531
 276.000       0.7441
 277.000       0.7624
 278.000       0.8798
 279.000       0.8236
 280.000       0.6307
 281.000       0.7100
 282.000       0.8015
 283.000       0.6998
 284.000       0.6322
 285.000       0.8276
 286.000       0.8965
 287.000       0.7409
 288.000       0.6846
 289.000       0.5770
 290.000       0.5824
 291.000       0.5788
 292.000       0.5179
 293.000       0.5345
 294.000       0.4362
 295.000       0.4420
 296.000       0.5450
 297.000       0.5749
 298.000       0.6340
 299.000       0.6569
 300.000       0.8060
 301.000       0.8062
 302.000       0.7049
 303.000       0.7659
 304.000       0.6646
 305.000       0.8169
 306.000       1.0642
 307.000       0.9582
 308.000       0.8865
 309.000       0.7360
 310.000       0.6954
 311.000       0.6727
 312.000       0.7811
 313.000       0.8213
 314.000       0.7158
 315.000       0.7577
 316.000       0.8039
 317.000       1.1548
 318.000       1.6789
 319.000       1.2441
 320.000       0.9525
 321.000       0.8516
 322.000       0.6918
 323.000       0.6668
 324.000       0.5302
 325.000       0.4665
 326.000       0.4926
 327.000       0.5852
 328.000       0.7698
 329.000       1.0896
 330.000       1.5311
 331.000       1.9510
 332.000       1.7054
 333.000       1.2770
 334.000       1.1060
 335.000       1.0397
 336.000       0.7205
 337.000       0.5422
 338.000       0.4880
 339.000       0.4672
 340.000       0.4937
 341.000       0.5959
 342.000       0.7261
 343.000       0.7155
 344.000       0.7952
 345.000       0.9965
 346.000       1.1039
 347.000       0.8772
 348.000       1.0993
 349.000       1.5426
 350.000       1.1062
 351.000       1.0638
 352.000       1.5497
 353.000       1.3389
 354.000       1.2849
 355.000       1.0690
 356.000       1.0890
 357.000       1.0637
 358.000       0.7881
 359.000       0.7524
 360.000       0.8667
 361.000       0.8461
 362.000       0.6591
 363.000       0.7052
 364.000       0.7953
 365.000       0.7282
 366.000       0.6818
 367.000       0.7743
 368.000       0.8654
 369.000       0.7897
 370.000       0.8339
 371.000       0.9675
 372.000       0.9354
 373.000       1.0153
 374.000       0.8429
 375.000       0.7086
 376.000       0.8476
 377.000       0.9163
 378.000       0.7712
 379.000       0.8107
 380.000       0.7973
 381.000       0.6530
 382.000       0.5811
 383.000       0.5469
 384.000       0.5455
 385.000       0.6219
 386.000       0.6015
 387.000       1.0403
 388.000       1.1514
 389.000       0.8850
 390.000       1.0709
 391.000       0.6068
 392.000       0.5489
 393.000       0.7891
 394.000       0.5934
 395.000       0.4562
 396.000       0.4571
 397.000       0.4594
 398.000       0.5499
 399.000       0.7181
 400.000       0.7301
 401.000       0.8264
 402.000       0.9092
 403.000       0.9457
 404.000       0.7639
 405.000       0.7838
 406.000       0.8680
 407.000       0.8240
 408.000       0.7593
 409.000       0.7830
 410.000       0.7571
 411.000       0.6982
 412.000       0.6726
 413.000       0.7001
 414.000       0.6288
 415.000       0.5387
 416.000       0.5817
 417.000       0.6869
 418.000       0.6141
 419.000       0.4894
 420.000       0.4081
 421.000       0.3976
 422.000       0.3935
 423.000       0.3387
 424.000       0.3214
 425.000       0.3800
 426.000       0.4101
 427.000       0.4348
 428.000       0.5954
 429.000       0.5503
 430.000       0.5110
 431.000       0.4262
 432.000       0.4635
 433.000       0.3882
 434.000       0.3658
 435.000       0.4525
 436.000       0.4146
 437.000       0.3395
 438.000       0.4261
 439.000       0.4674
 440.000       0.4215
 441.000       0.4459
 442.000       0.5344
 443.000       0.5107
 444.000       0.4525
 445.000       0.5249
 446.000       0.6060
 447.000       0.5721
 448.000       0.5689
 449.000       0.7073
 450.000       0.7790
 451.000       0.7821
 452.000       0.8966
 453.000       1.0751
 454.000       1.0278
 455.000       0.9560
 456.000       1.1108
 457.000       1.1383
 458.000       1.2594
 459.000       1.1363
 460.000       0.9339
 461.000       1.2487
 462.000       1.4650
 463.000       1.4411
 464.000       1.0566
 465.000       1.4069
 466.000       1.3130
 467.000       1.1309
 468.000       1.4463
 469.000       1.3316
 470.000       1.1793
 471.000       1.7053
 472.000       1.3089
 473.000       1.1564
 474.000       1.7527
 475.000       1.4986
 476.000       1.4756
 477.000       1.1632
 478.000       1.1994
 479.000       1.1124
 480.000       1.1751
 481.000       1.2354
 482.000       1.2519
 483.000       1.3977
 484.000       1.3011
 485.000       1.7058
 486.000       1.9299
 487.000       1.6434
 488.000       1.6648
 489.000       1.6202
 490.000       1.1914
 491.000       1.1878
 492.000       1.3615
 493.000       1.5255
 494.000       1.5067
 495.000       1.7700
 496.000       2.1873
 497.000       2.5305
 498.000       2.7380
 499.000       3.0121
 500.000       3.5281
 501.000       3.8557
 502.000       4.1351
 503.000       4.4936
 504.000       5.1462
 505.000       5.5479
 506.000       5.7048
 507.000       6.1840
 508.000       6.8732
 509.000       7.2952
 510.000       7.8046
 511.000       8.2893
 512.000       7.8744
 513.000       7.6174
