#Frame        fadcore
       1       0.0000
       2       0.2539
       3       0.3357
       4       0.2567
       5       0.3218
       6       0.3077
       7       0.4530
       8       0.4835
       9       0.4302
      10       0.4559
      11       0.5315
      12       0.4153
      13       0.5830
      14       0.6171
      15       0.4834
      16       0.3354
      17       0.5046
      18       0.3378
      19       0.5056
      20       0.5352
      21       0.5571
      22       0.5397
      23       0.5169
      24       0.4731
      25       0.4158
      26       0.5251
      27       0.6225
      28       0.6270
      29       0.5723
      30       0.6851
      31       0.6426
      32       0.5870
      33       0.5293
      34       0.5410
      35       0.5570
      36       0.6304
      37       0.5554
      38       0.6163
      39       0.4536
      40       0.5949
      41       0.6041
      42       0.6364
      43       0.5375
      44       0.5785
      45       0.4815
      46       0.4717
      47       0.4813
      48       0.6194
      49       0.6539
      50       0.6186
      51       0.4805
      52       0.5362
      53       0.5019
      54       0.4758
      55       0.5356
      56       0.5107
      57       0.5637
      58       0.4732
      59       0.4382
      60       0.4555
      61       0.5257
      62       0.5208
      63       0.4600
      64       0.4308
      65       0.4655
      66       0.4826
      67       0.5414
      68       0.5193
      69       0.5504
      70       0.5336
      71       0.3867
      72       0.5029
      73       0.5079
      74       0.4651
      75       0.4487
      76       0.4293
      77       0.4469
      78       0.5527
      79       0.4603
      80       0.4216
      81       0.4814
      82       0.5016
      83       0.5775
      84       0.4891
      85       0.5006
      86       0.5335
      87       0.5453
      88       0.7573
      89       0.6491
      90       0.6298
      91       0.4838
      92       0.5949
      93       0.5853
      94       0.5461
      95       0.4998
      96       0.5015
      97       0.4686
      98       0.5668
      99       0.5552
     100       0.5265
     101       0.5804
     102       0.5937
     103       0.6439
     104       0.6522
     105       0.5824
     106       0.5842
     107       0.5695
     108       0.6424
     109       0.5551
     110       0.6015
     111       0.7153
     112       0.6878
     113       0.6914
     114       0.7663
     115       0.7785
     116       0.7307
     117       0.7082
     118       0.6908
     119       0.7255
     120       0.6418
     121       0.6690
     122       0.6870
     123       0.6723
     124       0.7514
     125       0.6513
     126       0.6408
     127       0.6027
     128       0.5874
     129       0.5611
     130       0.6166
     131       0.5807
     132       0.6801
     133       0.7555
     134       0.6883
     135       0.5341
     136       0.6190
     137       0.6606
     138       0.5726
     139       0.6157
     140       0.7480
     141       0.7321
     142       0.7626
     143       0.6655
     144       0.6600
     145       0.6195
     146       0.6384
     147       0.6747
     148       0.5329
     149       0.5830
     150       0.5968
     151       0.7325
     152       0.6296
     153       0.5826
     154       0.4877
     155       0.5776
     156       0.6166
     157       0.5800
     158       0.7723
     159       0.7852
     160       0.6636
     161       0.6347
     162       0.6178
     163       0.7243
     164       0.4701
     165       0.5476
     166       0.6594
     167       0.5928
     168       0.6308
     169       0.5226
     170       0.4787
     171       0.5807
     172       0.4414
     173       0.6394
     174       0.6202
     175       0.5859
     176       0.5566
     177       0.6055
     178       0.5315
     179       0.6724
     180       0.6695
     181       0.6515
     182       0.5200
     183       0.6096
     184       0.6287
     185       0.5466
     186       0.5562
     187       0.6312
     188       0.5993
     189       0.5296
     190       0.5876
     191       0.6287
     192       0.5673
     193       0.5651
     194       0.6683
     195       0.6317
     196       0.4872
     197       0.6193
     198       0.6021
     199       0.5709
     200       0.5252
     201       0.5640
     202       0.4925
     203       0.4750
     204       0.5706
     205       0.6018
     206       0.5050
     207       0.4720
     208       0.4512
     209       0.4825
     210       0.5951
     211       0.7121
     212       0.7369
     213       0.6441
     214       0.6497
     215       0.6835
     216       0.5630
     217       0.6630
     218       0.7460
     219       0.6639
     220       0.5912
     221       0.7015
     222       0.7224
     223       0.7158
     224       0.6282
     225       0.5872
     226       0.5772
     227       0.6791
     228       0.5993
     229       0.5576
     230       0.5220
     231       0.6564
     232       0.6955
     233       0.7155
     234       0.6326
     235       0.5733
     236       0.5919
     237       0.6320
     238       0.6388
     239       0.7166
     240       0.6486
     241       0.6929
     242       0.7196
     243       0.7164
     244       0.6631
     245       0.8477
     246       0.7546
     247       0.7531
     248       0.6758
     249       0.6282
     250       0.6303
     251       0.6501
     252       0.6306
     253       0.6888
     254       0.6127
     255       0.6311
     256       0.6482
     257       0.5183
     258       0.4693
     259       0.5494
     260       0.6049
     261       0.6238
     262       0.5572
     263       0.6518
     264       0.6087
     265       0.7828
     266       0.7130
     267       0.6191
     268       0.6268
     269       0.5601
     270       0.5409
     271       0.5591
     272       0.6210
     273       0.5633
     274       0.6482
     275       0.5111
     276       0.5468
     277       0.5299
     278       0.5200
     279       0.5406
     280       0.4801
     281       0.4689
     282       0.4245
     283       0.5161
     284       0.4959
     285       0.4663
     286       0.5185
     287       0.6049
     288       0.6213
     289       0.5166
     290       0.6138
     291       0.5932
     292       0.6366
     293       0.5239
     294       0.5473
     295       0.5132
     296       0.5517
     297       0.5008
     298       0.5422
     299       0.5487
     300       0.6151
     301       0.6560
     302       0.5481
     303       0.5234
     304       0.7403
     305       0.6323
     306       0.6196
     307       0.5291
     308       0.4245
     309       0.4636
     310       0.4879
     311       0.6009
     312       0.4936
     313       0.5412
     314       0.5901
     315       0.5833
     316       0.7589
     317       0.5913
     318       0.5306
     319       0.5650
     320       0.6201
     321       0.5548
     322       0.4709
     323       0.5893
     324       0.6503
     325       0.5993
     326       0.6850
     327       0.6510
     328       0.4866
     329       0.5301
     330       0.5373
     331       0.4547
     332       0.5787
     333       0.6085
     334       0.5294
     335       0.5453
     336       0.5932
     337       0.5606
     338       0.5110
     339       0.4436
     340       0.4923
     341       0.4608
     342       0.3668
     343       0.4838
     344       0.5090
     345       0.5777
     346       0.5499
     347       0.5723
     348       0.5800
     349       0.4692
     350       0.4936
     351       0.5030
     352       0.4384
     353       0.4046
     354       0.5138
     355       0.5464
     356       0.5924
     357       0.5564
     358       0.6276
     359       0.5880
     360       0.5771
     361       0.4333
     362       0.4937
     363       0.5535
     364       0.5680
     365       0.5219
     366       0.5199
     367       0.5038
     368       0.5410
     369       0.5508
     370       0.4735
     371       0.4619
     372       0.5151
     373       0.5947
     374       0.4808
     375       0.4267
     376       0.2896
     377       0.3894
     378       0.3866
     379       0.4575
     380       0.3771
     381       0.3848
     382       0.4753
     383       0.4669
     384       0.4556
     385       0.3840
     386       0.4027
     387       0.4579
     388       0.4470
     389       0.3553
     390       0.3742
     391       0.3732
     392       0.3841
     393       0.4793
     394       0.5305
     395       0.5560
     396       0.5549
     397       0.5496
     398       0.5584
     399       0.5980
     400       0.6022
     401       0.5712
     402       0.6020
     403       0.6360
     404       0.5322
     405       0.5049
     406       0.4540
     407       0.5052
     408       0.5295
     409       0.5901
     410       0.6897
     411       0.5285
     412       0.5591
     413       0.5231
     414       0.5619
     415       0.6430
     416       0.6394
     417       0.6283
     418       0.6304
     419       0.5606
     420       0.4742
     421       0.4882
     422       0.5076
     423       0.5861
     424       0.5099
     425       0.5049
     426       0.5127
     427       0.5913
     428       0.5166
     429       0.6010
     430       0.6236
     431       0.6332
     432       0.6837
     433       0.5846
     434       0.5940
     435       0.5424
     436       0.5399
     437       0.5599
     438       0.6079
     439       0.6676
     440       0.8307
     441       0.6998
     442       0.7459
     443       0.7242
     444       0.6543
     445       0.7183
     446       0.5876
     447       0.5494
     448       0.4439
     449       0.4805
     450       0.5320
     451       0.5568
     452       0.7267
     453       0.5740
     454       0.5530
     455       0.5404
     456       0.5012
     457       0.4814
     458       0.4860
     459       0.5631
     460       0.5893
     461       0.5565
     462       0.4760
     463       0.5375
     464       0.5210
     465       0.5220
     466       0.4599
     467       0.4828
     468       0.5631
     469       0.5043
     470       0.5184
     471       0.6096
     472       0.5659
     473       0.5773
     474       0.5711
     475       0.5659
     476       0.5348
     477       0.4158
     478       0.4598
     479       0.4107
     480       0.4804
     481       0.4913
     482       0.5532
     483       0.6489
     484       0.5656
     485       0.6113
     486       0.6794
     487       0.7113
     488       0.6522
     489       0.5594
     490       0.5585
     491       0.6199
     492       0.6834
     493       0.5954
     494       0.6027
     495       0.5863
     496       0.5431
     497       0.6867
     498       0.5790
     499       0.6683
     500       0.7055
     501       0.6322
     502       0.5892
     503       0.5777
     504       0.5932
     505       0.5378
     506       0.5199
     507       0.3917
     508       0.4520
     509       0.5359
     510       0.5062
     511       0.6568
     512       0.4986
     513       0.5333
     514       0.5960
     515       0.5520
     516       0.4338
     517       0.5056
     518       0.5442
     519       0.5466
     520       0.5621
     521       0.5032
     522       0.5073
     523       0.4378
     524       0.5365
     525       0.4353
     526       0.4828
     527       0.4214
     528       0.3614
     529       0.3244
     530       0.3684
     531       0.3532
     532       0.3652
     533       0.4857
     534       0.4979
     535       0.4309
     536       0.5164
     537       0.4124
     538       0.3207
     539       0.3436
     540       0.3833
     541       0.4776
     542       0.3326
     543       0.4082
     544       0.4014
     545       0.4065
     546       0.4146
     547       0.3040
     548       0.2824
     549       0.3443
     550       0.5253
     551       0.4891
     552       0.5077
     553       0.5278
     554       0.6019
     555       0.4812
     556       0.5746
     557       0.5326
     558       0.4009
     559       0.4908
     560       0.5707
     561       0.6037
     562       0.5673
     563       0.5359
     564       0.5229
     565       0.5581
     566       0.5468
     567       0.5937
     568       0.6622
     569       0.5680
     570       0.6101
     571       0.4692
     572       0.5123
     573       0.5472
     574       0.4991
     575       0.4977
     576       0.4430
     577       0.4885
     578       0.5505
     579       0.5521
     580       0.5966
     581       0.4925
     582       0.5638
     583       0.4429
     584       0.5125
     585       0.4699
     586       0.4624
     587       0.5518
     588       0.5934
     589       0.6541
     590       0.4875
     591       0.5069
     592       0.5137
     593       0.6271
     594       0.4914
     595       0.5744
     596       0.6002
     597       0.5959
     598       0.5950
     599       0.5945
     600       0.5094
     601       0.7022
     602       0.5263
     603       0.6239
     604       0.4457
     605       0.5356
     606       0.4411
     607       0.5832
     608       0.5007
     609       0.5109
     610       0.4480
     611       0.4756
     612       0.5479
     613       0.4641
     614       0.5419
     615       0.4621
     616       0.3809
     617       0.5601
     618       0.5092
     619       0.5693
     620       0.5748
     621       0.6021
     622       0.5839
     623       0.6223
     624       0.6497
     625       0.5996
     626       0.5361
     627       0.6046
     628       0.5050
     629       0.4849
     630       0.4660
     631       0.5686
     632       0.4696
     633       0.5110
     634       0.6119
     635       0.5901
     636       0.4816
     637       0.5210
     638       0.4664
     639       0.5501
     640       0.4818
     641       0.5731
     642       0.6143
     643       0.6072
     644       0.5660
     645       0.4265
     646       0.4521
     647       0.4610
     648       0.5490
     649       0.6715
     650       0.6236
     651       0.6567
     652       0.5168
     653       0.6333
     654       0.6688
     655       0.5149
     656       0.5575
     657       0.5013
     658       0.5497
     659       0.5161
     660       0.4576
     661       0.5373
     662       0.5981
     663       0.5995
     664       0.5916
     665       0.5720
     666       0.5164
     667       0.6926
     668       0.5914
     669       0.5113
     670       0.6031
     671       0.6204
     672       0.6594
     673       0.6434
     674       0.5000
     675       0.6152
     676       0.5115
     677       0.6214
     678       0.5456
     679       0.5806
     680       0.4734
     681       0.5423
     682       0.6091
     683       0.5842
     684       0.5611
     685       0.5428
     686       0.5530
     687       0.4560
     688       0.5416
     689       0.5413
     690       0.6070
     691       0.6089
     692       0.4904
     693       0.5289
     694       0.5420
     695       0.4866
     696       0.3785
     697       0.4907
     698       0.5227
     699       0.4200
     700       0.4916
     701       0.4248
     702       0.4719
     703       0.5055
     704       0.6398
     705       0.4147
     706       0.5476
     707       0.4879
     708       0.5318
     709       0.4797
     710       0.4319
     711       0.3336
     712       0.4507
     713       0.4394
     714       0.4413
     715       0.4739
     716       0.5347
     717       0.4859
     718       0.6436
     719       0.5335
     720       0.6102
     721       0.5273
     722       0.6083
     723       0.5992
     724       0.6896
     725       0.8082
     726       0.7441
     727       0.7410
     728       0.6292
     729       0.5995
     730       0.5519
     731       0.5809
     732       0.4886
     733       0.5725
     734       0.4056
     735       0.4794
     736       0.5005
     737       0.4754
     738       0.4434
     739       0.4494
     740       0.4611
     741       0.5313
     742       0.4585
     743       0.4878
     744       0.5393
     745       0.3931
     746       0.5248
     747       0.5774
     748       0.5793
     749       0.5521
     750       0.6636
     751       0.6197
     752       0.5330
     753       0.5902
     754       0.7107
     755       0.7333
     756       0.6396
     757       0.6642
     758       0.6458
     759       0.5180
     760       0.5508
     761       0.5695
     762       0.6032
     763       0.5469
     764       0.6175
     765       0.6480
     766       0.6658
     767       0.5297
     768       0.6890
     769       0.4905
     770       0.4148
     771       0.6117
     772       0.5262
     773       0.6140
     774       0.6118
     775       0.5261
     776       0.4253
     777       0.4947
     778       0.4024
     779       0.4243
     780       0.4814
     781       0.4780
     782       0.4074
     783       0.5145
     784       0.3987
     785       0.5219
     786       0.5551
     787       0.6606
     788       0.6406
     789       0.6810
     790       0.7850
     791       0.7260
     792       0.8013
     793       0.7302
     794       0.6034
     795       0.8133
     796       0.7729
     797       0.7299
     798       0.7644
     799       0.7445
     800       0.7100
     801       0.5987
     802       0.6450
     803       0.6644
     804       0.7140
     805       0.7918
     806       0.7963
     807       0.7207
     808       0.6726
     809       0.7212
     810       0.6335
     811       0.7386
     812       0.6727
     813       0.6382
     814       0.6130
     815       0.6047
     816       0.6279
     817       0.5538
     818       0.6012
     819       0.5417
     820       0.6463
     821       0.5981
     822       0.5517
     823       0.6145
     824       0.6306
     825       0.6264
     826       0.6174
     827       0.6384
     828       0.6426
     829       0.5300
     830       0.5548
     831       0.5994
     832       0.5146
     833       0.5183
     834       0.4960
     835       0.4695
     836       0.5292
     837       0.5047
     838       0.5596
     839       0.5382
     840       0.5357
     841       0.5938
     842       0.5361
     843       0.4840
     844       0.5116
     845       0.5779
     846       0.6440
     847       0.5735
     848       0.5716
     849       0.6014
     850       0.6631
     851       0.5670
     852       0.5386
     853       0.5155
     854       0.4981
     855       0.4836
     856       0.5234
     857       0.4629
     858       0.4403
     859       0.4565
     860       0.4702
     861       0.4765
     862       0.4906
     863       0.4793
     864       0.5624
     865       0.6860
     866       0.5666
     867       0.6910
     868       0.6387
     869       0.5539
     870       0.5948
     871       0.6227
     872       0.6034
     873       0.5604
     874       0.5710
     875       0.5899
     876       0.5931
     877       0.7191
     878       0.6166
     879       0.6787
     880       0.5986
     881       0.6178
     882       0.7334
     883       0.6789
     884       0.8051
     885       0.7226
     886       0.6291
     887       0.6380
     888       0.5874
     889       0.7025
     890       0.7122
     891       0.7158
     892       0.6392
     893       0.6915
     894       0.6617
     895       0.7016
     896       0.6264
     897       0.6518
     898       0.6464
     899       0.5544
     900       0.5940
     901       0.6494
     902       0.7237
     903       0.6895
     904       0.6396
     905       0.6586
     906       0.6193
     907       0.6524
     908       0.6952
     909       0.6267
     910       0.6239
     911       0.5476
     912       0.6088
     913       0.6755
     914       0.6970
     915       0.6703
     916       0.7110
     917       0.7096
     918       0.6681
     919       0.7120
     920       0.5370
     921       0.5580
     922       0.4721
     923       0.5391
     924       0.6117
     925       0.5792
     926       0.6292
     927       0.5767
     928       0.6388
     929       0.6053
     930       0.6603
     931       0.6438
     932       0.7010
     933       0.7383
     934       0.6821
     935       0.6875
     936       0.7142
     937       0.7014
     938       0.7022
     939       0.6269
     940       0.6441
     941       0.6248
     942       0.7069
     943       0.7306
     944       0.7024
     945       0.6865
     946       0.7130
     947       0.6457
     948       0.6473
     949       0.6591
     950       0.5578
     951       0.5903
     952       0.6538
     953       0.5057
     954       0.6292
     955       0.5579
     956       0.6522
     957       0.6250
     958       0.6545
     959       0.5157
     960       0.5210
     961       0.5222
     962       0.4899
     963       0.5328
     964       0.5028
     965       0.5657
     966       0.5625
     967       0.4337
     968       0.4940
     969       0.4743
     970       0.5647
     971       0.5352
     972       0.4895
     973       0.4721
     974       0.5259
     975       0.4329
     976       0.4775
     977       0.4697
     978       0.5548
     979       0.5144
     980       0.4480
     981       0.5005
     982       0.5086
     983       0.5090
     984       0.5227
     985       0.6059
     986       0.5263
     987       0.5432
     988       0.4594
     989       0.4970
     990       0.5595
     991       0.5933
     992       0.6056
     993       0.5511
     994       0.6300
     995       0.5248
     996       0.5123
     997       0.4808
     998       0.3482
     999       0.4431
    1000       0.5154
