#Frame         ligall
       1       0.0000
       2       0.7191
       3       0.5082
       4       0.7174
       5       0.4772
       6       1.1148
       7       0.6473
       8       0.5747
       9       0.6614
      10       0.4990
      11       0.7442
      12       0.7675
      13       0.5422
      14       0.6649
      15       0.8525
      16       0.7893
      17       0.8827
      18       0.6465
      19       0.6275
      20       0.6444
      21       0.5013
      22       0.7956
      23       0.5835
      24       0.8027
      25       0.8271
      26       0.6979
      27       0.5913
      28       0.7741
      29       0.9066
      30       1.0950
      31       1.1092
      32       0.4619
      33       1.3152
      34       0.6330
      35       0.6331
      36       0.3526
      37       0.5031
      38       0.6727
      39       0.7521
      40       0.5715
      41       0.5293
      42       0.3851
      43       0.3969
      44       0.5362
      45       0.5618
      46       0.5921
      47       0.6552
      48       0.7035
      49       0.6115
      50       0.9055
      51       0.4871
      52       0.6061
      53       0.7507
      54       0.6168
      55       0.5239
      56       0.3884
      57       0.7260
      58       0.5812
      59       0.8584
      60       0.7784
      61       0.4403
      62       0.4554
      63       0.9192
      64       0.6835
      65       0.4761
      66       0.6939
      67       0.7124
      68       0.6654
      69       0.6364
      70       0.6666
      71       0.4446
      72       0.6553
      73       0.7418
      74       0.6724
      75       0.5229
      76       0.5450
      77       0.6858
      78       0.6602
      79       0.5816
      80       0.6206
      81       0.5438
      82       0.5912
      83       0.8837
      84       0.7037
      85       0.4895
      86       0.4470
      87       0.5621
      88       0.9404
      89       1.0137
      90       0.7202
      91       1.1557
      92       0.6088
      93       0.6849
      94       0.9377
      95       0.6821
      96       0.3888
      97       0.6479
      98       0.8206
      99       0.9135
     100       1.2133
     101       0.7197
     102       0.9000
     103       0.7030
     104       0.5862
     105       0.5261
     106       0.7039
     107       1.1201
     108       0.4684
     109       0.5586
     110       0.7434
     111       1.1737
     112       1.0717
     113       0.6115
     114       0.7612
     115       0.6845
     116       0.9363
     117       0.6211
     118       1.1134
     119       0.6801
     120       0.6216
     121       0.6779
     122       1.1380
     123       1.2276
     124       0.6136
     125       0.8796
     126       0.8176
     127       0.9310
     128       0.8154
     129       1.1908
     130       0.5982
     131       1.1399
     132       1.0128
     133       1.1855
     134       1.2543
     135       1.2512
     136       1.0376
     137       1.0948
     138       1.1440
     139       1.1271
     140       1.0710
     141       1.2220
     142       1.2947
     143       1.0983
     144       1.0713
     145       1.2492
     146       1.2629
     147       0.9591
     148       1.1988
     149       1.1507
     150       1.0628
     151       1.0561
     152       1.0673
     153       1.1473
     154       1.2484
     155       1.0683
     156       1.1263
     157       1.0158
     158       1.1805
     159       1.0625
     160       1.2983
     161       1.1551
     162       1.0783
     163       1.0222
     164       1.1865
     165       1.3778
     166       1.1144
     167       1.3276
     168       1.5760
     169       1.1012
     170       1.1879
     171       1.0796
     172       1.0334
     173       1.2150
     174       1.0448
     175       1.0614
     176       1.2175
     177       1.4744
     178       1.3322
     179       1.1376
     180       1.2943
     181       1.1323
     182       1.4932
     183       1.7108
     184       1.5720
     185       2.1789
     186       1.1719
     187       1.1708
     188       1.2120
     189       1.4985
     190       1.3325
     191       1.3368
     192       1.0149
     193       1.2505
     194       1.6037
     195       1.5727
     196       1.0394
     197       1.0333
     198       0.9703
     199       1.2776
     200       1.4645
     201       1.0746
     202       1.4480
     203       0.9952
     204       1.2283
     205       1.0538
     206       1.0108
     207       1.1757
     208       1.1471
     209       1.1714
     210       1.1381
     211       1.7288
     212       1.6278
     213       1.1486
     214       1.1178
     215       1.2981
     216       1.5612
     217       1.4791
     218       1.4033
     219       1.1904
     220       1.4895
     221       1.6956
     222       1.4203
     223       1.3650
     224       1.5049
     225       1.6594
     226       2.2130
     227       1.3650
     228       2.1295
     229       1.9809
     230       2.3374
     231       1.6005
     232       1.5352
     233       1.4253
     234       2.5638
     235       1.7227
     236       1.6989
     237       1.8458
     238       1.5731
     239       1.5840
     240       1.0167
     241       1.4137
     242       1.1465
     243       1.4089
     244       1.1609
     245       0.9893
     246       1.1142
     247       1.1719
     248       1.2938
     249       1.0380
     250       1.2510
     251       1.2465
     252       1.6440
     253       1.0376
     254       2.5638
     255       1.6466
     256       1.0893
     257       1.4308
     258       1.0260
     259       0.9783
     260       1.4638
     261       1.1516
     262       1.0486
     263       1.0858
     264       1.8842
     265       1.0277
     266       1.7627
     267       2.1197
     268       1.1602
     269       1.1930
     270       1.2109
     271       1.3764
     272       1.8249
     273       0.9480
     274       1.7083
     275       2.6417
     276       1.3065
     277       1.7472
     278       1.2903
     279       1.2667
     280       1.1696
     281       1.0938
     282       1.0384
     283       1.2779
     284       1.3460
     285       1.0812
     286       1.1288
     287       1.4183
     288       1.3071
     289       1.6522
     290       1.0600
     291       1.4428
     292       1.3433
     293       1.7994
     294       1.1165
     295       0.9240
     296       1.1293
     297       1.2939
     298       1.1543
     299       2.3286
     300       2.1836
     301       1.4442
     302       1.6502
     303       1.2442
     304       0.9290
     305       0.7745
     306       1.1178
     307       1.6275
     308       2.2110
     309       1.3943
     310       1.5871
     311       1.1370
     312       1.4976
     313       2.5596
     314       2.5203
     315       1.4484
     316       1.5463
     317       1.5101
     318       1.2972
     319       1.2362
     320       1.4699
     321       2.0769
     322       1.0322
     323       1.2103
     324       1.0441
     325       1.1588
     326       1.3843
     327       2.4171
     328       1.4819
     329       1.1841
     330       2.4645
     331       2.2446
     332       1.0631
     333       0.8652
     334       0.7623
     335       0.5579
     336       0.8835
     337       0.7345
     338       0.6691
     339       0.6519
     340       0.5870
     341       0.4820
     342       0.7026
     343       0.9859
     344       0.8615
     345       0.4904
     346       0.5951
     347       0.8461
     348       0.7034
     349       0.8638
     350       0.7225
     351       0.8997
     352       0.9838
     353       0.9713
     354       1.2754
     355       0.9823
     356       0.9497
     357       0.9807
     358       1.8713
     359       0.8208
     360       1.9316
     361       0.8656
     362       0.6232
     363       0.9722
     364       0.8173
     365       1.1441
     366       0.7413
     367       1.2335
     368       2.3881
     369       0.6409
     370       0.6596
     371       0.7220
     372       1.1062
     373       0.7502
     374       0.5008
     375       0.4444
     376       1.0546
     377       0.7501
     378       0.7269
     379       0.4465
     380       0.4262
     381       0.5849
     382       0.6173
     383       0.8028
     384       0.5726
     385       1.4329
     386       0.9776
     387       0.9338
     388       0.9984
     389       0.8883
     390       1.0774
     391       1.0203
     392       1.3569
     393       1.0920
     394       1.0080
     395       1.3419
     396       1.3609
     397       1.5033
     398       1.1083
     399       1.2113
     400       1.1516
     401       1.4903
     402       1.6746
     403       1.9047
     404       1.3056
     405       1.3325
     406       1.1235
     407       1.1006
     408       1.2933
     409       1.2698
     410       1.3342
     411       1.0938
     412       1.2902
     413       1.2025
     414       0.9207
     415       1.1848
     416       1.2487
     417       1.1213
     418       1.1571
     419       1.1348
     420       1.4933
     421       1.3684
     422       2.3149
     423       1.7088
     424       1.3499
     425       1.6483
     426       1.4777
     427       1.4620
     428       2.1625
     429       2.2275
     430       1.4506
     431       1.7028
     432       1.2130
     433       0.9627
     434       1.3043
     435       1.1957
     436       1.0733
     437       1.2025
     438       1.8348
     439       1.0645
     440       1.1339
     441       1.3060
     442       1.2618
     443       1.1160
     444       1.0731
     445       1.3056
     446       1.5567
     447       1.0401
     448       1.1818
     449       1.0595
     450       1.1104
     451       1.1434
     452       1.1492
     453       1.0931
     454       1.2986
     455       1.5602
     456       1.1850
     457       1.7929
     458       1.3653
     459       1.7655
     460       1.3243
     461       1.0280
     462       1.3063
     463       1.2679
     464       1.3554
     465       1.6265
     466       0.9908
     467       1.4235
     468       1.4162
     469       0.7842
     470       0.5127
     471       1.0761
     472       1.1797
     473       1.1238
     474       1.1250
     475       2.0748
     476       1.8325
     477       1.2346
     478       1.8557
     479       1.9472
     480       1.6123
     481       2.4401
     482       2.0302
     483       2.2878
     484       1.2901
     485       1.1732
     486       0.9778
     487       1.2845
     488       1.2983
     489       1.4339
     490       1.6122
     491       1.3471
     492       1.1207
     493       1.5621
     494       1.2076
     495       1.0321
     496       1.3745
     497       1.1585
     498       1.0666
     499       1.0340
     500       1.2754
     501       1.2281
     502       1.1562
     503       1.4524
     504       1.0263
     505       1.1123
     506       2.1468
     507       0.8857
     508       1.1961
     509       0.9136
     510       1.2732
     511       1.0447
     512       1.0206
     513       1.0458
     514       1.1048
     515       1.2422
     516       1.1061
     517       1.1475
     518       0.8200
     519       0.9198
     520       0.7473
     521       0.9017
     522       0.5652
     523       1.4789
     524       1.0861
     525       0.7310
     526       1.8705
     527       2.2357
     528       0.4222
     529       0.5927
     530       0.7169
     531       0.6378
     532       0.6737
     533       0.9221
     534       0.7361
     535       0.8812
     536       0.7338
     537       0.6719
     538       0.5805
     539       0.6903
     540       0.6324
     541       0.5936
     542       0.5934
     543       0.7640
     544       0.8419
     545       2.3002
     546       2.6394
     547       1.5550
     548       1.1634
     549       1.2900
     550       1.5495
     551       1.3278
     552       1.7690
     553       1.2196
     554       1.0415
     555       1.0176
     556       1.0026
     557       1.0799
     558       1.2766
     559       1.4455
     560       1.1805
     561       1.2555
     562       1.2221
     563       1.1204
     564       0.9125
     565       0.8342
     566       0.6623
     567       1.0232
     568       1.1193
     569       1.2111
     570       1.1858
     571       1.1753
     572       1.2933
     573       1.2557
     574       1.4487
     575       1.1459
     576       1.1584
     577       1.0729
     578       1.6623
     579       1.3570
     580       1.6593
     581       1.1407
     582       1.1378
     583       1.2461
     584       1.2099
     585       1.2657
     586       1.1379
     587       1.0356
     588       1.0692
     589       1.4028
     590       1.1171
     591       1.0708
     592       1.1222
     593       1.6000
     594       1.1865
     595       1.8498
     596       1.2414
     597       1.1800
     598       0.8773
     599       1.1756
     600       1.0499
     601       1.0241
     602       1.3238
     603       1.1729
     604       1.0064
     605       1.2004
     606       1.1516
     607       1.1055
     608       1.1263
     609       1.1086
     610       1.0283
     611       1.0387
     612       1.6560
     613       0.9245
     614       1.1302
     615       1.0763
     616       0.9903
     617       1.0549
     618       1.1096
     619       1.0251
     620       1.5172
     621       1.2389
     622       1.0411
     623       1.2075
     624       1.4825
     625       1.2137
     626       1.0437
     627       1.0893
     628       1.3110
     629       1.1965
     630       1.2299
     631       1.2325
     632       1.0786
     633       1.2595
     634       1.0672
     635       1.2547
     636       1.3900
     637       1.5955
     638       1.2854
     639       1.1404
     640       1.3542
     641       1.2305
     642       1.4849
     643       0.9331
     644       0.7767
     645       0.8358
     646       0.7100
     647       0.8757
     648       0.5405
     649       1.9345
     650       1.4624
     651       1.3916
     652       1.6012
     653       0.6707
     654       0.9792
     655       1.3749
     656       1.4389
     657       0.9223
     658       1.0257
     659       1.5728
     660       0.8379
     661       1.1690
     662       0.9065
     663       0.4819
     664       1.1082
     665       0.5786
     666       0.5859
     667       1.6465
     668       0.7403
     669       0.8073
     670       0.6382
     671       1.2429
     672       0.8065
     673       0.4848
     674       0.9236
     675       1.0555
     676       0.8126
     677       1.3062
     678       1.1967
     679       2.0254
     680       1.2327
     681       1.1723
     682       1.1940
     683       1.2040
     684       1.1971
     685       1.3058
     686       1.3600
     687       1.3192
     688       2.1813
     689       2.1414
     690       2.1586
     691       1.6906
     692       2.0870
     693       1.7222
     694       1.3742
     695       1.7630
     696       1.7637
     697       1.9843
     698       1.3318
     699       1.0745
     700       1.5307
     701       1.6232
     702       1.5608
     703       2.0394
     704       1.4333
     705       1.1273
     706       2.5121
     707       1.6568
     708       1.2245
     709       2.1252
     710       1.1985
     711       1.4174
     712       1.6166
     713       2.4283
     714       1.3569
     715       1.1951
     716       1.7990
     717       1.0599
     718       1.2401
     719       1.2612
     720       1.5119
     721       1.8890
     722       1.2133
     723       1.0103
     724       1.3928
     725       1.4556
     726       1.1077
     727       1.4462
     728       1.4208
     729       1.9375
     730       2.5570
     731       2.2824
     732       2.0007
     733       1.4480
     734       2.5082
     735       1.3897
     736       1.1739
     737       1.6572
     738       1.7438
     739       1.2695
     740       1.0560
     741       1.3587
     742       1.4361
     743       1.4829
     744       1.1966
     745       1.6177
     746       1.7061
     747       1.3026
     748       1.9914
     749       1.6416
     750       1.1262
     751       1.7734
     752       1.2319
     753       1.3913
     754       1.4895
     755       1.2796
     756       1.2911
     757       1.6909
     758       1.5207
     759       1.3686
     760       1.1805
     761       1.3288
     762       2.3474
     763       1.0263
     764       0.9787
     765       1.4966
     766       2.2359
     767       1.4241
     768       1.5559
     769       1.3234
     770       1.5578
     771       2.2876
     772       2.6566
     773       2.2977
     774       2.2152
     775       1.6535
     776       1.1464
     777       1.4505
     778       0.8278
     779       1.0983
     780       0.8202
     781       0.7854
     782       0.7683
     783       0.4267
     784       0.6396
     785       1.4834
     786       1.3423
     787       1.8771
     788       1.1965
     789       2.3442
     790       1.2083
     791       1.2969
     792       2.1145
     793       1.7504
     794       1.0895
     795       1.6479
     796       1.8629
     797       1.1923
     798       1.3113
     799       2.0892
     800       1.3576
     801       1.6501
     802       1.6312
     803       0.4779
     804       1.8750
     805       1.2292
     806       1.3799
     807       1.2016
     808       1.7205
     809       1.5790
     810       1.2405
     811       1.8906
     812       1.4824
     813       1.9226
     814       1.7105
     815       1.8201
     816       1.7960
     817       2.0067
     818       1.4573
     819       1.4447
     820       1.4045
     821       1.3768
     822       1.1505
     823       1.2371
     824       1.1040
     825       2.2152
     826       1.2911
     827       1.4727
     828       0.6166
     829       0.7699
     830       0.8950
     831       1.8164
     832       1.3885
     833       0.8308
     834       1.9793
     835       0.8028
     836       0.9075
     837       1.5494
     838       1.8009
     839       1.3139
     840       1.1934
     841       1.3558
     842       1.6429
     843       1.6772
     844       1.3051
     845       1.7777
     846       1.2109
     847       1.7870
     848       1.5473
     849       1.1429
     850       1.4644
     851       1.5272
     852       1.5964
     853       1.4420
     854       1.6067
     855       2.0048
     856       1.6389
     857       1.7643
     858       1.1118
     859       1.0277
     860       1.0351
     861       0.8775
     862       0.9114
     863       0.9639
     864       1.1180
     865       1.1405
     866       1.1337
     867       1.2061
     868       1.1916
     869       1.3583
     870       2.5793
     871       2.1226
     872       1.2557
     873       1.1350
     874       1.5766
     875       1.4642
     876       1.3332
     877       2.4743
     878       1.3776
     879       1.5737
     880       1.4685
     881       1.5134
     882       1.7094
     883       1.4881
     884       1.0508
     885       1.7698
     886       1.3769
     887       1.0484
     888       1.5561
     889       2.0365
     890       1.5351
     891       1.5251
     892       1.2513
     893       1.6775
     894       1.7311
     895       1.4301
     896       1.1879
     897       1.1677
     898       1.2489
     899       1.4239
     900       1.0773
     901       1.4481
     902       1.7849
     903       1.6033
     904       1.3596
     905       1.0966
     906       1.0163
     907       1.3737
     908       1.2179
     909       1.4584
     910       1.2501
     911       1.3183
     912       1.2743
     913       1.0413
     914       1.1508
     915       1.2396
     916       1.1326
     917       1.0281
     918       1.2082
     919       1.4477
     920       1.3309
     921       1.1673
     922       1.6442
     923       1.2802
     924       1.0868
     925       1.2274
     926       1.3030
     927       1.1804
     928       1.1378
     929       1.3014
     930       1.3253
     931       1.1334
     932       1.4290
     933       1.1358
     934       1.4571
     935       1.4013
     936       1.2639
     937       1.4641
     938       1.4355
     939       1.1508
     940       0.6910
     941       0.9143
     942       1.0549
     943       0.9371
     944       1.0555
     945       0.8132
     946       0.9454
     947       0.8553
     948       1.1381
     949       1.0218
     950       1.0109
     951       0.8702
     952       1.3696
     953       1.1800
     954       0.8441
     955       0.9765
     956       0.9942
     957       0.7841
     958       0.8237
     959       0.9753
     960       0.8329
     961       0.7052
     962       0.6228
     963       1.1187
     964       0.6414
     965       0.5411
     966       2.1580
     967       1.3349
     968       1.7225
     969       0.5968
     970       0.8062
     971       0.9497
     972       0.9467
     973       0.8662
     974       1.0813
     975       0.9415
     976       0.7056
     977       0.8233
     978       0.3301
     979       0.5683
     980       0.8509
     981       0.6933
     982       0.5632
     983       0.9732
     984       0.8868
     985       0.6620
     986       0.8098
     987       1.0845
     988       2.2787
     989       0.9847
     990       1.2132
     991       0.7363
     992       0.7013
     993       0.6146
     994       0.6835
     995       0.8470
     996       0.9522
     997       1.8163
     998       1.3607
     999       0.7868
    1000       2.8257
