#Res        AtomicFlx
   1.000       2.3924
   2.000       1.1055
   3.000       0.6697
   4.000       0.6000
   5.000       0.4827
   6.000       0.4455
   7.000       0.3771
   8.000       0.3828
   9.000       0.4174
  10.000       0.4316
  11.000       0.4297
  12.000       0.3566
  13.000       0.3155
  14.000       0.4576
  15.000       0.4513
  16.000       0.4339
  17.000       0.4029
  18.000       0.4461
  19.000       0.4779
  20.000       0.4466
  21.000       0.4852
  22.000       0.5685
  23.000       0.6027
  24.000       0.5867
  25.000       0.6920
  26.000       0.5862
  27.000       0.5771
  28.000       0.4794
  29.000       0.4412
  30.000       0.3956
  31.000       0.3848
  32.000       0.3823
  33.000       0.3986
  34.000       0.4145
  35.000       0.5103
  36.000       0.5081
  37.000       0.4555
  38.000       0.4366
  39.000       0.3203
  40.000       0.2886
  41.000       0.3521
  42.000       0.3802
  43.000       0.4013
  44.000       0.5228
  45.000       0.5916
  46.000       0.8175
  47.000       0.8422
  48.000       0.7701
  49.000       0.7062
  50.000       0.6140
  51.000       0.5586
  52.000       0.4647
  53.000       0.3951
  54.000       0.3877
  55.000       0.3760
  56.000       0.3976
  57.000       0.5104
  58.000       0.3747
  59.000       0.3876
  60.000       0.4980
  61.000       0.5215
  62.000       0.5631
  63.000       0.4802
  64.000       0.4486
  65.000       0.4041
  66.000       0.3925
  67.000       0.4364
  68.000       0.4463
  69.000       0.4676
  70.000       0.5135
  71.000       0.5418
  72.000       0.5586
  73.000       0.5044
  74.000       0.5438
  75.000       0.4802
  76.000       0.5968
  77.000       0.5004
  78.000       0.4309
  79.000       0.4515
  80.000       0.5975
  81.000       0.8612
  82.000       0.9054
  83.000       0.9165
  84.000       0.6235
  85.000       0.6345
  86.000       0.5769
  87.000       0.5896
  88.000       0.6076
  89.000       0.6783
  90.000       0.7352
  91.000       1.3988
  92.000       1.0870
  93.000       0.9840
  94.000       0.8345
  95.000       0.7656
  96.000       0.7385
  97.000       0.7005
  98.000       0.7151
  99.000       0.8630
 100.000       0.7717
 101.000       0.7246
 102.000       0.7458
 103.000       0.8741
 104.000       0.9225
 105.000       1.3606
 106.000       0.8302
 107.000       0.9083
 108.000       0.7259
 109.000       0.6013
 110.000       0.6636
 111.000       0.5921
 112.000       0.5062
 113.000       0.5365
 114.000       0.5771
 115.000       0.6073
 116.000       0.5356
 117.000       0.5467
 118.000       0.5341
 119.000       0.5264
 120.000       0.5284
 121.000       0.4930
 122.000       0.5145
 123.000       0.5295
 124.000       0.5956
 125.000       0.7385
 126.000       0.7070
 127.000       0.6001
 128.000       0.6921
 129.000       0.7196
 130.000       0.6256
 131.000       0.6204
 132.000       0.5674
 133.000       0.6559
 134.000       0.7303
 135.000       0.7134
 136.000       0.8324
 137.000       0.7712
 138.000       0.6717
 139.000       0.8097
 140.000       0.7883
 141.000       0.6157
 142.000       0.5482
 143.000       0.6800
 144.000       0.6348
 145.000       0.5470
 146.000       0.4809
 147.000       0.5193
 148.000       0.5677
 149.000       0.5352
 150.000       0.5310
 151.000       0.6829
 152.000       0.7823
 153.000       0.6158
 154.000       0.5821
 155.000       0.6639
 156.000       0.6428
 157.000       0.7396
 158.000       0.6640
 159.000       0.5520
 160.000       0.5635
 161.000       0.5566
 162.000       0.5283
 163.000       0.4977
 164.000       0.4984
 165.000       0.5102
 166.000       0.5016
 167.000       0.4665
 168.000       0.4358
 169.000       0.4200
 170.000       0.4277
 171.000       0.4172
 172.000       0.3936
 173.000       0.4545
 174.000       0.4713
 175.000       0.4863
 176.000       0.5276
 177.000       0.4931
 178.000       0.4784
 179.000       0.4926
 180.000       0.5010
 181.000       0.5029
 182.000       0.4616
 183.000       0.4323
 184.000       0.4414
 185.000       0.4306
 186.000       0.4144
 187.000       0.4439
 188.000       0.4762
 189.000       0.4545
 190.000       0.4992
 191.000       0.5577
 192.000       0.4750
 193.000       0.4684
 194.000       0.5123
 195.000       0.4917
 196.000       0.4911
 197.000       0.5438
 198.000       0.5543
 199.000       0.5434
 200.000       0.6696
 201.000       0.6525
 202.000       0.5497
 203.000       0.4606
 204.000       0.4332
 205.000       0.4528
 206.000       0.3948
 207.000       0.4279
 208.000       0.4587
 209.000       0.4492
 210.000       0.4540
 211.000       0.4580
 212.000       0.4585
 213.000       0.4779
 214.000       0.4420
 215.000       0.4360
 216.000       0.4179
 217.000       0.4469
 218.000       0.4608
 219.000       0.4355
 220.000       0.4762
 221.000       0.6103
 222.000       0.6069
 223.000       0.5174
 224.000       0.6592
 225.000       0.6957
 226.000       0.5507
 227.000       0.4578
 228.000       0.4563
 229.000       0.4715
 230.000       0.4951
 231.000       0.4840
 232.000       0.4543
 233.000       0.3996
 234.000       0.4754
 235.000       0.4588
 236.000       0.4520
 237.000       0.4943
 238.000       0.5962
 239.000       0.6728
 240.000       0.7535
 241.000       0.8219
 242.000       0.6688
 243.000       0.5144
 244.000       0.4913
 245.000       0.4789
 246.000       0.4929
 247.000       0.5031
 248.000       0.6159
 249.000       0.6987
 250.000       0.8315
 251.000       0.7173
 252.000       0.6119
 253.000       0.5780
 254.000       0.6065
 255.000       0.5544
 256.000       0.6028
 257.000       0.4781
 258.000       0.4004
 259.000       0.3590
 260.000       0.3893
 261.000       0.4564
 262.000       0.6541
 263.000       0.9966
 264.000       0.9826
 265.000       0.9006
 266.000       0.6054
 267.000       0.7508
 268.000       0.8572
 269.000       0.7370
 270.000       0.5511
 271.000       0.5602
 272.000       0.5558
 273.000       0.5901
 274.000       0.6865
 275.000       0.7530
 276.000       0.7494
 277.000       0.7569
 278.000       0.7426
 279.000       0.6868
 280.000       0.6335
 281.000       0.6110
 282.000       0.6083
 283.000       0.6040
 284.000       0.6371
 285.000       0.6607
 286.000       0.5989
 287.000       0.5167
 288.000       0.5386
 289.000       0.4823
 290.000       0.4457
 291.000       0.3993
 292.000       0.3666
 293.000       0.3598
 294.000       0.3463
 295.000       0.3901
 296.000       0.3822
 297.000       0.4199
 298.000       0.4561
 299.000       0.5379
 300.000       0.6866
 301.000       0.6848
 302.000       0.6023
 303.000       0.6626
 304.000       0.5676
 305.000       0.6008
 306.000       0.8195
 307.000       0.8485
 308.000       0.7385
 309.000       0.6153
 310.000       0.5624
 311.000       0.5371
 312.000       0.5956
 313.000       0.5450
 314.000       0.5137
 315.000       0.5388
 316.000       0.6709
 317.000       0.7704
 318.000       0.9593
 319.000       1.0208
 320.000       0.6661
 321.000       0.5544
 322.000       0.4695
 323.000       0.4814
 324.000       0.4308
 325.000       0.4176
 326.000       0.4425
 327.000       0.4739
 328.000       0.4943
 329.000       0.5321
 330.000       0.6345
 331.000       0.8192
 332.000       0.9435
 333.000       0.8445
 334.000       0.6978
 335.000       0.5659
 336.000       0.5215
 337.000       0.4508
 338.000       0.4287
 339.000       0.3660
 340.000       0.4555
 341.000       0.3845
 342.000       0.3852
 343.000       0.4248
 344.000       0.4650
 345.000       0.6003
 346.000       0.5620
 347.000       0.4580
 348.000       0.5126
 349.000       0.6436
 350.000       0.5712
 351.000       0.6473
 352.000       0.8351
 353.000       0.8052
 354.000       0.8587
 355.000       0.7517
 356.000       0.7556
 357.000       0.7676
 358.000       0.6781
 359.000       0.6382
 360.000       0.6590
 361.000       0.6417
 362.000       0.5318
 363.000       0.5723
 364.000       0.6611
 365.000       0.5906
 366.000       0.5332
 367.000       0.6039
 368.000       0.6759
 369.000       0.6325
 370.000       0.6346
 371.000       0.7381
 372.000       0.7937
 373.000       0.7843
 374.000       0.6991
 375.000       0.5786
 376.000       0.6293
 377.000       0.7131
 378.000       0.6531
 379.000       0.6396
 380.000       0.5541
 381.000       0.4905
 382.000       0.4742
 383.000       0.4507
 384.000       0.4500
 385.000       0.4847
 386.000       0.3938
 387.000       0.8108
 388.000       0.9901
 389.000       0.7972
 390.000       0.7913
 391.000       0.4484
 392.000       0.4509
 393.000       0.6478
 394.000       0.4764
 395.000       0.3425
 396.000       0.3660
 397.000       0.3953
 398.000       0.5011
 399.000       0.5310
 400.000       0.4678
 401.000       0.5283
 402.000       0.5500
 403.000       0.5955
 404.000       0.5529
 405.000       0.5321
 406.000       0.5978
 407.000       0.6753
 408.000       0.6199
 409.000       0.6270
 410.000       0.6201
 411.000       0.6042
 412.000       0.6128
 413.000       0.5573
 414.000       0.5982
 415.000       0.5201
 416.000       0.6099
 417.000       0.6537
 418.000       0.5157
 419.000       0.4423
 420.000       0.3967
 421.000       0.3941
 422.000       0.3494
 423.000       0.3314
 424.000       0.3037
 425.000       0.4004
 426.000       0.3621
 427.000       0.3601
 428.000       0.4541
 429.000       0.3979
 430.000       0.3538
 431.000       0.3436
 432.000       0.3707
 433.000       0.3344
 434.000       0.3468
 435.000       0.3438
 436.000       0.3569
 437.000       0.3296
 438.000       0.3486
 439.000       0.3770
 440.000       0.3790
 441.000       0.3998
 442.000       0.4292
 443.000       0.4124
 444.000       0.3928
 445.000       0.4174
 446.000       0.4500
 447.000       0.4601
 448.000       0.4807
 449.000       0.5239
 450.000       0.6000
 451.000       0.6752
 452.000       0.7211
 453.000       0.8261
 454.000       0.8181
 455.000       0.7747
 456.000       0.9135
 457.000       0.8508
 458.000       0.8897
 459.000       0.7427
 460.000       0.6388
 461.000       0.6445
 462.000       0.5187
 463.000       0.7251
 464.000       0.6688
 465.000       0.8321
 466.000       0.7938
 467.000       0.7857
 468.000       1.0965
 469.000       0.9913
 470.000       0.7527
 471.000       0.8274
 472.000       0.8415
 473.000       1.2638
 474.000       2.1408
 475.000       1.8427
 476.000       3.6129
 477.000       3.0598
 478.000       2.4716
 479.000       2.2294
 480.000       1.8986
 481.000       1.6902
 482.000       1.9165
 483.000       2.2066
 484.000       1.7505
 485.000       1.8363
 486.000       2.0230
 487.000       1.2315
 488.000       2.2523
 489.000       2.4812
 490.000       1.9874
 491.000       2.5007
 492.000       3.4661
 493.000       3.5242
 494.000       3.8055
 495.000       4.5947
 496.000       5.1763
 497.000       5.3033
 498.000       6.6533
 499.000       8.1424
