#Frame        fitprot
       1       0.0000
       2       0.6612
       3       0.7791
       4       0.8232
       5       0.9011
       6       1.1726
       7       1.3238
       8       1.4069
       9       1.3410
      10       1.4768
      11       1.4200
      12       1.3588
      13       1.3699
      14       1.3442
      15       1.4059
      16       1.4229
      17       1.4874
      18       1.4108
      19       1.4012
      20       1.4128
      21       1.3181
      22       1.3453
      23       1.3732
      24       1.3620
      25       1.2255
      26       1.0971
      27       1.0870
      28       1.0428
      29       1.0431
      30       1.2189
      31       1.2059
      32       1.2313
      33       1.1545
      34       1.3247
      35       1.3339
      36       1.2473
      37       1.4704
      38       1.5841
      39       1.5739
      40       1.5319
      41       1.5657
      42       1.4718
      43       1.3777
      44       1.4659
      45       1.5085
      46       1.6500
      47       1.6697
      48       1.4880
      49       1.5866
      50       1.6541
      51       1.5648
      52       1.5776
      53       1.6789
      54       1.3809
      55       1.4974
      56       1.4720
      57       1.4761
      58       1.3387
      59       1.3716
      60       1.2101
      61       1.1603
      62       1.2101
      63       1.3109
      64       1.1924
      65       1.2463
      66       1.2242
      67       1.0217
      68       1.1364
      69       1.2759
      70       1.3607
      71       1.2591
      72       1.2734
      73       1.2927
      74       1.2658
      75       1.3159
      76       1.2688
      77       1.3431
      78       1.3673
      79       1.4663
      80       1.5944
      81       1.5374
      82       1.4132
      83       1.4883
      84       1.4635
      85       1.5236
      86       1.4416
      87       1.5748
      88       1.5001
      89       1.5343
      90       1.4780
      91       1.4593
      92       1.5102
      93       1.7212
      94       1.5977
      95       1.5869
      96       1.5112
      97       1.3761
      98       1.3848
      99       1.3654
     100       1.3897
     101       1.3647
     102       1.4412
     103       1.6265
     104       1.6446
     105       1.5978
     106       1.6817
     107       1.5021
     108       1.5077
     109       1.4368
     110       1.4708
     111       1.4180
     112       1.5167
     113       1.5170
     114       1.4971
     115       1.5342
     116       1.5612
     117       1.4720
     118       1.4458
     119       1.4904
     120       1.6750
     121       1.5626
     122       1.5223
     123       1.7304
     124       1.5605
     125       1.6123
     126       1.5064
     127       1.5572
     128       1.4623
     129       1.3915
     130       1.3677
     131       1.4199
     132       1.6140
     133       1.7552
     134       1.6363
     135       1.5632
     136       1.4644
     137       1.5384
     138       1.4680
     139       1.4093
     140       1.4446
     141       1.5393
     142       1.4766
     143       1.4767
     144       1.4741
     145       1.5482
     146       1.5304
     147       1.4310
     148       1.4983
     149       1.3973
     150       1.3859
     151       1.5163
     152       1.5763
     153       1.5048
     154       1.5212
     155       1.5716
     156       1.5763
     157       1.4919
     158       1.6103
     159       1.6858
     160       1.6569
     161       1.6177
     162       1.5751
     163       1.5701
     164       1.4610
     165       1.5500
     166       1.4954
     167       1.5243
     168       1.5768
     169       1.5995
     170       1.5143
     171       1.5248
     172       1.6010
     173       1.5200
     174       1.6536
     175       1.6154
     176       1.6743
     177       1.6415
     178       1.6253
     179       1.6892
     180       1.8475
     181       1.9051
     182       1.9698
     183       1.9588
     184       1.9276
     185       1.7639
     186       1.8202
     187       1.7935
     188       1.7043
     189       1.6019
     190       1.6926
     191       1.6327
     192       1.6834
     193       1.6295
     194       1.5823
     195       1.5845
     196       1.6310
     197       1.7463
     198       1.6479
     199       1.6691
     200       1.7286
     201       1.6841
     202       1.6972
     203       1.7090
     204       1.6069
     205       1.6688
     206       1.6262
     207       1.7258
     208       1.7826
     209       1.5569
     210       1.7348
     211       1.7363
     212       1.5272
     213       1.6798
     214       1.5948
     215       1.6510
     216       1.6102
     217       1.6003
     218       1.7411
     219       1.7652
     220       1.7098
     221       1.7047
     222       1.6597
     223       1.7080
     224       1.6361
     225       1.6451
     226       1.7242
     227       1.7760
     228       1.6786
     229       1.5666
     230       1.7060
     231       1.6677
     232       1.6206
     233       1.6421
     234       1.6795
     235       1.5807
     236       1.5786
     237       1.7190
     238       1.5757
     239       1.6231
     240       1.4915
     241       1.4531
     242       1.5257
     243       1.5692
     244       1.5471
     245       1.4441
     246       1.4650
     247       1.4568
     248       1.4394
     249       1.3849
     250       1.3251
     251       1.4127
     252       1.3959
     253       1.5109
     254       1.4391
     255       1.3558
     256       1.3386
     257       1.3899
     258       1.4838
     259       1.5103
     260       1.4417
     261       1.3563
     262       1.3159
     263       1.3908
     264       1.4295
     265       1.4197
     266       1.4088
     267       1.5691
     268       1.5097
     269       1.5486
     270       1.5217
     271       1.4875
     272       1.5236
     273       1.7081
     274       1.6085
     275       1.6154
     276       1.6030
     277       1.6301
     278       1.6022
     279       1.5523
     280       1.6998
     281       1.6567
     282       1.5496
     283       1.4549
     284       1.5160
     285       1.4758
     286       1.5702
     287       1.5004
     288       1.5812
     289       1.6209
     290       1.6311
     291       1.5818
     292       1.6449
     293       1.6018
     294       1.5963
     295       1.6694
     296       1.7296
     297       1.8200
     298       1.6682
     299       1.6533
     300       1.5721
     301       1.5681
     302       1.4872
     303       1.4341
     304       1.4048
     305       1.4344
     306       1.4231
     307       1.4174
     308       1.4457
     309       1.4960
     310       1.5393
     311       1.6615
     312       1.7701
     313       1.7459
     314       1.8377
     315       1.8621
     316       1.7487
     317       1.6796
     318       1.7875
     319       1.6302
     320       1.7332
     321       1.7846
     322       1.6536
     323       1.6283
     324       1.5737
     325       1.5864
     326       1.6091
     327       1.6123
     328       1.8950
     329       1.7034
     330       1.5331
     331       1.6232
     332       1.6070
     333       1.7822
     334       1.7086
     335       1.6935
     336       1.6507
     337       1.7173
     338       1.7858
     339       1.8623
     340       2.0245
     341       1.9001
     342       1.9579
     343       2.0383
     344       1.8206
     345       1.7906
     346       1.7362
     347       1.7972
     348       1.6910
     349       1.7188
     350       1.5383
     351       1.6111
     352       1.6129
     353       1.7729
     354       1.6940
     355       1.6611
     356       1.6018
     357       1.6206
     358       1.6068
     359       1.5999
     360       1.5324
     361       1.4467
     362       1.6676
     363       1.5904
     364       1.6595
     365       1.7251
     366       1.6301
     367       1.7127
     368       1.5327
     369       1.5617
     370       1.5959
     371       1.5457
     372       1.6985
     373       1.5961
     374       1.6422
     375       1.6137
     376       1.6728
     377       1.4180
     378       1.5613
     379       1.6988
     380       1.6554
     381       1.6400
     382       1.6111
     383       1.5959
     384       1.7371
     385       1.7552
     386       1.7669
     387       1.6004
     388       1.6912
     389       1.7684
     390       1.7523
     391       1.6381
     392       1.6466
     393       1.5391
     394       1.5287
     395       1.6018
     396       1.5696
     397       1.6296
     398       1.5668
     399       1.4746
     400       1.5759
     401       1.5696
     402       1.5767
     403       1.6636
     404       1.6917
     405       1.7274
     406       1.5382
     407       1.5624
     408       1.4796
     409       1.5209
     410       1.5381
     411       1.6039
     412       1.5211
     413       1.5003
     414       1.5061
     415       1.5403
     416       1.5295
     417       1.5229
     418       1.4898
     419       1.4574
     420       1.5964
     421       1.5039
     422       1.4686
     423       1.4568
     424       1.4917
     425       1.4861
     426       1.5310
     427       1.4636
     428       1.4861
     429       1.4990
     430       1.5346
     431       1.5862
     432       1.6557
     433       1.8075
     434       1.7393
     435       1.6473
     436       1.6142
     437       1.5354
     438       1.8024
     439       1.5302
     440       1.6620
     441       1.6178
     442       1.5474
     443       1.6245
     444       1.6501
     445       1.7471
     446       1.6661
     447       1.7284
     448       1.7159
     449       1.6064
     450       1.6737
     451       1.7802
     452       1.7440
     453       1.7477
     454       1.6508
     455       1.6873
     456       1.6665
     457       1.6569
     458       1.6271
     459       1.6213
     460       1.6306
     461       1.7944
     462       1.7142
     463       1.5226
     464       1.5866
     465       1.6441
     466       1.6043
     467       1.5961
     468       1.5855
     469       1.5392
     470       1.4870
     471       1.5364
     472       1.5243
     473       1.4843
     474       1.5469
     475       1.5799
     476       1.7749
     477       1.7267
     478       1.6828
     479       1.7046
     480       1.7653
     481       1.7604
     482       1.6936
     483       1.6295
     484       1.7627
     485       1.7671
     486       1.8321
     487       1.6707
     488       1.6513
     489       1.5654
     490       1.6909
     491       1.7796
     492       1.9067
     493       1.7951
     494       1.6682
     495       1.8791
     496       1.7483
     497       1.7608
     498       1.8500
     499       1.7703
     500       1.6557
     501       1.8183
     502       1.7939
     503       1.6462
     504       1.8018
     505       1.9256
     506       1.7423
     507       1.7544
     508       1.7862
     509       1.6682
     510       1.6470
     511       1.6610
     512       1.6796
     513       1.6574
     514       1.7747
     515       1.8228
     516       1.7861
     517       1.8037
     518       1.9321
     519       1.8479
     520       1.8672
     521       1.7902
     522       1.7301
     523       1.8092
     524       2.0234
     525       1.7519
     526       1.7494
     527       1.7572
     528       1.6588
     529       1.7031
     530       1.9059
     531       1.8269
     532       1.8132
     533       1.8408
     534       1.7291
     535       1.7651
     536       1.7116
     537       1.6131
     538       1.5225
     539       1.5490
     540       1.6810
     541       1.7495
     542       1.6138
     543       1.6100
     544       1.4979
     545       1.5330
     546       1.6495
     547       1.6275
     548       1.5567
     549       1.6460
     550       1.9142
     551       1.6778
     552       1.7715
     553       1.7538
     554       1.6594
     555       1.7137
     556       1.8194
     557       1.8437
     558       1.9175
     559       2.0081
     560       1.8500
     561       1.7724
     562       1.8020
     563       1.6129
     564       1.6872
     565       1.5351
     566       1.5535
     567       1.5392
     568       1.7711
     569       1.7468
     570       1.6751
     571       1.6858
     572       1.7109
     573       1.7077
     574       1.6775
     575       1.6718
     576       1.5710
     577       1.7227
     578       1.7136
     579       1.6429
     580       1.7666
     581       1.9123
     582       1.8854
     583       1.7850
     584       1.7659
     585       1.8765
     586       1.7829
     587       1.7132
     588       1.7586
     589       1.7343
     590       1.6661
     591       1.7869
     592       1.6958
     593       1.6857
     594       1.5171
     595       1.5769
     596       1.6621
     597       1.8431
     598       1.6198
     599       1.6296
     600       1.7325
     601       1.7605
     602       1.7468
     603       1.7715
     604       1.6765
     605       1.7942
     606       1.7471
     607       1.6395
     608       1.7991
     609       1.7680
     610       1.8701
     611       1.7008
     612       1.7999
     613       1.7225
     614       1.7647
     615       1.9609
     616       2.1270
     617       2.0916
     618       2.0442
     619       2.1480
     620       2.0373
     621       2.0968
     622       2.1359
     623       2.0447
     624       2.1296
     625       1.9567
     626       1.9430
     627       1.9922
     628       1.8827
     629       1.9087
     630       1.7288
     631       1.8178
     632       1.9478
     633       1.9447
     634       2.0279
     635       1.9634
     636       2.0604
     637       1.9942
     638       1.9676
     639       1.9879
     640       1.9604
     641       1.9182
     642       1.9503
     643       1.8536
     644       2.0345
     645       2.0565
     646       1.8790
     647       1.8656
     648       2.0056
     649       2.0816
     650       2.0608
     651       2.0991
     652       2.1015
     653       2.1296
     654       2.0647
     655       2.0443
     656       2.0116
     657       2.0188
     658       2.0899
     659       1.9569
     660       2.0277
     661       1.8785
     662       1.9721
     663       2.1001
     664       2.0190
     665       1.9752
     666       1.9384
     667       1.8386
     668       1.8285
     669       1.9294
     670       1.9309
     671       1.7873
     672       1.8742
     673       1.9449
     674       1.8902
     675       1.7481
     676       1.9486
     677       1.7587
     678       1.8444
     679       1.8446
     680       1.8794
     681       1.9304
     682       1.7537
     683       1.6881
     684       1.7037
     685       1.7477
     686       1.7540
     687       1.6916
     688       1.7110
     689       1.6416
     690       1.7317
     691       1.8791
     692       1.9639
     693       1.9021
     694       1.9199
     695       1.9139
     696       1.8612
     697       1.7381
     698       1.7842
     699       1.6860
     700       1.6471
     701       1.7509
     702       1.9073
     703       1.8537
     704       1.7714
     705       1.6522
     706       1.6368
     707       1.6825
     708       1.5954
     709       1.5472
     710       1.5342
     711       1.7371
     712       1.7356
     713       1.7413
     714       1.5518
     715       1.5963
     716       1.7317
     717       1.8343
     718       1.8262
     719       1.8434
     720       1.7323
     721       1.7539
     722       1.7584
     723       1.9162
     724       1.8282
     725       1.7469
     726       1.7692
     727       1.5849
     728       1.5498
     729       1.5935
     730       1.6885
     731       1.5655
     732       1.4313
     733       1.4990
     734       1.4743
     735       1.5377
     736       1.5790
     737       1.5018
     738       1.5083
     739       1.6333
     740       1.6192
     741       1.7373
     742       1.6691
     743       1.5467
     744       1.7294
     745       1.7601
     746       1.7089
     747       1.8452
     748       1.7527
     749       1.8069
     750       1.8835
     751       1.8833
     752       1.9563
     753       1.8365
     754       1.8200
     755       1.8882
     756       1.8030
     757       1.7064
     758       1.7187
     759       1.7791
     760       1.9072
     761       1.8999
     762       1.8443
     763       1.7922
     764       1.7451
     765       1.6017
     766       1.7397
     767       1.6145
     768       1.5507
     769       1.6280
     770       1.8009
     771       1.6444
     772       1.6445
     773       1.5881
     774       1.4331
     775       1.3335
     776       1.4910
     777       1.4914
     778       1.5271
     779       1.6541
     780       1.7531
     781       1.6778
     782       1.8159
     783       1.8720
     784       1.7819
     785       1.7969
     786       1.7892
     787       1.8071
     788       1.7214
     789       1.8077
     790       1.7005
     791       1.8160
     792       1.8629
     793       1.8775
     794       1.7441
     795       1.7094
     796       1.6959
     797       1.6276
     798       1.6122
     799       1.5079
     800       1.5745
     801       1.4970
     802       1.5683
     803       1.5678
     804       1.6157
     805       1.6321
     806       1.6286
     807       1.8423
     808       1.7542
     809       1.8657
     810       1.8602
     811       1.7274
     812       1.7024
     813       1.6816
     814       1.7193
     815       1.5879
     816       1.6813
     817       1.7254
     818       1.7844
     819       1.7144
     820       1.7669
     821       1.7270
     822       1.7847
     823       1.7613
     824       1.6452
     825       1.6621
     826       1.5996
     827       1.6355
     828       1.5426
     829       1.6209
     830       1.6086
     831       1.7646
     832       1.9063
     833       1.8752
     834       1.9485
     835       1.8105
     836       1.7826
     837       1.7370
     838       1.7735
     839       1.8589
     840       1.9164
     841       1.8647
     842       1.7733
     843       1.8818
     844       1.7686
     845       1.7506
     846       1.6214
     847       1.6401
     848       1.7340
     849       1.6688
     850       1.8412
     851       1.7902
     852       1.7763
     853       1.7201
     854       1.7610
     855       1.7604
     856       1.8984
     857       1.8272
     858       1.8232
     859       1.8450
     860       1.7506
     861       1.7018
     862       1.7554
     863       1.6706
     864       1.6121
     865       1.6858
     866       1.7576
     867       1.6830
     868       1.6694
     869       1.8983
     870       1.9583
     871       1.9709
     872       1.9120
     873       1.9929
     874       2.0126
     875       2.0557
     876       2.0816
     877       1.9483
     878       1.8728
     879       1.6650
     880       1.8410
     881       1.7539
     882       1.8558
     883       1.7405
     884       1.7187
     885       1.7109
     886       1.6621
     887       1.9045
     888       1.9882
     889       2.0314
     890       1.8615
     891       1.6952
     892       1.7212
     893       1.7856
     894       1.7800
     895       1.7104
     896       1.6890
     897       1.6429
     898       1.8641
     899       1.7363
     900       1.8642
     901       2.1203
     902       2.0519
     903       2.0436
     904       1.9448
     905       1.9006
     906       1.9437
     907       1.9760
     908       1.9503
     909       2.0785
     910       1.9868
     911       1.8673
     912       1.9152
     913       1.8172
     914       1.6412
     915       1.7393
     916       1.6905
     917       1.7226
     918       1.7542
     919       1.7058
     920       1.8055
     921       1.9389
     922       1.9951
     923       1.7961
     924       1.9032
     925       1.9242
     926       1.8524
     927       1.8240
     928       1.8181
     929       2.0393
     930       1.9812
     931       1.8919
     932       1.7453
     933       1.7694
     934       1.9040
     935       1.9376
     936       1.9926
     937       1.9070
     938       1.8316
     939       1.8479
     940       1.8089
     941       1.7923
     942       1.8408
     943       1.8361
     944       1.6636
     945       1.7018
     946       1.7275
     947       1.7742
     948       1.7528
     949       1.7778
     950       1.8169
     951       1.7154
     952       1.7472
     953       1.6710
     954       1.6802
     955       1.7859
     956       1.7116
     957       1.7098
     958       1.6212
     959       1.7364
     960       1.6637
     961       1.4581
     962       1.4337
     963       1.5396
     964       1.5882
     965       1.4951
     966       1.5916
     967       1.6923
     968       1.5545
     969       1.6969
     970       1.7864
     971       1.7547
     972       1.8619
     973       1.7749
     974       1.6676
     975       1.7308
     976       1.7953
     977       1.8047
     978       1.9217
     979       1.8818
     980       1.7618
     981       1.9134
     982       1.7957
     983       1.8234
     984       1.9215
     985       1.9558
     986       1.8382
     987       1.6845
     988       1.8225
     989       1.8535
     990       2.0442
     991       1.9657
     992       1.9615
     993       1.8638
     994       1.9002
     995       1.7667
     996       1.7718
     997       1.7913
     998       1.6635
     999       1.7169
    1000       1.7096
