Run semi-empirical minimization
 &qmmm
    qm_theory='AM1', grms_tol=0.0005,
 scfconv=1.d-10, ndiis_attempts=700,   qmcharge=0,
 /
   6    C1       -3.7830       -0.6290       -2.0660 
   6    C2       -3.0600       -0.3760       -0.7700 
   6    C3       -1.6730       -0.1360       -0.7960 
   6    C4       -0.9490        0.1180        0.3790 
   6    C5        0.5110        0.3390        0.3100 
   8    O1        1.1620       -0.5920       -0.4910 
   6    C6        2.5220       -0.5010       -0.6420 
   6    C7        3.1370       -1.4640       -1.4430 
   6    C8        4.5190       -1.4280       -1.6400 
   6    C9        5.2860       -0.4290       -1.0370 
   6   C10        4.6700        0.5320       -0.2390 
   8    O2        5.4800        1.4820        0.3200 
   6   C11        3.2870        0.4940       -0.0410 
   6   C12        2.6010        1.4840        0.7900 
   8    O3        3.2050        2.3980        1.3480 
   6   C13        1.1330        1.3520        0.9420 
   8    O4        0.4920        2.3000        1.7180 
   6   C14       -1.6350        0.1130        1.5980 
   6   C15       -3.0120       -0.1210        1.6400 
   6   C16       -3.7430       -0.3640        0.4650 
   6   C17       -5.2340       -0.6120        0.5510 
   9    F1       -5.9610        0.2720       -0.1880 
   9    F2       -5.7290       -0.5230        1.8190 
   9    F3       -5.5870       -1.8520        0.1080 
   1    H1       -3.0860       -0.5950       -2.8770 
   1    H2       -4.5330        0.1210       -2.2090 
   1    H3       -4.2460       -1.5940       -2.0340 
   1    H4       -1.1770       -0.1460       -1.7010 
   1    H5        2.5700       -2.2030       -1.8890 
   1    H6        4.9740       -2.1400       -2.2320 
   1    H7        6.3070       -0.4020       -1.1830 
   1    H8        6.4030        1.4650        0.1580 
   1    H9        0.9870        2.9800        2.1300 
   1   H10       -1.1190        0.2840        2.4750 
   1   H11       -3.5000       -0.1150        2.5500 

