#Frame        fitprot
       1       0.0000
       2       0.6969
       3       0.7062
       4       0.8106
       5       0.8900
       6       0.8862
       7       0.8579
       8       0.9620
       9       0.9898
      10       1.1462
      11       1.0244
      12       1.0151
      13       1.0405
      14       1.0473
      15       1.0114
      16       1.1233
      17       1.0644
      18       1.0337
      19       1.0692
      20       1.0316
      21       1.1482
      22       1.0926
      23       1.0722
      24       1.2180
      25       1.2086
      26       1.1296
      27       1.0656
      28       1.1035
      29       1.1312
      30       1.1339
      31       1.1357
      32       1.2145
      33       1.0809
      34       1.3170
      35       1.3236
      36       1.2434
      37       1.2347
      38       1.2009
      39       1.2803
      40       1.1813
      41       1.0944
      42       1.2543
      43       1.2640
      44       1.2713
      45       1.3005
      46       1.2100
      47       1.2189
      48       1.2364
      49       1.2123
      50       1.3116
      51       1.2201
      52       1.2926
      53       1.2855
      54       1.3103
      55       1.3168
      56       1.3279
      57       1.2549
      58       1.3420
      59       1.3994
      60       1.2416
      61       1.3624
      62       1.3842
      63       1.2063
      64       1.3344
      65       1.2327
      66       1.3228
      67       1.2382
      68       1.2457
      69       1.2761
      70       1.2078
      71       1.1738
      72       1.1615
      73       1.0936
      74       1.1510
      75       1.2269
      76       1.1876
      77       1.2222
      78       1.2277
      79       1.3607
      80       1.2229
      81       1.3677
      82       1.3846
      83       1.3145
      84       1.2600
      85       1.2872
      86       1.3197
      87       1.3825
      88       1.2558
      89       1.3357
      90       1.2982
      91       1.4741
      92       1.4913
      93       1.4068
      94       1.3978
      95       1.3813
      96       1.4494
      97       1.4723
      98       1.4195
      99       1.3147
     100       1.3838
     101       1.1572
     102       1.1876
     103       1.1544
     104       1.2444
     105       1.1789
     106       1.2308
     107       1.2455
     108       1.1933
     109       1.1855
     110       1.1689
     111       1.2666
     112       1.3688
     113       1.2377
     114       1.2216
     115       1.3235
     116       1.4822
     117       1.4674
     118       1.4556
     119       1.3429
     120       1.2058
     121       1.0843
     122       1.1552
     123       1.3011
     124       1.2127
     125       1.1730
     126       1.1756
     127       1.2591
     128       1.2140
     129       1.1625
     130       1.0732
     131       1.1891
     132       1.1561
     133       1.2031
     134       1.1968
     135       1.2916
     136       1.1856
     137       1.1852
     138       1.3193
     139       1.2461
     140       1.2240
     141       1.1807
     142       1.3006
     143       1.3752
     144       1.4284
     145       1.4573
     146       1.3552
     147       1.4615
     148       1.4205
     149       1.4156
     150       1.4372
     151       1.3809
     152       1.4303
     153       1.4836
     154       1.3947
     155       1.4691
     156       1.4583
     157       1.4268
     158       1.4375
     159       1.3520
     160       1.1147
     161       1.1363
     162       1.1054
     163       1.1254
     164       1.2688
     165       1.1981
     166       1.1154
     167       1.1387
     168       1.1537
     169       1.2482
     170       1.3330
     171       1.3448
     172       1.4526
     173       1.4520
     174       1.3758
     175       1.2885
     176       1.3073
     177       1.2938
     178       1.4025
     179       1.3439
     180       1.2516
     181       1.2240
     182       1.2953
     183       1.2920
     184       1.3406
     185       1.3576
     186       1.3893
     187       1.2910
     188       1.2451
     189       1.3375
     190       1.2529
     191       1.3276
     192       1.2623
     193       1.3187
     194       1.2370
     195       1.3010
     196       1.2525
     197       1.2849
     198       1.2155
     199       1.2534
     200       1.2002
     201       1.3195
     202       1.2087
     203       1.3702
     204       1.2450
     205       1.2803
     206       1.3425
     207       1.4676
     208       1.3631
     209       1.2216
     210       1.2690
     211       1.3196
     212       1.4294
     213       1.3896
     214       1.2910
     215       1.3160
     216       1.2274
     217       1.0991
     218       1.2215
     219       1.2411
     220       1.2378
     221       1.3201
     222       1.3046
     223       1.4235
     224       1.4570
     225       1.4059
     226       1.4018
     227       1.3761
     228       1.3812
     229       1.3988
     230       1.3833
     231       1.2802
     232       1.3065
     233       1.3256
     234       1.2824
     235       1.2444
     236       1.3635
     237       1.5672
     238       1.5011
     239       1.4961
     240       1.4634
     241       1.4614
     242       1.2542
     243       1.5352
     244       1.4050
     245       1.4426
     246       1.4256
     247       1.4231
     248       1.3435
     249       1.2628
     250       1.3216
     251       1.2728
     252       1.3066
     253       1.3863
     254       1.3976
     255       1.3208
     256       1.2958
     257       1.2503
     258       1.3225
     259       1.3881
     260       1.3224
     261       1.3836
     262       1.3669
     263       1.3672
     264       1.4626
     265       1.3205
     266       1.4027
     267       1.4092
     268       1.4605
     269       1.5156
     270       1.5090
     271       1.5143
     272       1.4684
     273       1.5454
     274       1.4064
     275       1.5289
     276       1.6059
     277       1.8396
     278       1.6464
     279       1.7260
     280       1.6623
     281       1.5367
     282       1.5334
     283       1.6222
     284       1.4803
     285       1.5209
     286       1.5353
     287       1.5056
     288       1.5103
     289       1.4821
     290       1.5747
     291       1.4562
     292       1.6353
     293       1.7112
     294       1.8387
     295       1.6170
     296       1.5835
     297       1.5733
     298       1.6982
     299       1.7564
     300       1.6613
     301       1.9144
     302       2.0772
     303       1.9903
     304       1.8105
     305       1.7485
     306       1.7321
     307       1.8237
     308       1.8802
     309       1.9162
     310       1.9698
     311       1.7411
     312       1.8590
     313       1.8371
     314       1.8491
     315       1.7998
     316       1.7841
     317       1.5989
     318       1.6627
     319       1.5995
     320       1.6204
     321       1.7880
     322       1.6567
     323       1.6836
     324       1.4752
     325       1.4578
     326       1.5264
     327       1.4937
     328       1.6300
     329       1.4946
     330       1.4922
     331       1.4450
     332       1.5417
     333       1.6254
     334       1.5307
     335       1.5123
     336       1.4932
     337       1.6217
     338       1.5565
     339       1.6416
     340       1.5062
     341       1.6041
     342       1.6140
     343       1.5827
     344       1.5183
     345       1.3904
     346       1.3900
     347       1.2544
     348       1.2594
     349       1.3440
     350       1.4621
     351       1.4600
     352       1.6523
     353       1.6698
     354       1.6706
     355       1.6591
     356       1.6577
     357       1.5640
     358       1.5330
     359       1.5402
     360       1.5232
     361       1.6870
     362       1.5839
     363       1.5013
     364       1.4138
     365       1.4699
     366       1.5388
     367       1.4760
     368       1.7204
     369       1.6784
     370       1.7121
     371       1.5838
     372       1.7049
     373       1.6315
     374       1.5709
     375       1.5061
     376       1.5675
     377       1.4704
     378       1.4924
     379       1.4924
     380       1.5020
     381       1.5409
     382       1.4217
     383       1.3277
     384       1.4528
     385       1.5396
     386       1.5415
     387       1.6465
     388       1.7548
     389       1.7967
     390       1.6135
     391       1.5885
     392       1.7056
     393       1.8110
     394       1.8976
     395       1.9009
     396       1.8755
     397       2.0684
     398       1.8894
     399       1.9645
     400       1.9060
     401       1.8573
     402       1.7674
     403       1.7126
     404       1.7816
     405       1.8300
     406       1.8228
     407       1.7742
     408       1.8082
     409       1.7646
     410       1.7200
     411       1.6507
     412       1.6827
     413       1.7252
     414       1.7209
     415       1.8582
     416       1.9641
     417       2.0440
     418       1.9446
     419       1.7685
     420       1.7140
     421       1.7435
     422       1.7290
     423       1.7267
     424       1.6524
     425       1.7374
     426       1.8630
     427       1.9264
     428       1.8545
     429       1.8510
     430       1.6928
     431       1.6352
     432       1.5996
     433       1.6701
     434       1.6658
     435       1.6926
     436       1.7059
     437       1.8241
     438       1.6720
     439       1.6745
     440       1.5991
     441       1.6611
     442       1.8426
     443       1.9007
     444       1.9038
     445       1.8568
     446       1.6792
     447       1.7145
     448       1.5529
     449       1.7002
     450       1.6467
     451       1.7122
     452       1.8028
     453       1.7477
     454       1.7130
     455       1.8662
     456       1.9392
     457       1.8179
     458       1.8405
     459       1.9632
     460       1.9838
     461       1.7766
     462       1.7321
     463       1.8152
     464       1.9352
     465       1.9281
     466       1.7833
     467       1.7637
     468       1.6617
     469       1.6298
     470       1.6009
     471       1.6940
     472       1.5606
     473       1.7433
     474       1.7932
     475       2.0059
     476       2.0924
     477       2.1993
     478       1.9127
     479       1.8475
     480       1.8806
     481       1.8917
     482       1.7846
     483       1.8461
     484       2.1188
     485       1.9158
     486       1.9297
     487       1.8257
     488       1.7878
     489       2.0477
     490       2.0455
     491       1.8442
     492       1.6823
     493       1.7052
     494       1.7279
     495       2.0398
     496       1.8186
     497       1.8745
     498       1.8547
     499       1.8500
     500       1.8262
     501       1.7206
     502       1.8155
     503       1.9114
     504       1.8430
     505       1.8093
     506       1.7964
     507       1.7228
     508       1.7949
     509       1.8304
     510       1.8203
     511       1.9096
     512       1.8607
     513       1.9317
     514       1.9562
     515       1.8367
     516       1.8119
     517       1.7215
     518       1.5774
     519       1.5351
     520       1.4796
     521       1.4553
     522       1.6146
     523       1.4971
     524       1.4960
     525       1.5386
     526       1.4655
     527       1.4396
     528       1.5135
     529       1.5795
     530       1.6304
     531       1.4487
     532       1.5305
     533       1.6073
     534       1.5881
     535       1.5501
     536       1.6060
     537       1.4263
     538       1.5992
     539       1.6543
     540       1.7151
     541       1.8735
     542       1.8574
     543       1.7897
     544       1.6815
     545       1.7295
     546       1.8307
     547       1.8166
     548       1.6700
     549       1.6582
     550       1.6265
     551       1.6334
     552       1.6158
     553       1.5617
     554       1.5390
     555       1.4155
     556       1.4437
     557       1.4368
     558       1.4684
     559       1.5439
     560       1.5783
     561       1.5103
     562       1.5523
     563       1.6108
     564       1.5097
     565       1.5693
     566       1.5606
     567       1.4403
     568       1.4123
     569       1.5610
     570       1.5476
     571       1.5477
     572       1.6829
     573       1.7827
     574       1.6083
     575       1.7551
     576       1.6195
     577       1.7326
     578       1.5912
     579       1.7073
     580       1.7478
     581       1.7478
     582       1.5980
     583       1.7437
     584       1.6599
     585       1.6484
     586       1.6876
     587       1.8188
     588       1.9960
     589       2.0612
     590       2.0852
     591       2.0897
     592       2.0326
     593       2.0214
     594       1.9500
     595       2.0748
     596       1.9456
     597       2.0194
     598       1.9476
     599       1.9081
     600       1.7991
     601       1.6923
     602       1.5944
     603       1.6555
     604       1.6169
     605       1.8215
     606       1.8092
     607       1.7074
     608       1.7707
     609       1.9120
     610       1.9079
     611       1.8283
     612       1.6994
     613       1.7750
     614       1.6276
     615       1.6498
     616       1.7500
     617       1.8857
     618       1.9462
     619       1.7673
     620       1.9395
     621       1.9754
     622       2.0176
     623       1.9188
     624       1.7849
     625       1.7561
     626       1.7578
     627       1.6454
     628       1.6124
     629       1.6325
     630       1.6559
     631       1.6824
     632       1.7963
     633       1.6348
     634       1.4999
     635       1.4701
     636       1.5757
     637       1.6035
     638       1.5152
     639       1.6642
     640       1.8263
     641       1.8544
     642       1.9206
     643       1.9162
     644       1.8985
     645       1.7829
     646       1.7841
     647       1.8874
     648       1.8473
     649       1.9276
     650       1.9463
     651       1.7928
     652       1.7680
     653       1.7360
     654       1.6017
     655       1.6835
     656       1.7272
     657       1.6634
     658       1.6882
     659       1.7785
     660       1.7794
     661       1.7856
     662       1.6385
     663       1.7887
     664       1.7866
     665       1.6643
     666       1.6729
     667       1.7683
     668       1.7807
     669       1.7637
     670       1.8140
     671       1.7057
     672       1.7304
     673       2.0380
     674       1.9682
     675       1.9955
     676       1.8687
     677       1.9226
     678       1.9348
     679       1.8123
     680       1.9260
     681       1.6012
     682       1.8246
     683       1.7384
     684       1.7642
     685       1.9330
     686       1.8131
     687       1.8762
     688       1.7325
     689       1.6456
     690       1.8151
     691       1.8721
     692       1.9763
     693       1.9000
     694       1.9165
     695       1.7105
     696       1.8553
     697       1.7936
     698       1.7325
     699       1.9602
     700       2.0184
     701       1.8621
     702       1.9219
     703       1.8733
     704       1.8436
     705       1.9060
     706       1.7845
     707       1.6692
     708       1.7806
     709       1.7354
     710       1.6081
     711       1.7098
     712       1.8328
     713       1.7468
     714       1.8225
     715       2.0856
     716       1.8978
     717       1.9044
     718       1.9207
     719       1.8415
     720       1.8078
     721       2.1221
     722       2.0063
     723       1.9427
     724       1.9641
     725       1.9955
     726       2.0136
     727       1.9065
     728       1.7916
     729       1.8590
     730       1.7585
     731       1.6955
     732       1.8062
     733       1.8021
     734       1.8340
     735       1.7925
     736       1.7482
     737       1.7658
     738       1.7774
     739       1.6418
     740       1.6106
     741       1.5474
     742       1.6573
     743       1.8257
     744       1.8669
     745       1.8852
     746       1.9243
     747       1.9991
     748       2.0096
     749       2.0458
     750       2.0248
     751       1.9881
     752       1.9584
     753       1.9083
     754       1.8705
     755       1.9379
     756       1.7789
     757       1.9037
     758       2.0092
     759       1.9829
     760       2.0692
     761       1.9537
     762       1.8659
     763       1.7999
     764       1.6166
     765       1.7864
     766       1.7162
     767       1.8197
     768       1.8837
     769       1.8493
     770       1.8732
     771       1.9634
     772       1.9177
     773       1.9363
     774       1.9492
     775       1.8366
     776       1.7663
     777       1.9232
     778       2.0532
     779       1.8744
     780       1.8773
     781       1.9967
     782       1.7980
     783       2.0630
     784       1.9265
     785       1.6810
     786       1.7143
     787       1.7877
     788       1.6249
     789       1.7630
     790       1.9474
     791       1.7785
     792       1.6541
     793       1.7167
     794       1.6740
     795       1.7379
     796       1.6602
     797       1.7190
     798       1.7439
     799       1.7206
     800       1.6167
     801       1.5703
     802       1.6675
     803       1.8155
     804       1.8111
     805       1.7247
     806       1.6456
     807       1.7266
     808       1.8391
     809       1.6788
     810       1.7991
     811       1.8034
     812       1.6953
     813       1.7690
     814       1.7817
     815       1.6890
     816       1.7151
     817       1.7157
     818       1.6754
     819       1.8192
     820       1.7740
     821       1.8491
     822       1.8739
     823       1.9043
     824       1.9310
     825       1.8615
     826       1.8004
     827       1.7886
     828       1.7844
     829       1.8630
     830       1.6821
     831       1.7545
     832       1.8470
     833       1.9784
     834       1.7737
     835       1.8178
     836       1.8949
     837       1.7854
     838       1.8178
     839       1.8125
     840       1.7940
     841       1.9345
     842       1.8206
     843       1.9018
     844       1.8328
     845       1.8808
     846       1.9896
     847       1.9103
     848       1.9940
     849       1.9359
     850       2.0671
     851       1.8456
     852       1.8911
     853       1.9027
     854       1.9660
     855       1.8093
     856       1.9996
     857       1.8766
     858       2.0507
     859       2.0387
     860       1.9193
     861       1.9523
     862       1.9647
     863       2.0022
     864       2.0635
     865       2.1419
     866       1.9910
     867       1.8260
     868       2.0416
     869       1.8497
     870       1.8988
     871       1.9283
     872       1.8739
     873       2.2100
     874       2.0057
     875       1.9367
     876       2.0013
     877       1.9254
     878       1.9337
     879       1.9374
     880       1.8868
     881       1.9070
     882       1.8208
     883       2.0077
     884       2.0127
     885       1.9263
     886       1.9901
     887       1.7980
     888       1.8899
     889       1.8995
     890       1.7451
     891       1.8678
     892       1.8795
     893       2.0029
     894       1.8831
     895       1.8634
     896       1.7755
     897       1.7406
     898       1.8606
     899       2.0513
     900       2.0186
     901       2.1085
     902       1.9857
     903       1.8982
     904       1.9684
     905       1.9000
     906       1.9088
     907       1.8197
     908       1.7976
     909       1.7457
     910       1.7678
     911       1.7902
     912       1.6712
     913       1.7685
     914       1.7512
     915       1.6834
     916       1.7242
     917       1.9365
     918       1.8203
     919       1.6979
     920       1.6877
     921       1.8080
     922       1.7892
     923       1.7227
     924       1.7814
     925       1.7899
     926       1.8373
     927       1.7575
     928       1.9157
     929       1.8050
     930       1.8618
     931       1.9347
     932       1.9374
     933       2.0059
     934       1.9380
     935       1.9207
     936       2.0223
     937       1.8976
     938       2.0424
     939       1.9512
     940       1.9599
     941       2.1536
     942       2.0868
     943       1.8654
     944       1.8479
     945       1.9869
     946       1.8924
     947       1.8367
     948       1.8213
     949       1.7858
     950       1.9611
     951       1.9550
     952       1.8158
     953       1.9790
     954       1.9728
     955       1.8664
     956       1.9449
     957       1.8582
     958       1.9209
     959       1.7434
     960       1.8620
     961       1.9433
     962       1.8754
     963       1.8772
     964       1.8037
     965       1.8346
     966       1.9673
     967       1.8555
     968       1.8290
     969       1.8372
     970       1.8652
     971       1.7557
     972       1.7999
     973       2.0931
     974       1.8931
     975       1.9780
     976       1.9706
     977       1.9488
     978       2.0242
     979       2.0945
     980       2.0307
     981       2.0523
     982       2.1829
     983       2.1194
     984       2.0460
     985       2.1800
     986       2.0873
     987       2.1372
     988       1.9818
     989       2.0754
     990       1.9218
     991       1.9217
     992       1.8284
     993       1.9304
     994       1.8131
     995       1.7547
     996       1.7534
     997       1.8093
     998       1.8248
     999       1.8736
    1000       1.9637
