#Frame         fadall
       1       0.0000
       2       0.3546
       3       0.3728
       4       0.4850
       5       0.4529
       6       0.7152
       7       0.5821
       8       0.4546
       9       0.4526
      10       0.5423
      11       0.5514
      12       0.4253
      13       0.5680
      14       0.5515
      15       0.5338
      16       0.4575
      17       0.6009
      18       0.4860
      19       0.4822
      20       0.4619
      21       0.5494
      22       0.4447
      23       0.3887
      24       0.3828
      25       0.4508
      26       0.4971
      27       0.3752
      28       0.4123
      29       0.4158
      30       0.3774
      31       0.5354
      32       0.6488
      33       0.6632
      34       0.5654
      35       0.4800
      36       0.4448
      37       0.3683
      38       0.5398
      39       0.5236
      40       0.4765
      41       0.3977
      42       0.4045
      43       0.5104
      44       0.4523
      45       0.4596
      46       0.4121
      47       0.4627
      48       0.3636
      49       0.5760
      50       0.4662
      51       0.6542
      52       0.5176
      53       0.5938
      54       0.5855
      55       0.5493
      56       0.5216
      57       0.5336
      58       0.4337
      59       0.4650
      60       0.3135
      61       0.4419
      62       0.4409
      63       0.3809
      64       0.2919
      65       0.4992
      66       0.4419
      67       0.5189
      68       0.4512
      69       0.5347
      70       0.6089
      71       0.4960
      72       0.3417
      73       0.6530
      74       0.4306
      75       0.4313
      76       0.5289
      77       0.4053
      78       0.3357
      79       0.4895
      80       0.4626
      81       0.5135
      82       0.4979
      83       0.5078
      84       0.6335
      85       0.4163
      86       0.3579
      87       0.3720
      88       0.3939
      89       0.2288
      90       0.3673
      91       0.3162
      92       0.3543
      93       0.5041
      94       0.5468
      95       0.4424
      96       0.3898
      97       0.5235
      98       0.5125
      99       0.5355
     100       0.6399
     101       0.5841
     102       0.5478
     103       0.5593
     104       0.5611
     105       0.5129
     106       0.4226
     107       0.4182
     108       0.4694
     109       0.5654
     110       0.6465
     111       0.4821
     112       0.6022
     113       0.6654
     114       0.5521
     115       0.5523
     116       0.6655
     117       0.4422
     118       0.4711
     119       0.5239
     120       0.5574
     121       0.6236
     122       0.5469
     123       0.6003
     124       0.6294
     125       0.6336
     126       0.5664
     127       0.5436
     128       0.5694
     129       0.7108
     130       0.5499
     131       0.5703
     132       0.5793
     133       0.4681
     134       0.3865
     135       0.2281
     136       0.3142
     137       0.3437
     138       0.3920
     139       0.3414
     140       0.4317
     141       0.5074
     142       0.3864
     143       0.4574
     144       0.4759
     145       0.4752
     146       0.5571
     147       0.5497
     148       0.5471
     149       0.4795
     150       0.4310
     151       0.5264
     152       0.4316
     153       0.6291
     154       0.4665
     155       0.3939
     156       0.3888
     157       0.4793
     158       0.5288
     159       0.5680
     160       0.4148
     161       0.3874
     162       0.4473
     163       0.4766
     164       0.5200
     165       0.6310
     166       0.6019
     167       0.5443
     168       0.5844
     169       0.5194
     170       0.5270
     171       0.6513
     172       0.5619
     173       0.5512
     174       0.5272
     175       0.6742
     176       0.5411
     177       0.5681
     178       0.4358
     179       0.5037
     180       0.3879
     181       0.3821
     182       0.3704
     183       0.3609
     184       0.3375
     185       0.4679
     186       0.3896
     187       0.3701
     188       0.4091
     189       0.4866
     190       0.3534
     191       0.3907
     192       0.3252
     193       0.4830
     194       0.3297
     195       0.4223
     196       0.2865
     197       0.3642
     198       0.3969
     199       0.3121
     200       0.3029
     201       0.4089
     202       0.4797
     203       0.4513
     204       0.4838
     205       0.4152
     206       0.4115
     207       0.3945
     208       0.2960
     209       0.3144
     210       0.3193
     211       0.3819
     212       0.3999
     213       0.2873
     214       0.3297
     215       0.4410
     216       0.5012
     217       0.3999
     218       0.3007
     219       0.2753
     220       0.3234
     221       0.4355
     222       0.3227
     223       0.3137
     224       0.2855
     225       0.2841
     226       0.2682
     227       0.2716
     228       0.4346
     229       0.3195
     230       0.2877
     231       0.2889
     232       0.3250
     233       0.3989
     234       0.4352
     235       0.4474
     236       0.3344
     237       0.3217
     238       0.3159
     239       0.2494
     240       0.5337
     241       0.3210
     242       0.3558
     243       0.3068
     244       0.4109
     245       0.3527
     246       0.4924
     247       0.4117
     248       0.5433
     249       0.5103
     250       0.3882
     251       0.3919
     252       0.5046
     253       0.5015
     254       0.3927
     255       0.5539
     256       0.5446
     257       0.5184
     258       0.3722
     259       0.3616
     260       0.3689
     261       0.4127
     262       0.3226
     263       0.4918
     264       0.3014
     265       0.5122
     266       0.4586
     267       0.4442
     268       0.5676
     269       0.3320
     270       0.4017
     271       0.4189
     272       0.3223
     273       0.2969
     274       0.3200
     275       0.4440
     276       0.3374
     277       0.4355
     278       0.4592
     279       0.3543
     280       0.4176
     281       0.4029
     282       0.4620
     283       0.4736
     284       0.4363
     285       0.2920
     286       0.2891
     287       0.3749
     288       0.2445
     289       0.3187
     290       0.2949
     291       0.2777
     292       0.2198
     293       0.3777
     294       0.3102
     295       0.3470
     296       0.3761
     297       0.2574
     298       0.3777
     299       0.3433
     300       0.3372
     301       0.4098
     302       0.4082
     303       0.3857
     304       0.3608
     305       0.3850
     306       0.4108
     307       0.3143
     308       0.3228
     309       0.3502
     310       0.4009
     311       0.4856
     312       0.5956
     313       0.5025
     314       0.4447
     315       0.4179
     316       0.3598
     317       0.4521
     318       0.4896
     319       0.4436
     320       0.3584
     321       0.4282
     322       0.4586
     323       0.4023
     324       0.4227
     325       0.3980
     326       0.4047
     327       0.4690
     328       0.3597
     329       0.5277
     330       0.3396
     331       0.3841
     332       0.3700
     333       0.2484
     334       0.3060
     335       0.3388
     336       0.3665
     337       0.3646
     338       0.5234
     339       0.3627
     340       0.4027
     341       0.3728
     342       0.3939
     343       0.4126
     344       0.3192
     345       0.2532
     346       0.3588
     347       0.3460
     348       0.3514
     349       0.3889
     350       0.4576
     351       0.5140
     352       0.4721
     353       0.4587
     354       0.3782
     355       0.2734
     356       0.2727
     357       0.4147
     358       0.4346
     359       0.4501
     360       0.4213
     361       0.5539
     362       0.6047
     363       0.5191
     364       0.4774
     365       0.5270
     366       0.6177
     367       0.5863
     368       0.6330
     369       0.6536
     370       0.6546
     371       0.5755
     372       0.4629
     373       0.6528
     374       0.6214
     375       0.4417
     376       0.4361
     377       0.4631
     378       0.3642
     379       0.4553
     380       0.4615
     381       0.5054
     382       0.5339
     383       0.5568
     384       0.5467
     385       0.3730
     386       0.4373
     387       0.5650
     388       0.5414
     389       0.5773
     390       0.4550
     391       0.4726
     392       0.4842
     393       0.4562
     394       0.5429
     395       0.5530
     396       0.4610
     397       0.5344
     398       0.4984
     399       0.4197
     400       0.4658
     401       0.4330
     402       0.4797
     403       0.5581
     404       0.3568
     405       0.3803
     406       0.3198
     407       0.2840
     408       0.3542
     409       0.2496
     410       0.2862
     411       0.3844
     412       0.3819
     413       0.4046
     414       0.4380
     415       0.3924
     416       0.5741
     417       0.4703
     418       0.4878
     419       0.4481
     420       0.4854
     421       0.4112
     422       0.5022
     423       0.3926
     424       0.3956
     425       0.4482
     426       0.4195
     427       0.4425
     428       0.4215
     429       0.4002
     430       0.3957
     431       0.4244
     432       0.5640
     433       0.4750
     434       0.4870
     435       0.5036
     436       0.5244
     437       0.4945
     438       0.5516
     439       0.4517
     440       0.4563
     441       0.4746
     442       0.5051
     443       0.4650
     444       0.3324
     445       0.4226
     446       0.4276
     447       0.4129
     448       0.4707
     449       0.4364
     450       0.3837
     451       0.2739
     452       0.4028
     453       0.4293
     454       0.4524
     455       0.4158
     456       0.4581
     457       0.4523
     458       0.4729
     459       0.4779
     460       0.5306
     461       0.4896
     462       0.4895
     463       0.5224
     464       0.5191
     465       0.4617
     466       0.4456
     467       0.4845
     468       0.4188
     469       0.5859
     470       0.6241
     471       0.5975
     472       0.4811
     473       0.5870
     474       0.6008
     475       0.5869
     476       0.6746
     477       0.6923
     478       0.5887
     479       0.6149
     480       0.6429
     481       0.5561
     482       0.5232
     483       0.5682
     484       0.5838
     485       0.6141
     486       0.5542
     487       0.6360
     488       0.5510
     489       0.6157
     490       0.5242
     491       0.5105
     492       0.4425
     493       0.4733
     494       0.4559
     495       0.4932
     496       0.5188
     497       0.5376
     498       0.5028
     499       0.4149
     500       0.4070
     501       0.5820
     502       0.4624
     503       0.5463
     504       0.5751
     505       0.5037
     506       0.4972
     507       0.6303
     508       0.5631
     509       0.5202
     510       0.4571
     511       0.5097
     512       0.5271
     513       0.5289
     514       0.4503
     515       0.5045
     516       0.6078
     517       0.4390
     518       0.6050
     519       0.3962
     520       0.3742
     521       0.3706
     522       0.3258
     523       0.4037
     524       0.4819
     525       0.4269
     526       0.4060
     527       0.4297
     528       0.4927
     529       0.4014
     530       0.4261
     531       0.4826
     532       0.5460
     533       0.3596
     534       0.4575
     535       0.4127
     536       0.4356
     537       0.5018
     538       0.4673
     539       0.5039
     540       0.5224
     541       0.5033
     542       0.4325
     543       0.4636
     544       0.4065
     545       0.4638
     546       0.5265
     547       0.4782
     548       0.5166
     549       0.4046
     550       0.3305
     551       0.3963
     552       0.5208
     553       0.4928
     554       0.4359
     555       0.4092
     556       0.4266
     557       0.3306
     558       0.3417
     559       0.5045
     560       0.3869
     561       0.3189
     562       0.4802
     563       0.5900
     564       0.5463
     565       0.4171
     566       0.4249
     567       0.3438
     568       0.4955
     569       0.4028
     570       0.3564
     571       0.4668
     572       0.4914
     573       0.3980
     574       0.4182
     575       0.5110
     576       0.6567
     577       0.5023
     578       0.5241
     579       0.5789
     580       0.5765
     581       0.4083
     582       0.4878
     583       0.4441
     584       0.5295
     585       0.4151
     586       0.5087
     587       0.5799
     588       0.5957
     589       0.4568
     590       0.5220
     591       0.4980
     592       0.5163
     593       0.5201
     594       0.7694
     595       0.7180
     596       0.6815
     597       0.5598
     598       0.6825
     599       0.5673
     600       0.5390
     601       0.4969
     602       0.5174
     603       0.5760
     604       0.5633
     605       0.5389
     606       0.5208
     607       0.6885
     608       0.6385
     609       0.6804
     610       0.6212
     611       0.6032
     612       0.6613
     613       0.5970
     614       0.6112
     615       0.5795
     616       0.6035
     617       0.5540
     618       0.6338
     619       0.6307
     620       0.5443
     621       0.6252
     622       0.6535
     623       0.6059
     624       0.4758
     625       0.4384
     626       0.4863
     627       0.6736
     628       0.5020
     629       0.4511
     630       0.6396
     631       0.6257
     632       0.6160
     633       0.6857
     634       0.5514
     635       0.5584
     636       0.6109
     637       0.7400
     638       0.6973
     639       0.6713
     640       0.5966
     641       0.7038
     642       0.5990
     643       0.6338
     644       0.6619
     645       0.5657
     646       0.5753
     647       0.6370
     648       0.6424
     649       0.5810
     650       0.7015
     651       0.7066
     652       0.6545
     653       0.7161
     654       0.6954
     655       0.6345
     656       0.7464
     657       0.7161
     658       0.5727
     659       0.6409
     660       0.6065
     661       0.5767
     662       0.5873
     663       0.6013
     664       0.6393
     665       0.5005
     666       0.6352
     667       0.5310
     668       0.5031
     669       0.5121
     670       0.5118
     671       0.6419
     672       0.7429
     673       0.6395
     674       0.6607
     675       0.6933
     676       0.7159
     677       0.6487
     678       0.4209
     679       0.5507
     680       0.4137
     681       0.4742
     682       0.5424
     683       0.5357
     684       0.5050
     685       0.5200
     686       0.5123
     687       0.3908
     688       0.4100
     689       0.4362
     690       0.4399
     691       0.4809
     692       0.5379
     693       0.6275
     694       0.5932
     695       0.5763
     696       0.5649
     697       0.4409
     698       0.3805
     699       0.4795
     700       0.4151
     701       0.3657
     702       0.4109
     703       0.4350
     704       0.3995
     705       0.4638
     706       0.4852
     707       0.3729
     708       0.5686
     709       0.5312
     710       0.6812
     711       0.7488
     712       0.7179
     713       0.7533
     714       0.7693
     715       0.7275
     716       0.7191
     717       0.7758
     718       0.7195
     719       0.7674
     720       0.7075
     721       0.7921
     722       0.7500
     723       0.6813
     724       0.6738
     725       0.6964
     726       0.7415
     727       0.7615
     728       0.7187
     729       0.7474
     730       0.6364
     731       0.7849
     732       0.5907
     733       0.6333
     734       0.5400
     735       0.6272
     736       0.5812
     737       0.5372
     738       0.6025
     739       0.5308
     740       0.5294
     741       0.5452
     742       0.4688
     743       0.4072
     744       0.5107
     745       0.5433
     746       0.4159
     747       0.4452
     748       0.4094
     749       0.4748
     750       0.5118
     751       0.5238
     752       0.4837
     753       0.5328
     754       0.4980
     755       0.4911
     756       0.4400
     757       0.3286
     758       0.4410
     759       0.3967
     760       0.3965
     761       0.5481
     762       0.3181
     763       0.3649
     764       0.4448
     765       0.4376
     766       0.4991
     767       0.5461
     768       0.4372
     769       0.5410
     770       0.5533
     771       0.5709
     772       0.4793
     773       0.3549
     774       0.4486
     775       0.5501
     776       0.5541
     777       0.5623
     778       0.5799
     779       0.5975
     780       0.6056
     781       0.5886
     782       0.6331
     783       0.6197
     784       0.4679
     785       0.5429
     786       0.7663
     787       0.5690
     788       0.5862
     789       0.6696
     790       0.6718
     791       0.7367
     792       0.6279
     793       0.4359
     794       0.6528
     795       0.5998
     796       0.5173
     797       0.6673
     798       0.6584
     799       0.7461
     800       0.7033
     801       0.5344
     802       0.4432
     803       0.4940
     804       0.6114
     805       0.6462
     806       0.7045
     807       0.4903
     808       0.5022
     809       0.4917
     810       0.5145
     811       0.6738
     812       0.6211
     813       0.4497
     814       0.5037
     815       0.5973
     816       0.6935
     817       0.6131
     818       0.6339
     819       0.6138
     820       0.6699
     821       0.6200
     822       0.6585
     823       0.5157
     824       0.4430
     825       0.4665
     826       0.5370
     827       0.5907
     828       0.5779
     829       0.4974
     830       0.6045
     831       0.5745
     832       0.6314
     833       0.5519
     834       0.6694
     835       0.6634
     836       0.4975
     837       0.4767
     838       0.4448
     839       0.4204
     840       0.4916
     841       0.5344
     842       0.4777
     843       0.3740
     844       0.3047
     845       0.4562
     846       0.2947
     847       0.3140
     848       0.3058
     849       0.2667
     850       0.3837
     851       0.3955
     852       0.5061
     853       0.4227
     854       0.3405
     855       0.3317
     856       0.3820
     857       0.3201
     858       0.3473
     859       0.3249
     860       0.2990
     861       0.2933
     862       0.3952
     863       0.4263
     864       0.3508
     865       0.4027
     866       0.3519
     867       0.5307
     868       0.3723
     869       0.4324
     870       0.4765
     871       0.4355
     872       0.4394
     873       0.4184
     874       0.3583
     875       0.3693
     876       0.4356
     877       0.3462
     878       0.3992
     879       0.2788
     880       0.3752
     881       0.3361
     882       0.4814
     883       0.4410
     884       0.6247
     885       0.5874
     886       0.5562
     887       0.5511
     888       0.4691
     889       0.5283
     890       0.4632
     891       0.5192
     892       0.5885
     893       0.4242
     894       0.4726
     895       0.4447
     896       0.3520
     897       0.3700
     898       0.4378
     899       0.3982
     900       0.4433
     901       0.3937
     902       0.5107
     903       0.5017
     904       0.4761
     905       0.4271
     906       0.5078
     907       0.3795
     908       0.4945
     909       0.5240
     910       0.4473
     911       0.3621
     912       0.4965
     913       0.5042
     914       0.5986
     915       0.5573
     916       0.4140
     917       0.3758
     918       0.4805
     919       0.4408
     920       0.4244
     921       0.4283
     922       0.3453
     923       0.3153
     924       0.2617
     925       0.4518
     926       0.3779
     927       0.4065
     928       0.4941
     929       0.4875
     930       0.5158
     931       0.6378
     932       0.5474
     933       0.5711
     934       0.6402
     935       0.5551
     936       0.4404
     937       0.4701
     938       0.4904
     939       0.3991
     940       0.3806
     941       0.4767
     942       0.4278
     943       0.3168
     944       0.4897
     945       0.4737
     946       0.3303
     947       0.4696
     948       0.4266
     949       0.4828
     950       0.4262
     951       0.4116
     952       0.4726
     953       0.4583
     954       0.3965
     955       0.4067
     956       0.5197
     957       0.5919
     958       0.5924
     959       0.7197
     960       0.6035
     961       0.4832
     962       0.4337
     963       0.4651
     964       0.3905
     965       0.5096
     966       0.5395
     967       0.4060
     968       0.4131
     969       0.4610
     970       0.4883
     971       0.3904
     972       0.3623
     973       0.4524
     974       0.5740
     975       0.4568
     976       0.5626
     977       0.4076
     978       0.3278
     979       0.3012
     980       0.3114
     981       0.4158
     982       0.4920
     983       0.4962
     984       0.5211
     985       0.3920
     986       0.4044
     987       0.3284
     988       0.4137
     989       0.4122
     990       0.4731
     991       0.4884
     992       0.5161
     993       0.4117
     994       0.4838
     995       0.5247
     996       0.5186
     997       0.4816
     998       0.4816
     999       0.4330
    1000       0.4347
