#Frame        fadcore
       1       0.0000
       2       0.3529
       3       0.3727
       4       0.4834
       5       0.4534
       6       0.7108
       7       0.5823
       8       0.4590
       9       0.4606
      10       0.5542
      11       0.5527
      12       0.4232
      13       0.5686
      14       0.5519
      15       0.5303
      16       0.4565
      17       0.6034
      18       0.4869
      19       0.4818
      20       0.4693
      21       0.5546
      22       0.4483
      23       0.3883
      24       0.3812
      25       0.4480
      26       0.4956
      27       0.3733
      28       0.4132
      29       0.4198
      30       0.3792
      31       0.5365
      32       0.6416
      33       0.6571
      34       0.5573
      35       0.4698
      36       0.4474
      37       0.3674
      38       0.5427
      39       0.5228
      40       0.4743
      41       0.3988
      42       0.4054
      43       0.5107
      44       0.4457
      45       0.4560
      46       0.4085
      47       0.4560
      48       0.3596
      49       0.5731
      50       0.4635
      51       0.6493
      52       0.5083
      53       0.5848
      54       0.5794
      55       0.5438
      56       0.5170
      57       0.5291
      58       0.4338
      59       0.4580
      60       0.3067
      61       0.4366
      62       0.4314
      63       0.3775
      64       0.2935
      65       0.4993
      66       0.4469
      67       0.5230
      68       0.4591
      69       0.5413
      70       0.6189
      71       0.5054
      72       0.3528
      73       0.6629
      74       0.4385
      75       0.4370
      76       0.5328
      77       0.4062
      78       0.3350
      79       0.4892
      80       0.4626
      81       0.5151
      82       0.5013
      83       0.5129
      84       0.6393
      85       0.4150
      86       0.3604
      87       0.3707
      88       0.3952
      89       0.2281
      90       0.3764
      91       0.3160
      92       0.3596
      93       0.5078
      94       0.5467
      95       0.4370
      96       0.3916
      97       0.5292
      98       0.5195
      99       0.5401
     100       0.6407
     101       0.5868
     102       0.5483
     103       0.5597
     104       0.5628
     105       0.5184
     106       0.4270
     107       0.4293
     108       0.4781
     109       0.5773
     110       0.6525
     111       0.4873
     112       0.6073
     113       0.6701
     114       0.5581
     115       0.5573
     116       0.6656
     117       0.4425
     118       0.4718
     119       0.5269
     120       0.5584
     121       0.6208
     122       0.5438
     123       0.6010
     124       0.6382
     125       0.6389
     126       0.5759
     127       0.5486
     128       0.5708
     129       0.7154
     130       0.5520
     131       0.5759
     132       0.5908
     133       0.4789
     134       0.3927
     135       0.2313
     136       0.3112
     137       0.3429
     138       0.3852
     139       0.3424
     140       0.4423
     141       0.5052
     142       0.3835
     143       0.4559
     144       0.4714
     145       0.4710
     146       0.5517
     147       0.5424
     148       0.5316
     149       0.4633
     150       0.4188
     151       0.5188
     152       0.4118
     153       0.6183
     154       0.4557
     155       0.3784
     156       0.3629
     157       0.4563
     158       0.5186
     159       0.5614
     160       0.4004
     161       0.3814
     162       0.4429
     163       0.4761
     164       0.5163
     165       0.6306
     166       0.5995
     167       0.5394
     168       0.5722
     169       0.5002
     170       0.5105
     171       0.6408
     172       0.5449
     173       0.5380
     174       0.5142
     175       0.6662
     176       0.5262
     177       0.5516
     178       0.4173
     179       0.5010
     180       0.3796
     181       0.3751
     182       0.3649
     183       0.3457
     184       0.3273
     185       0.4666
     186       0.3822
     187       0.3644
     188       0.4018
     189       0.4897
     190       0.3579
     191       0.3905
     192       0.3166
     193       0.4737
     194       0.3198
     195       0.4115
     196       0.2723
     197       0.3515
     198       0.3827
     199       0.3142
     200       0.3025
     201       0.4067
     202       0.4752
     203       0.4518
     204       0.4892
     205       0.4174
     206       0.4116
     207       0.3940
     208       0.2943
     209       0.3109
     210       0.3135
     211       0.3757
     212       0.4008
     213       0.2872
     214       0.3347
     215       0.4445
     216       0.5028
     217       0.4088
     218       0.3042
     219       0.2767
     220       0.3257
     221       0.4347
     222       0.3124
     223       0.3161
     224       0.2892
     225       0.2807
     226       0.2535
     227       0.2679
     228       0.4248
     229       0.3164
     230       0.2854
     231       0.2805
     232       0.3269
     233       0.4050
     234       0.4391
     235       0.4557
     236       0.3295
     237       0.3234
     238       0.3203
     239       0.2469
     240       0.5368
     241       0.3261
     242       0.3555
     243       0.3044
     244       0.4164
     245       0.3518
     246       0.4900
     247       0.4108
     248       0.5374
     249       0.5104
     250       0.3902
     251       0.3920
     252       0.5079
     253       0.5034
     254       0.3930
     255       0.5559
     256       0.5494
     257       0.5193
     258       0.3795
     259       0.3595
     260       0.3732
     261       0.4052
     262       0.3218
     263       0.4950
     264       0.2995
     265       0.5130
     266       0.4521
     267       0.4379
     268       0.5600
     269       0.3184
     270       0.3951
     271       0.4082
     272       0.3186
     273       0.3026
     274       0.3256
     275       0.4444
     276       0.3262
     277       0.4280
     278       0.4508
     279       0.3460
     280       0.4071
     281       0.3915
     282       0.4506
     283       0.4671
     284       0.4290
     285       0.2936
     286       0.2799
     287       0.3770
     288       0.2467
     289       0.3275
     290       0.3061
     291       0.2782
     292       0.2163
     293       0.3804
     294       0.3084
     295       0.3416
     296       0.3753
     297       0.2695
     298       0.3846
     299       0.3422
     300       0.3282
     301       0.4026
     302       0.3992
     303       0.3742
     304       0.3469
     305       0.3696
     306       0.4001
     307       0.3058
     308       0.3163
     309       0.3421
     310       0.3865
     311       0.4752
     312       0.5848
     313       0.4915
     314       0.4321
     315       0.4075
     316       0.3463
     317       0.4357
     318       0.4726
     319       0.4259
     320       0.3396
     321       0.4079
     322       0.4366
     323       0.3743
     324       0.4044
     325       0.3714
     326       0.3883
     327       0.4550
     328       0.3532
     329       0.5315
     330       0.3309
     331       0.3718
     332       0.3621
     333       0.2403
     334       0.2973
     335       0.3299
     336       0.3584
     337       0.3604
     338       0.5198
     339       0.3599
     340       0.3976
     341       0.3644
     342       0.3929
     343       0.4112
     344       0.3175
     345       0.2510
     346       0.3425
     347       0.3300
     348       0.3277
     349       0.3666
     350       0.4401
     351       0.4929
     352       0.4549
     353       0.4486
     354       0.3649
     355       0.2662
     356       0.2634
     357       0.3961
     358       0.4178
     359       0.4355
     360       0.4072
     361       0.5342
     362       0.5781
     363       0.4927
     364       0.4594
     365       0.5050
     366       0.5983
     367       0.5590
     368       0.6100
     369       0.6279
     370       0.6320
     371       0.5459
     372       0.4296
     373       0.6205
     374       0.5960
     375       0.4172
     376       0.4128
     377       0.4504
     378       0.3482
     379       0.4449
     380       0.4430
     381       0.4911
     382       0.5182
     383       0.5524
     384       0.5393
     385       0.3607
     386       0.4257
     387       0.5560
     388       0.5348
     389       0.5699
     390       0.4389
     391       0.4577
     392       0.4663
     393       0.4353
     394       0.5237
     395       0.5381
     396       0.4394
     397       0.5080
     398       0.4801
     399       0.4031
     400       0.4500
     401       0.4220
     402       0.4574
     403       0.5369
     404       0.3345
     405       0.3618
     406       0.3132
     407       0.2769
     408       0.3523
     409       0.2401
     410       0.2666
     411       0.3736
     412       0.3660
     413       0.4002
     414       0.4343
     415       0.3909
     416       0.5700
     417       0.4594
     418       0.4772
     419       0.4395
     420       0.4663
     421       0.3869
     422       0.4847
     423       0.3721
     424       0.3736
     425       0.4252
     426       0.3893
     427       0.4215
     428       0.3955
     429       0.3688
     430       0.3724
     431       0.3914
     432       0.5426
     433       0.4490
     434       0.4558
     435       0.4831
     436       0.5032
     437       0.4762
     438       0.5374
     439       0.4308
     440       0.4288
     441       0.4521
     442       0.4818
     443       0.4464
     444       0.3113
     445       0.4051
     446       0.4061
     447       0.3843
     448       0.4490
     449       0.4219
     450       0.3717
     451       0.2647
     452       0.3996
     453       0.4097
     454       0.4337
     455       0.3858
     456       0.4342
     457       0.4462
     458       0.4473
     459       0.4505
     460       0.5122
     461       0.4741
     462       0.4707
     463       0.4986
     464       0.4922
     465       0.4318
     466       0.4158
     467       0.4589
     468       0.3791
     469       0.5543
     470       0.6000
     471       0.5773
     472       0.4604
     473       0.5810
     474       0.5698
     475       0.5542
     476       0.6368
     477       0.6545
     478       0.5472
     479       0.5817
     480       0.6081
     481       0.5147
     482       0.4836
     483       0.5344
     484       0.5445
     485       0.5797
     486       0.5249
     487       0.6026
     488       0.5060
     489       0.5778
     490       0.4876
     491       0.4848
     492       0.4157
     493       0.4433
     494       0.4288
     495       0.4650
     496       0.4994
     497       0.5135
     498       0.4761
     499       0.3850
     500       0.3779
     501       0.5662
     502       0.4276
     503       0.5172
     504       0.5466
     505       0.4755
     506       0.4713
     507       0.6004
     508       0.5401
     509       0.4948
     510       0.4268
     511       0.4831
     512       0.5006
     513       0.4987
     514       0.4277
     515       0.4790
     516       0.5819
     517       0.4054
     518       0.5767
     519       0.3800
     520       0.3456
     521       0.3456
     522       0.2999
     523       0.3871
     524       0.4615
     525       0.3999
     526       0.3849
     527       0.4024
     528       0.4681
     529       0.3885
     530       0.4054
     531       0.4675
     532       0.5285
     533       0.3356
     534       0.4346
     535       0.3851
     536       0.4024
     537       0.4771
     538       0.4449
     539       0.4739
     540       0.4949
     541       0.4683
     542       0.3989
     543       0.4298
     544       0.3742
     545       0.4334
     546       0.5059
     547       0.4485
     548       0.4840
     549       0.3673
     550       0.3032
     551       0.3631
     552       0.5019
     553       0.4710
     554       0.4224
     555       0.3917
     556       0.4059
     557       0.3091
     558       0.3189
     559       0.4858
     560       0.3649
     561       0.2882
     562       0.4496
     563       0.5645
     564       0.5208
     565       0.3903
     566       0.3966
     567       0.3170
     568       0.4857
     569       0.3947
     570       0.3340
     571       0.4427
     572       0.4773
     573       0.3771
     574       0.3985
     575       0.4873
     576       0.6357
     577       0.4810
     578       0.5058
     579       0.5571
     580       0.5575
     581       0.3935
     582       0.4757
     583       0.4336
     584       0.5190
     585       0.3989
     586       0.4960
     587       0.5630
     588       0.5806
     589       0.4373
     590       0.4934
     591       0.4647
     592       0.4908
     593       0.4959
     594       0.7486
     595       0.7006
     596       0.6676
     597       0.5443
     598       0.6638
     599       0.5455
     600       0.5196
     601       0.4749
     602       0.4992
     603       0.5655
     604       0.5550
     605       0.5289
     606       0.5130
     607       0.6832
     608       0.6326
     609       0.6791
     610       0.6217
     611       0.6055
     612       0.6648
     613       0.5943
     614       0.6110
     615       0.5747
     616       0.5970
     617       0.5493
     618       0.6326
     619       0.6332
     620       0.5436
     621       0.6281
     622       0.6500
     623       0.5983
     624       0.4654
     625       0.4251
     626       0.4820
     627       0.6664
     628       0.4948
     629       0.4458
     630       0.6321
     631       0.6261
     632       0.6147
     633       0.6843
     634       0.5494
     635       0.5532
     636       0.6132
     637       0.7419
     638       0.6982
     639       0.6693
     640       0.5947
     641       0.7023
     642       0.5978
     643       0.6298
     644       0.6551
     645       0.5611
     646       0.5704
     647       0.6342
     648       0.6377
     649       0.5775
     650       0.7029
     651       0.7085
     652       0.6600
     653       0.7206
     654       0.6906
     655       0.6284
     656       0.7467
     657       0.7228
     658       0.5799
     659       0.6467
     660       0.6082
     661       0.5753
     662       0.5824
     663       0.6016
     664       0.6388
     665       0.4967
     666       0.6329
     667       0.5268
     668       0.5005
     669       0.5093
     670       0.5094
     671       0.6439
     672       0.7452
     673       0.6386
     674       0.6630
     675       0.6937
     676       0.7185
     677       0.6489
     678       0.4204
     679       0.5518
     680       0.4087
     681       0.4744
     682       0.5418
     683       0.5342
     684       0.4998
     685       0.5142
     686       0.5119
     687       0.3925
     688       0.4158
     689       0.4399
     690       0.4449
     691       0.4849
     692       0.5423
     693       0.6301
     694       0.5943
     695       0.5795
     696       0.5722
     697       0.4453
     698       0.3892
     699       0.4822
     700       0.4205
     701       0.3751
     702       0.4180
     703       0.4460
     704       0.4095
     705       0.4707
     706       0.4910
     707       0.3784
     708       0.5725
     709       0.5345
     710       0.6834
     711       0.7513
     712       0.7242
     713       0.7581
     714       0.7748
     715       0.7337
     716       0.7254
     717       0.7806
     718       0.7242
     719       0.7727
     720       0.7174
     721       0.8060
     722       0.7554
     723       0.6880
     724       0.6855
     725       0.7011
     726       0.7489
     727       0.7731
     728       0.7293
     729       0.7592
     730       0.6494
     731       0.8044
     732       0.6118
     733       0.6519
     734       0.5522
     735       0.6387
     736       0.5896
     737       0.5468
     738       0.6118
     739       0.5401
     740       0.5336
     741       0.5477
     742       0.4735
     743       0.4118
     744       0.5097
     745       0.5475
     746       0.4200
     747       0.4518
     748       0.4154
     749       0.4852
     750       0.5202
     751       0.5315
     752       0.4931
     753       0.5397
     754       0.5051
     755       0.4914
     756       0.4340
     757       0.3290
     758       0.4424
     759       0.4013
     760       0.4020
     761       0.5544
     762       0.3305
     763       0.3720
     764       0.4551
     765       0.4448
     766       0.5085
     767       0.5609
     768       0.4473
     769       0.5494
     770       0.5648
     771       0.5871
     772       0.4901
     773       0.3706
     774       0.4643
     775       0.5596
     776       0.5783
     777       0.5825
     778       0.6054
     779       0.6199
     780       0.6445
     781       0.6037
     782       0.6495
     783       0.6337
     784       0.5021
     785       0.5666
     786       0.7859
     787       0.5896
     788       0.5970
     789       0.6780
     790       0.6806
     791       0.7455
     792       0.6414
     793       0.4557
     794       0.6653
     795       0.6123
     796       0.5318
     797       0.6808
     798       0.6678
     799       0.7545
     800       0.7136
     801       0.5431
     802       0.4541
     803       0.4995
     804       0.6193
     805       0.6542
     806       0.7176
     807       0.5009
     808       0.5155
     809       0.5023
     810       0.5235
     811       0.6798
     812       0.6289
     813       0.4515
     814       0.5036
     815       0.6015
     816       0.6998
     817       0.6154
     818       0.6361
     819       0.6194
     820       0.6737
     821       0.6301
     822       0.6654
     823       0.5207
     824       0.4508
     825       0.4716
     826       0.5485
     827       0.6004
     828       0.5880
     829       0.5021
     830       0.6132
     831       0.5896
     832       0.6455
     833       0.5708
     834       0.6865
     835       0.6725
     836       0.5011
     837       0.4832
     838       0.4527
     839       0.4310
     840       0.5045
     841       0.5459
     842       0.4895
     843       0.3819
     844       0.3123
     845       0.4698
     846       0.3006
     847       0.3163
     848       0.3140
     849       0.2759
     850       0.4005
     851       0.4160
     852       0.5168
     853       0.4285
     854       0.3489
     855       0.3377
     856       0.3901
     857       0.3264
     858       0.3618
     859       0.3377
     860       0.3059
     861       0.3017
     862       0.3996
     863       0.4297
     864       0.3551
     865       0.4076
     866       0.3623
     867       0.5388
     868       0.3760
     869       0.4368
     870       0.4836
     871       0.4411
     872       0.4453
     873       0.4244
     874       0.3642
     875       0.3714
     876       0.4342
     877       0.3505
     878       0.4069
     879       0.2807
     880       0.3793
     881       0.3362
     882       0.4870
     883       0.4479
     884       0.6289
     885       0.5910
     886       0.5586
     887       0.5540
     888       0.4797
     889       0.5343
     890       0.4666
     891       0.5263
     892       0.5900
     893       0.4181
     894       0.4668
     895       0.4331
     896       0.3624
     897       0.3677
     898       0.4447
     899       0.4055
     900       0.4475
     901       0.3861
     902       0.5080
     903       0.4925
     904       0.4785
     905       0.4309
     906       0.5150
     907       0.3848
     908       0.5070
     909       0.5358
     910       0.4519
     911       0.3548
     912       0.4960
     913       0.5007
     914       0.5941
     915       0.5503
     916       0.4086
     917       0.3663
     918       0.4707
     919       0.4348
     920       0.4251
     921       0.4296
     922       0.3436
     923       0.3172
     924       0.2622
     925       0.4521
     926       0.3761
     927       0.4028
     928       0.4941
     929       0.4850
     930       0.5188
     931       0.6419
     932       0.5520
     933       0.5712
     934       0.6408
     935       0.5557
     936       0.4426
     937       0.4702
     938       0.4905
     939       0.3993
     940       0.3782
     941       0.4781
     942       0.4261
     943       0.3178
     944       0.4915
     945       0.4830
     946       0.3276
     947       0.4768
     948       0.4321
     949       0.4871
     950       0.4326
     951       0.4155
     952       0.4765
     953       0.4543
     954       0.3932
     955       0.3958
     956       0.5091
     957       0.5858
     958       0.5833
     959       0.7110
     960       0.5960
     961       0.4694
     962       0.4162
     963       0.4520
     964       0.3808
     965       0.5043
     966       0.5321
     967       0.4007
     968       0.4120
     969       0.4634
     970       0.4965
     971       0.3971
     972       0.3726
     973       0.4577
     974       0.5747
     975       0.4624
     976       0.5698
     977       0.4080
     978       0.3310
     979       0.3088
     980       0.3148
     981       0.4220
     982       0.4948
     983       0.4938
     984       0.5249
     985       0.3931
     986       0.4026
     987       0.3345
     988       0.4188
     989       0.4163
     990       0.4827
     991       0.5087
     992       0.5303
     993       0.4236
     994       0.4883
     995       0.5321
     996       0.5228
     997       0.4873
     998       0.4830
     999       0.4290
    1000       0.4328
