#Frame         ligall
       1       0.0000
       2       0.6512
       3       0.9299
       4       0.7979
       5       0.5789
       6       1.4049
       7       1.0060
       8       0.7752
       9       1.2879
      10       0.4443
      11       0.5113
      12       0.4385
      13       0.7953
      14       0.7257
      15       0.5513
      16       0.7691
      17       0.7648
      18       0.6607
      19       0.7790
      20       1.3911
      21       0.7882
      22       0.4533
      23       0.7749
      24       0.8727
      25       0.7979
      26       0.6906
      27       1.2588
      28       0.9289
      29       1.7143
      30       2.2313
      31       0.5662
      32       1.1518
      33       0.7896
      34       0.8798
      35       0.3348
      36       0.6471
      37       1.4627
      38       1.2350
      39       1.2719
      40       0.5546
      41       0.6775
      42       0.4511
      43       3.3337
      44       3.6058
      45       3.1221
      46       3.6651
      47       2.9051
      48       3.0915
      49       2.2429
      50       2.1696
      51       1.3463
      52       3.1102
      53       3.7999
      54       4.0205
      55       3.3413
      56       3.9519
      57       3.7253
      58       3.4086
      59       3.3603
      60       3.6711
      61       3.6794
      62       3.9648
      63       3.9870
      64       3.1453
      65       3.7605
      66       3.5316
      67       3.7153
      68       2.7268
      69       3.3789
      70       3.4439
      71       3.4082
      72       3.6022
      73       3.3155
      74       3.1745
      75       3.3224
      76       3.0262
      77       3.8435
      78       3.1266
      79       3.8042
      80       3.7329
      81       3.3695
      82       3.2823
      83       3.4396
      84       3.2020
      85       3.5729
      86       3.5271
      87       3.7508
      88       3.1327
      89       3.2511
      90       3.0636
      91       3.2112
      92       3.0751
      93       2.8439
      94       3.3542
      95       3.4297
      96       2.7640
      97       2.9169
      98       3.0271
      99       2.8497
     100       3.1318
     101       2.8813
     102       3.4093
     103       2.8691
     104       3.2383
     105       2.8903
     106       3.6444
     107       3.4596
     108       3.1881
     109       2.9517
     110       2.7426
     111       3.1448
     112       3.1049
     113       3.0749
     114       3.3453
     115       3.3317
     116       3.1928
     117       3.0900
     118       2.9619
     119       3.6411
     120       3.9385
     121       3.6757
     122       3.2141
     123       3.2166
     124       3.2817
     125       2.9857
     126       2.9028
     127       3.1336
     128       3.0374
     129       3.1348
     130       3.2672
     131       3.1860
     132       2.8497
     133       2.8997
     134       3.1479
     135       3.4848
     136       3.1764
     137       4.1862
     138       3.5869
     139       3.0824
     140       3.6117
     141       3.3972
     142       3.4042
     143       3.2064
     144       3.1370
     145       3.6336
     146       3.3790
     147       3.1077
     148       3.2860
     149       3.0211
     150       3.4864
     151       3.3789
     152       3.3845
     153       3.5264
     154       3.4656
     155       3.0047
     156       3.7002
     157       3.5507
     158       3.6341
     159       3.2259
     160       3.2659
     161       3.4203
     162       3.1228
     163       3.5373
     164       3.2824
     165       3.5359
     166       3.5106
     167       3.6003
     168       3.4713
     169       3.0868
     170       3.3274
     171       2.9654
     172       3.3439
     173       3.6144
     174       3.2030
     175       3.4271
     176       3.3182
     177       3.7475
     178       3.5612
     179       3.4588
     180       3.6916
     181       3.6701
     182       3.4650
     183       3.1642
     184       3.9232
     185       3.2473
     186       3.0414
     187       3.4726
     188       3.3927
     189       3.4050
     190       3.5496
     191       3.2343
     192       3.2998
     193       3.4189
     194       3.2141
     195       3.3123
     196       3.8324
     197       3.8244
     198       3.4348
     199       3.5154
     200       2.9534
     201       3.1160
     202       3.1465
     203       3.4311
     204       3.2973
     205       3.4075
     206       4.1538
     207       2.9530
     208       3.3935
     209       3.2893
     210       3.5409
     211       3.6771
     212       3.1878
     213       3.2590
     214       3.5239
     215       3.9239
     216       3.7848
     217       3.3736
     218       3.5106
     219       3.6887
     220       3.6486
     221       3.6757
     222       3.4653
     223       3.4560
     224       3.6418
     225       3.2635
     226       3.3663
     227       3.5226
     228       3.3493
     229       3.5120
     230       3.1799
     231       3.1857
     232       3.2707
     233       3.3766
     234       3.4679
     235       3.7508
     236       3.0347
     237       3.6080
     238       3.3744
     239       3.5795
     240       3.2286
     241       3.3099
     242       3.6619
     243       3.8171
     244       3.0302
     245       3.3455
     246       3.2820
     247       3.3036
     248       4.0303
     249       3.7272
     250       3.6939
     251       3.6146
     252       3.6274
     253       3.3879
     254       3.5187
     255       3.9336
     256       3.3740
     257       3.3994
     258       3.7266
     259       3.3959
     260       3.0994
     261       3.5219
     262       3.2047
     263       2.7409
     264       3.2269
     265       3.3993
     266       2.9863
     267       3.2539
     268       3.1205
     269       3.7157
     270       3.0768
     271       2.9549
     272       3.3634
     273       3.4578
     274       3.7174
     275       3.3750
     276       3.7738
     277       2.9717
     278       3.5720
     279       3.3393
     280       3.8346
     281       3.6483
     282       3.7912
     283       3.9209
     284       3.4520
     285       3.3968
     286       3.3933
     287       3.2704
     288       3.3832
     289       3.7043
     290       3.5914
     291       3.4982
     292       3.5532
     293       3.1498
     294       3.6323
     295       3.3363
     296       3.5851
     297       3.3530
     298       3.6567
     299       3.5276
     300       3.3703
     301       3.1512
     302       3.5565
     303       3.5624
     304       3.7116
     305       3.3242
     306       3.4362
     307       3.0441
     308       3.5242
     309       3.7079
     310       3.8135
     311       3.3385
     312       3.9061
     313       3.0622
     314       3.3289
     315       3.3642
     316       3.8114
     317       3.5721
     318       3.3531
     319       3.5672
     320       3.5607
     321       3.6270
     322       3.9381
     323       3.4995
     324       3.4520
     325       3.4527
     326       3.8562
     327       3.2878
     328       3.6812
     329       3.5963
     330       3.1415
     331       3.2060
     332       3.3400
     333       3.2177
     334       3.8154
     335       3.5312
     336       3.5339
     337       3.6190
     338       3.8362
     339       3.2764
     340       3.2831
     341       3.4469
     342       3.3260
     343       3.7509
     344       3.5519
     345       3.5871
     346       3.2510
     347       3.6521
     348       3.5857
     349       3.4862
     350       3.9021
     351       3.2110
     352       3.2912
     353       3.1271
     354       3.4784
     355       3.4443
     356       2.8609
     357       3.0822
     358       3.3272
     359       3.3019
     360       3.2072
     361       3.6717
     362       3.5096
     363       3.5219
     364       2.6130
     365       2.9890
     366       3.2751
     367       3.3006
     368       2.7896
     369       2.9396
     370       3.2794
     371       3.3600
     372       3.4240
     373       3.6896
     374       3.6603
     375       3.1924
     376       3.4769
     377       3.1790
     378       3.4287
     379       2.5618
     380       2.8957
     381       3.2558
     382       2.6220
     383       3.4608
     384       2.8315
     385       3.6153
     386       3.2041
     387       3.4086
     388       2.9261
     389       2.8969
     390       3.3990
     391       3.3678
     392       3.4136
     393       3.2970
     394       3.4162
     395       3.4920
     396       3.3992
     397       3.0510
     398       3.2764
     399       3.4574
     400       2.9968
     401       2.8003
     402       3.0887
     403       3.2930
     404       3.0843
     405       3.0514
     406       3.3599
     407       2.8694
     408       3.1871
     409       3.7956
     410       3.1502
     411       2.9283
     412       3.0482
     413       3.0893
     414       3.2295
     415       3.4445
     416       2.9639
     417       3.2926
     418       3.1864
     419       3.3340
     420       3.1252
     421       3.1151
     422       3.6237
     423       3.4158
     424       3.5624
     425       3.4631
     426       3.7462
     427       3.2788
     428       3.6366
     429       3.6762
     430       3.4331
     431       3.3313
     432       3.3361
     433       3.5773
     434       3.4347
     435       3.3312
     436       3.3395
     437       2.9373
     438       3.0775
     439       2.9009
     440       3.4138
     441       3.4261
     442       3.5259
     443       3.4338
     444       3.3819
     445       3.5244
     446       2.9849
     447       3.3390
     448       2.8483
     449       2.9134
     450       3.2646
     451       2.9174
     452       3.3950
     453       3.5348
     454       3.1158
     455       2.6538
     456       2.9357
     457       3.0645
     458       3.1395
     459       2.8970
     460       2.6036
     461       2.9230
     462       2.7362
     463       2.9213
     464       2.7145
     465       3.5927
     466       3.4916
     467       3.5209
     468       3.2688
     469       2.7389
     470       2.5679
     471       2.2907
     472       1.9279
     473       2.1984
     474       2.9534
     475       2.3697
     476       2.1992
     477       2.4245
     478       2.2397
     479       2.6934
     480       2.3907
     481       2.4667
     482       2.8979
     483       2.7655
     484       2.6527
     485       2.2129
     486       2.6100
     487       2.3696
     488       3.4421
     489       2.9525
     490       2.9782
     491       3.5054
     492       3.1159
     493       2.6228
     494       3.4079
     495       3.5115
     496       3.3634
     497       3.1486
     498       3.6377
     499       3.4756
     500       3.5859
     501       3.1870
     502       2.9406
     503       3.5986
     504       2.9144
     505       2.6461
     506       2.6377
     507       3.0835
     508       2.9233
     509       2.2846
     510       2.9636
     511       2.3519
     512       3.2191
     513       2.7187
     514       2.9522
     515       3.2880
     516       3.6046
     517       3.3636
     518       3.5410
     519       3.8160
     520       3.3836
     521       3.4958
     522       2.9148
     523       3.5201
     524       3.2001
     525       3.3840
     526       3.0656
     527       3.7670
     528       3.4357
     529       4.1856
     530       2.8525
     531       2.6541
     532       3.1959
     533       3.0409
     534       3.1390
     535       3.0964
     536       2.4810
     537       2.5146
     538       3.1746
     539       2.9560
     540       2.9804
     541       2.7463
     542       3.0355
     543       2.2545
     544       2.8826
     545       2.9349
     546       2.8553
     547       3.0187
     548       2.5509
     549       3.0497
     550       3.2789
     551       2.4929
     552       3.0277
     553       2.6759
     554       2.9474
     555       2.7735
     556       3.3410
     557       3.2897
     558       2.9612
     559       2.7905
     560       3.4933
     561       3.4467
     562       2.5250
     563       2.8355
     564       3.2004
     565       3.1753
     566       2.5049
     567       2.3205
     568       3.5515
     569       3.2833
     570       3.3428
     571       2.9298
     572       2.4705
     573       3.1227
     574       3.5715
     575       3.2782
     576       3.1581
     577       2.9695
     578       3.3235
     579       2.5017
     580       3.6654
     581       3.9005
     582       3.1894
     583       3.1539
     584       3.6740
     585       3.0090
     586       3.0220
     587       2.8965
     588       3.1053
     589       3.0794
     590       3.1542
     591       3.1507
     592       2.8988
     593       3.4393
     594       3.2567
     595       3.1482
     596       3.0668
     597       2.8990
     598       3.1934
     599       3.4170
     600       3.4749
     601       3.3349
     602       3.0458
     603       3.0641
     604       3.0655
     605       3.3189
     606       3.2752
     607       3.0330
     608       3.6251
     609       3.5381
     610       2.8833
     611       2.9486
     612       2.8758
     613       2.7345
     614       2.5182
     615       2.4286
     616       2.6128
     617       2.1334
     618       3.0272
     619       2.5188
     620       2.5679
     621       2.7425
     622       3.1016
     623       2.4970
     624       2.3776
     625       2.6260
     626       2.5839
     627       2.7133
     628       2.5434
     629       2.4321
     630       2.3406
     631       2.1747
     632       2.2460
     633       2.6881
     634       3.2029
     635       2.6365
     636       2.7234
     637       2.2913
     638       2.1804
     639       2.0314
     640       2.1892
     641       2.1676
     642       1.8069
     643       2.4844
     644       2.1867
     645       2.0535
     646       2.3888
     647       2.3322
     648       2.5783
     649       1.5594
     650       2.2401
     651       2.3230
     652       2.4422
     653       2.5032
     654       1.6884
     655       2.3447
     656       2.1180
     657       2.2242
     658       2.4691
     659       2.6039
     660       2.3342
     661       2.4825
     662       2.5211
     663       1.9070
     664       1.9363
     665       2.7653
     666       2.1682
     667       2.5393
     668       2.2531
     669       2.5997
     670       2.2604
     671       2.3888
     672       2.2953
     673       2.1606
     674       2.2015
     675       2.1769
     676       2.3214
     677       2.3014
     678       2.4027
     679       2.4892
     680       1.8183
     681       2.4601
     682       2.0532
     683       2.7652
     684       2.7216
     685       2.4038
     686       2.3922
     687       2.4401
     688       2.0530
     689       2.4878
     690       3.0683
     691       2.6497
     692       2.4134
     693       1.9562
     694       2.4597
     695       2.4385
     696       2.5296
     697       2.1288
     698       2.6569
     699       2.3845
     700       2.4397
     701       2.9144
     702       2.9675
     703       2.5114
     704       2.3957
     705       2.2016
     706       2.4929
     707       2.2799
     708       2.4869
     709       2.4830
     710       2.6091
     711       2.5759
     712       2.4304
     713       2.4460
     714       2.4881
     715       2.5287
     716       2.2700
     717       2.4359
     718       2.6440
     719       2.3277
     720       2.4987
     721       2.1830
     722       2.3330
     723       2.1466
     724       2.5111
     725       2.2744
     726       2.2060
     727       2.2909
     728       2.4123
     729       2.6546
     730       2.2102
     731       2.4811
     732       2.1344
     733       2.8492
     734       2.2850
     735       2.0283
     736       2.2100
     737       2.2203
     738       2.0936
     739       1.8813
     740       2.5217
     741       1.6193
     742       1.9835
     743       2.2028
     744       2.1167
     745       1.8244
     746       2.4674
     747       2.2779
     748       1.6727
     749       2.0801
     750       2.5921
     751       2.6498
     752       2.1004
     753       2.0133
     754       2.1869
     755       2.3924
     756       2.0074
     757       2.9866
     758       2.5791
     759       2.0132
     760       2.0939
     761       2.7463
     762       2.8566
     763       2.0997
     764       2.4640
     765       2.9188
     766       2.3791
     767       2.6312
     768       2.3888
     769       2.4749
     770       2.4396
     771       2.5652
     772       2.4629
     773       2.6062
     774       2.4216
     775       2.8831
     776       2.4988
     777       2.4726
     778       2.5046
     779       2.5635
     780       2.3309
     781       2.4228
     782       2.4715
     783       1.9003
     784       3.0443
     785       2.4582
     786       2.0530
     787       2.4004
     788       2.2053
     789       2.3686
     790       2.6220
     791       2.4359
     792       2.7360
     793       2.3991
     794       2.2224
     795       2.4622
     796       2.4272
     797       2.4647
     798       2.2720
     799       2.1576
     800       2.8540
     801       2.2534
     802       2.5757
     803       2.3296
     804       2.3984
     805       2.4727
     806       2.1356
     807       2.7900
     808       2.5877
     809       2.9969
     810       2.1060
     811       2.5677
     812       2.4254
     813       2.7364
     814       2.8923
     815       2.3133
     816       2.4487
     817       2.5341
     818       2.9599
     819       2.4520
     820       2.8045
     821       2.2785
     822       3.0758
     823       2.7216
     824       2.9498
     825       2.6827
     826       2.7596
     827       2.5450
     828       2.6809
     829       2.6142
     830       2.7506
     831       2.6789
     832       2.3314
     833       2.6662
     834       2.8477
     835       2.5418
     836       2.6675
     837       2.9891
     838       2.5999
     839       2.9395
     840       2.6493
     841       3.0667
     842       2.7138
     843       2.8227
     844       2.5767
     845       2.4332
     846       2.7531
     847       2.4339
     848       2.8347
     849       2.2233
     850       2.3813
     851       2.2156
     852       2.7778
     853       2.6756
     854       2.7268
     855       2.4936
     856       2.4472
     857       2.5876
     858       2.5608
     859       2.0034
     860       2.2939
     861       2.1852
     862       2.2996
     863       2.7878
     864       2.5969
     865       2.6745
     866       2.6731
     867       2.6512
     868       2.3707
     869       2.1590
     870       2.4746
     871       2.4514
     872       2.3640
     873       2.2588
     874       2.6349
     875       2.6075
     876       2.4328
     877       2.4629
     878       2.6215
     879       1.8118
     880       2.4425
     881       2.4140
     882       2.6211
     883       2.6265
     884       2.4211
     885       2.6841
     886       2.5935
     887       2.0802
     888       2.6466
     889       2.2759
     890       2.7035
     891       2.2131
     892       2.7566
     893       2.2693
     894       2.4472
     895       2.5335
     896       2.7671
     897       2.1784
     898       2.3354
     899       2.7349
     900       2.4227
     901       3.1368
     902       2.5086
     903       2.5094
     904       2.4714
     905       2.6670
     906       2.8922
     907       2.4557
     908       2.9835
     909       2.7407
     910       2.3616
     911       2.4190
     912       2.1929
     913       2.5734
     914       2.4905
     915       2.4697
     916       3.0285
     917       2.4099
     918       2.5575
     919       2.7351
     920       2.8226
     921       2.9254
     922       2.2575
     923       2.8256
     924       2.8713
     925       2.5915
     926       2.7537
     927       2.2005
     928       2.5151
     929       2.2813
     930       2.4828
     931       1.9601
     932       2.0444
     933       2.4666
     934       2.5384
     935       2.6823
     936       2.5001
     937       3.0799
     938       2.8848
     939       2.4502
     940       2.7981
     941       2.4253
     942       2.6258
     943       2.8574
     944       3.1355
     945       2.7533
     946       2.5497
     947       2.5429
     948       2.2030
     949       2.7134
     950       2.5227
     951       3.0191
     952       2.4543
     953       2.5147
     954       3.0156
     955       2.8206
     956       3.1042
     957       2.5156
     958       2.6977
     959       2.2597
     960       2.4669
     961       2.9049
     962       3.0021
     963       2.3756
     964       2.4879
     965       2.6737
     966       2.9610
     967       2.4316
     968       2.1309
     969       2.3478
     970       2.8732
     971       2.1927
     972       2.9985
     973       2.0810
     974       2.7795
     975       2.7172
     976       3.0578
     977       1.7436
     978       2.8588
     979       2.4398
     980       2.6955
     981       2.9333
     982       2.5692
     983       2.6170
     984       2.6804
     985       2.5871
     986       2.3901
     987       2.5464
     988       2.3531
     989       2.3750
     990       2.7390
     991       2.1741
     992       2.3078
     993       2.1619
     994       2.0802
     995       2.3570
     996       2.3245
     997       2.0905
     998       2.5076
     999       2.3981
    1000       2.4046
