#Frame        fitcore
       1       0.0000
       2       0.6356
       3       0.6225
       4       0.7051
       5       0.6725
       6       0.7350
       7       0.7015
       8       0.6847
       9       0.6758
      10       0.7568
      11       0.7477
      12       0.6779
      13       0.7048
      14       0.7264
      15       0.7293
      16       0.6973
      17       0.6668
      18       0.6758
      19       0.7478
      20       0.7659
      21       0.7581
      22       0.7126
      23       0.6963
      24       0.7224
      25       0.7274
      26       0.7110
      27       0.7522
      28       0.7476
      29       0.7332
      30       0.7488
      31       0.6959
      32       0.6942
      33       0.7241
      34       0.7633
      35       0.7067
      36       0.7025
      37       0.7416
      38       0.7136
      39       0.7980
      40       0.7772
      41       0.8042
      42       0.7187
      43       0.7734
      44       0.7188
      45       0.7191
      46       0.7694
      47       0.8142
      48       0.7383
      49       0.7983
      50       0.8225
      51       0.8305
      52       0.8230
      53       0.9023
      54       0.8278
      55       0.7316
      56       0.7749
      57       0.7949
      58       0.7947
      59       0.8523
      60       0.8557
      61       0.8379
      62       0.8316
      63       0.8080
      64       0.8635
      65       0.8990
      66       0.8380
      67       0.8436
      68       0.8353
      69       0.9488
      70       0.8869
      71       0.8816
      72       0.8775
      73       0.8147
      74       0.8118
      75       0.8095
      76       0.8349
      77       0.8477
      78       0.9337
      79       0.8474
      80       0.8673
      81       0.8506
      82       0.8197
      83       0.9098
      84       0.8544
      85       0.8649
      86       0.9377
      87       0.8816
      88       0.9201
      89       0.9222
      90       0.8477
      91       0.7635
      92       0.8503
      93       0.8571
      94       0.8656
      95       0.8502
      96       0.8311
      97       0.8923
      98       0.8635
      99       0.9073
     100       0.9060
     101       0.8622
     102       0.9166
     103       0.9564
     104       0.8960
     105       0.9377
     106       0.8762
     107       0.9066
     108       0.8629
     109       0.9014
     110       0.8997
     111       0.8421
     112       0.8751
     113       0.9026
     114       0.9211
     115       0.9885
     116       0.9886
     117       0.9842
     118       0.9882
     119       0.9536
     120       0.9963
     121       1.0569
     122       0.9590
     123       1.0882
     124       1.0742
     125       1.0211
     126       1.0697
     127       1.1020
     128       1.0298
     129       1.1046
     130       1.0433
     131       1.0221
     132       0.9761
     133       0.9780
     134       0.9370
     135       1.0394
     136       1.0539
     137       1.0466
     138       1.0844
     139       0.9831
     140       0.9903
     141       1.0070
     142       1.0463
     143       0.9715
     144       1.0328
     145       1.0620
     146       1.0064
     147       1.0157
     148       1.0999
     149       1.1813
     150       1.2316
     151       1.3208
     152       1.3101
     153       1.2512
     154       1.1762
     155       1.1806
     156       1.2892
     157       1.2673
     158       1.1658
     159       1.0898
     160       1.1057
     161       1.0703
     162       1.0498
     163       1.0969
     164       1.0479
     165       1.0538
     166       1.1433
     167       1.0969
     168       1.2268
     169       1.2809
     170       1.1538
     171       1.1911
     172       1.1870
     173       1.1989
     174       1.2290
     175       1.2481
     176       1.1401
     177       1.1196
     178       1.2665
     179       1.3185
     180       1.2984
     181       1.2355
     182       1.2158
     183       1.2099
     184       1.1148
     185       1.1178
     186       1.0237
     187       1.0343
     188       1.0835
     189       1.1731
     190       1.1316
     191       1.1161
     192       1.0670
     193       1.1525
     194       1.0257
     195       1.0784
     196       1.0354
     197       1.0348
     198       1.1226
     199       1.1281
     200       1.0690
     201       1.1241
     202       1.1401
     203       1.1997
     204       1.2514
     205       1.0974
     206       1.0628
     207       0.9891
     208       0.9375
     209       0.9816
     210       0.9794
     211       1.0317
     212       1.0865
     213       1.0229
     214       1.0292
     215       1.0146
     216       0.9785
     217       1.0607
     218       1.0134
     219       1.0065
     220       0.9202
     221       0.9088
     222       1.0595
     223       1.0433
     224       1.0291
     225       1.0664
     226       1.0512
     227       1.0448
     228       1.1361
     229       1.0426
     230       1.0148
     231       1.0348
     232       1.0295
     233       0.9840
     234       1.0423
     235       1.0190
     236       0.9877
     237       0.9835
     238       0.9558
     239       0.9613
     240       1.0644
     241       0.9948
     242       0.9477
     243       0.8911
     244       0.9346
     245       0.9286
     246       0.9227
     247       1.0003
     248       0.9992
     249       0.9799
     250       0.9909
     251       0.9808
     252       0.9765
     253       1.0206
     254       1.1047
     255       1.0984
     256       1.0221
     257       1.1335
     258       1.1096
     259       1.1102
     260       1.0964
     261       1.0325
     262       0.9213
     263       0.9397
     264       1.0197
     265       0.9444
     266       1.0202
     267       1.0619
     268       1.0911
     269       1.1639
     270       1.1445
     271       1.2098
     272       1.1591
     273       1.1975
     274       1.1507
     275       1.0776
     276       1.1766
     277       1.1186
     278       1.1881
     279       1.1117
     280       1.1478
     281       1.1830
     282       1.0595
     283       1.0715
     284       1.1179
     285       1.0361
     286       1.1049
     287       1.0795
     288       1.1448
     289       1.0933
     290       1.1169
     291       1.0859
     292       1.1341
     293       1.2122
     294       1.1718
     295       1.2019
     296       1.1845
     297       1.1117
     298       1.0920
     299       1.0800
     300       1.0713
     301       1.1166
     302       1.1091
     303       1.1732
     304       1.0784
     305       1.0677
     306       1.0596
     307       1.0555
     308       1.0925
     309       1.1325
     310       1.1235
     311       1.2698
     312       1.2736
     313       1.1732
     314       1.1189
     315       1.1494
     316       1.1619
     317       1.1628
     318       1.1789
     319       1.3148
     320       1.2996
     321       1.4088
     322       1.2656
     323       1.2873
     324       1.2588
     325       1.3566
     326       1.3126
     327       1.2908
     328       1.3443
     329       1.2955
     330       1.3032
     331       1.3208
     332       1.2452
     333       1.3302
     334       1.3406
     335       1.3142
     336       1.2736
     337       1.3122
     338       1.3512
     339       1.3340
     340       1.1953
     341       1.1798
     342       1.2035
     343       1.2533
     344       1.0964
     345       1.3116
     346       1.2708
     347       1.1739
     348       1.1287
     349       1.1124
     350       1.1337
     351       1.1116
     352       1.0286
     353       1.0751
     354       1.0665
     355       1.1048
     356       1.0639
     357       1.1550
     358       1.1252
     359       1.1751
     360       1.0896
     361       1.1302
     362       1.1707
     363       1.1293
     364       1.0611
     365       1.1816
     366       1.1971
     367       1.2101
     368       1.1388
     369       1.2765
     370       1.2650
     371       1.2738
     372       1.2042
     373       1.2720
     374       1.2784
     375       1.3089
     376       1.2708
     377       1.2021
     378       1.1846
     379       1.1958
     380       1.2187
     381       1.2334
     382       1.2168
     383       1.0942
     384       1.1051
     385       1.1417
     386       1.0603
     387       1.1083
     388       1.1832
     389       1.1089
     390       1.1222
     391       1.1185
     392       1.1613
     393       1.1577
     394       1.2329
     395       1.1972
     396       1.0776
     397       1.0837
     398       1.0327
     399       1.0495
     400       1.1939
     401       1.1094
     402       1.1582
     403       1.0860
     404       1.0679
     405       1.1298
     406       1.1103
     407       1.1077
     408       1.1697
     409       1.1703
     410       1.1622
     411       1.1262
     412       1.1950
     413       1.0940
     414       1.1699
     415       1.2564
     416       1.1645
     417       1.1367
     418       1.2048
     419       1.1039
     420       1.1320
     421       1.2358
     422       1.2319
     423       1.2056
     424       1.2437
     425       1.2737
     426       1.2791
     427       1.2978
     428       1.2844
     429       1.2643
     430       1.3877
     431       1.3319
     432       1.3758
     433       1.3488
     434       1.2596
     435       1.2601
     436       1.3656
     437       1.3268
     438       1.4173
     439       1.2882
     440       1.3009
     441       1.2723
     442       1.4077
     443       1.3618
     444       1.3608
     445       1.3520
     446       1.3322
     447       1.3470
     448       1.3418
     449       1.3137
     450       1.2398
     451       1.3041
     452       1.2450
     453       1.2205
     454       1.3380
     455       1.2658
     456       1.3344
     457       1.2892
     458       1.3408
     459       1.3177
     460       1.3191
     461       1.3051
     462       1.3127
     463       1.4006
     464       1.4530
     465       1.4035
     466       1.3928
     467       1.4609
     468       1.3630
     469       1.3597
     470       1.3455
     471       1.3235
     472       1.2322
     473       1.2861
     474       1.3456
     475       1.4063
     476       1.4193
     477       1.4693
     478       1.5978
     479       1.5189
     480       1.4275
     481       1.3965
     482       1.4694
     483       1.4409
     484       1.3127
     485       1.4119
     486       1.3288
     487       1.3942
     488       1.5301
     489       1.3798
     490       1.4742
     491       1.3261
     492       1.3117
     493       1.3271
     494       1.3373
     495       1.2461
     496       1.3299
     497       1.2950
     498       1.2712
     499       1.2670
     500       1.3498
     501       1.3323
     502       1.2939
     503       1.3251
     504       1.4069
     505       1.3864
     506       1.2964
     507       1.3124
     508       1.2343
     509       1.2127
     510       1.2175
     511       1.2501
     512       1.2386
     513       1.2814
     514       1.2379
     515       1.2576
     516       1.2821
     517       1.2158
     518       1.2424
     519       1.3236
     520       1.2942
     521       1.2095
     522       1.1343
     523       1.2729
     524       1.3014
     525       1.3203
     526       1.2099
     527       1.2233
     528       1.2626
     529       1.2071
     530       1.2790
     531       1.1937
     532       1.2487
     533       1.2192
     534       1.2445
     535       1.2035
     536       1.2392
     537       1.1951
     538       1.1972
     539       1.1327
     540       1.2050
     541       1.2778
     542       1.2410
     543       1.2221
     544       1.3169
     545       1.2884
     546       1.2359
     547       1.3880
     548       1.4418
     549       1.3652
     550       1.3016
     551       1.3440
     552       1.3235
     553       1.2765
     554       1.2167
     555       1.2726
     556       1.2582
     557       1.2692
     558       1.2295
     559       1.2708
     560       1.2229
     561       1.4179
     562       1.4141
     563       1.3577
     564       1.4265
     565       1.3749
     566       1.3850
     567       1.3196
     568       1.3566
     569       1.3828
     570       1.3312
     571       1.2480
     572       1.2732
     573       1.2272
     574       1.2218
     575       1.2545
     576       1.2519
     577       1.2041
     578       1.2303
     579       1.3175
     580       1.2313
     581       1.3185
     582       1.3286
     583       1.2906
     584       1.2953
     585       1.3107
     586       1.1864
     587       1.2100
     588       1.2460
     589       1.2360
     590       1.2825
     591       1.3045
     592       1.3454
     593       1.2890
     594       1.2621
     595       1.2397
     596       1.2864
     597       1.2916
     598       1.2402
     599       1.3139
     600       1.1881
     601       1.1876
     602       1.1834
     603       1.2339
     604       1.1773
     605       1.1202
     606       1.0912
     607       1.1581
     608       1.0624
     609       1.0572
     610       1.1239
     611       1.1143
     612       1.1177
     613       1.0635
     614       1.0420
     615       1.0943
     616       1.0602
     617       1.0256
     618       1.0049
     619       1.0220
     620       0.9883
     621       0.9918
     622       1.0954
     623       1.0950
     624       1.0247
     625       1.0255
     626       1.0787
     627       1.0454
     628       0.9927
     629       1.0010
     630       1.0053
     631       0.9953
     632       0.9779
     633       1.0232
     634       0.9867
     635       1.0003
     636       1.0219
     637       1.0225
     638       1.0415
     639       1.0108
     640       1.1174
     641       1.1047
     642       1.0555
     643       1.0776
     644       1.0730
     645       0.9701
     646       1.0285
     647       1.0711
     648       1.0226
     649       1.0510
     650       1.1201
     651       1.1354
     652       1.1249
     653       1.2126
     654       1.1440
     655       1.1937
     656       1.0972
     657       1.1795
     658       1.1421
     659       1.1764
     660       1.1327
     661       1.0656
     662       0.9983
     663       1.0243
     664       1.0031
     665       1.0414
     666       1.1133
     667       0.9783
     668       0.9951
     669       1.1114
     670       0.9893
     671       1.0805
     672       1.0489
     673       1.0402
     674       1.0335
     675       1.0643
     676       1.0350
     677       0.9800
     678       0.9966
     679       0.9933
     680       1.0226
     681       0.9462
     682       0.9757
     683       0.9619
     684       1.0132
     685       1.0001
     686       0.9431
     687       0.9788
     688       1.0285
     689       0.9808
     690       0.9423
     691       0.9570
     692       0.9898
     693       1.0088
     694       1.0385
     695       0.9795
     696       1.0079
     697       1.0191
     698       0.9388
     699       0.9698
     700       1.0038
     701       0.9768
     702       0.9479
     703       0.9624
     704       0.9674
     705       0.9558
     706       1.0175
     707       0.9710
     708       1.0551
     709       0.9697
     710       0.9738
     711       0.9553
     712       1.0315
     713       1.0433
     714       1.0124
     715       1.0749
     716       1.0903
     717       1.0363
     718       1.1096
     719       1.1143
     720       1.1156
     721       1.0715
     722       1.0072
     723       1.0046
     724       1.0403
     725       1.1277
     726       1.0460
     727       1.0522
     728       1.0154
     729       1.0503
     730       0.9968
     731       1.0675
     732       1.0513
     733       1.0688
     734       1.0004
     735       1.0578
     736       1.0466
     737       1.0224
     738       1.1206
     739       1.0849
     740       1.0684
     741       1.0716
     742       1.0234
     743       1.0654
     744       1.1651
     745       1.0949
     746       1.0592
     747       1.0275
     748       1.1296
     749       1.0901
     750       1.0403
     751       1.0874
     752       1.0269
     753       1.0462
     754       1.0305
     755       1.0567
     756       1.0472
     757       1.0416
     758       1.0246
     759       1.0158
     760       1.0433
     761       1.0570
     762       1.0319
     763       1.0214
     764       1.0087
     765       1.0051
     766       0.9860
     767       1.0408
     768       1.0774
     769       0.9795
     770       1.0142
     771       1.0004
     772       1.0115
     773       1.0154
     774       0.9879
     775       1.0103
     776       0.9754
     777       1.0255
     778       1.0341
     779       1.0047
     780       1.0751
     781       1.0605
     782       1.0608
     783       1.0385
     784       0.9894
     785       0.9475
     786       1.0660
     787       0.9746
     788       1.0321
     789       1.0877
     790       1.0716
     791       1.0771
     792       1.0770
     793       1.0059
     794       1.0215
     795       1.0058
     796       1.0209
     797       1.0115
     798       1.1233
     799       1.0988
     800       1.0738
     801       1.0910
     802       1.0021
     803       1.0189
     804       1.0676
     805       1.1008
     806       1.0864
     807       1.0872
     808       1.1147
     809       1.0703
     810       1.0708
     811       1.1446
     812       1.0973
     813       1.1126
     814       1.0658
     815       1.0177
     816       1.0612
     817       1.1910
     818       1.0828
     819       1.1175
     820       1.1247
     821       1.1846
     822       1.1398
     823       1.0951
     824       1.0819
     825       1.0972
     826       1.1150
     827       1.0940
     828       1.0964
     829       0.9947
     830       1.0394
     831       1.0325
     832       1.0242
     833       1.0764
     834       1.0634
     835       1.0334
     836       1.0549
     837       1.0295
     838       1.0243
     839       0.9798
     840       1.0195
     841       1.0005
     842       0.9892
     843       1.0298
     844       0.9477
     845       0.9973
     846       1.0064
     847       1.0987
     848       1.1095
     849       1.1032
     850       1.0824
     851       1.1404
     852       1.0435
     853       0.9962
     854       1.0620
     855       1.0831
     856       1.1199
     857       1.0379
     858       1.1083
     859       1.0025
     860       1.0613
     861       1.0547
     862       1.0865
     863       1.0446
     864       1.0951
     865       1.0594
     866       1.0168
     867       1.0525
     868       1.1129
     869       1.0586
     870       1.0982
     871       1.1182
     872       1.1497
     873       1.1978
     874       1.1577
     875       1.1520
     876       1.0303
     877       1.0940
     878       1.1260
     879       1.1935
     880       1.2293
     881       1.1356
     882       1.0734
     883       1.0346
     884       1.1530
     885       1.1311
     886       1.0982
     887       1.1491
     888       1.1393
     889       1.2240
     890       1.2296
     891       1.2611
     892       1.3368
     893       1.1890
     894       1.2358
     895       1.1990
     896       1.0858
     897       1.1543
     898       1.1645
     899       1.0950
     900       1.1135
     901       1.0438
     902       1.1718
     903       1.1770
     904       1.1443
     905       1.1550
     906       1.0940
     907       1.1282
     908       1.1783
     909       1.1723
     910       1.1231
     911       1.1725
     912       1.2142
     913       1.3353
     914       1.2449
     915       1.1660
     916       1.2129
     917       1.2893
     918       1.2103
     919       1.1624
     920       1.1333
     921       1.2435
     922       1.1657
     923       1.1549
     924       1.1171
     925       1.1234
     926       1.0358
     927       1.1180
     928       1.1151
     929       1.1522
     930       1.1499
     931       1.1271
     932       1.1340
     933       1.0897
     934       1.1807
     935       1.1804
     936       1.2292
     937       1.1192
     938       1.1228
     939       1.1210
     940       1.1644
     941       1.1441
     942       1.1050
     943       1.1913
     944       1.1442
     945       1.1967
     946       1.2030
     947       1.1409
     948       1.1524
     949       1.1559
     950       1.1818
     951       1.1838
     952       1.1488
     953       1.0492
     954       1.0906
     955       1.0987
     956       1.1678
     957       1.1583
     958       1.1665
     959       1.1327
     960       1.1523
     961       1.2416
     962       1.1638
     963       1.0833
     964       1.2045
     965       1.1248
     966       1.1108
     967       1.0185
     968       1.0609
     969       1.1013
     970       1.1614
     971       1.2433
     972       1.2316
     973       1.2177
     974       1.3194
     975       1.2262
     976       1.3263
     977       1.2851
     978       1.2434
     979       1.2088
     980       1.1284
     981       1.2026
     982       1.1887
     983       1.1743
     984       1.1955
     985       1.1052
     986       1.0812
     987       1.0614
     988       1.1536
     989       1.0597
     990       1.0989
     991       1.0647
     992       1.0559
     993       1.0697
     994       1.0428
     995       1.0742
     996       1.0726
     997       1.1277
     998       1.0536
     999       1.0348
    1000       1.0540
