#Frame         ligrms
       1       0.0000
       2       1.4108
       3       1.6447
       4       2.0843
       5       1.8652
       6       1.4165
       7       1.2191
       8       1.3207
       9       1.4809
      10       1.5827
      11       1.5117
      12       1.6204
      13       1.4897
      14       1.4752
      15       1.3980
      16       1.5337
      17       1.7940
      18       1.6210
      19       1.2462
      20       1.0680
      21       1.8427
      22       1.7177
      23       1.6921
      24       1.7467
      25       1.6399
      26       1.5731
      27       1.9792
      28       1.5376
      29       1.5106
      30       1.5715
      31       1.4241
      32       1.4554
      33       1.3248
      34       1.4717
      35       1.4748
      36       1.7381
      37       2.0244
      38       1.8316
      39       1.7033
      40       1.8574
      41       1.7117
      42       1.6541
      43       1.2600
      44       1.4226
      45       1.2852
      46       1.4310
      47       1.4864
      48       1.1995
      49       1.6890
      50       0.9742
      51       1.2115
      52       1.1582
      53       1.5336
      54       1.4079
      55       1.3750
      56       1.4445
      57       1.5191
      58       1.3454
      59       1.3635
      60       1.2903
      61       0.9391
      62       0.9778
      63       2.0304
      64       1.6247
      65       1.4415
      66       1.2363
      67       1.6542
      68       1.9484
      69       1.5951
      70       1.2580
      71       1.1416
      72       1.4969
      73       1.3456
      74       1.0701
      75       1.6462
      76       1.9244
      77       2.4759
      78       1.8540
      79       2.0550
      80       2.6235
      81       2.7636
      82       2.4562
      83       2.7050
      84       2.8509
      85       2.8694
      86       2.8402
      87       2.9807
      88       3.1719
      89       3.0159
      90       3.1932
      91       2.8179
      92       3.0955
      93       3.2032
      94       2.6107
      95       2.7247
      96       3.0165
      97       3.3551
      98       3.1356
      99       2.9617
     100       3.1109
     101       2.9746
     102       3.1026
     103       2.6182
     104       3.0906
     105       2.8342
     106       3.0998
     107       3.0790
     108       3.4083
     109       3.0934
     110       2.9195
     111       3.1668
     112       2.9835
     113       2.8943
     114       2.9279
     115       3.3646
     116       3.4484
     117       3.4765
     118       3.6072
     119       3.5952
     120       3.4477
     121       3.2198
     122       3.7888
     123       3.5536
     124       3.5000
     125       3.7717
     126       4.0862
     127       3.7134
     128       3.3625
     129       3.4600
     130       3.3814
     131       4.2137
     132       3.2350
     133       3.4840
     134       3.7388
     135       3.7080
     136       3.1836
     137       2.7553
     138       3.1775
     139       3.2450
     140       3.5375
     141       3.6306
     142       3.3554
     143       3.4799
     144       3.3210
     145       3.3095
     146       3.7229
     147       3.5004
     148       4.0278
     149       3.1184
     150       3.3495
     151       2.9925
     152       3.0728
     153       3.1074
     154       3.1810
     155       3.0745
     156       3.1359
     157       3.0232
     158       2.9379
     159       3.2061
     160       3.7591
     161       3.0430
     162       3.4672
     163       3.2250
     164       3.2402
     165       3.3039
     166       3.1024
     167       3.1859
     168       2.5327
     169       3.1030
     170       2.8805
     171       3.1972
     172       2.9892
     173       2.8260
     174       3.2038
     175       3.0423
     176       3.2220
     177       2.8273
     178       3.0882
     179       3.1109
     180       3.3572
     181       3.0291
     182       3.3532
     183       3.1091
     184       3.0048
     185       3.1860
     186       3.1039
     187       2.9894
     188       2.9066
     189       2.9866
     190       3.1276
     191       2.7644
     192       3.2359
     193       3.3835
     194       2.8819
     195       3.1107
     196       2.9149
     197       2.9858
     198       3.4339
     199       3.2284
     200       3.3902
     201       3.5970
     202       3.0611
     203       2.1936
     204       2.1652
     205       2.1223
     206       2.3642
     207       2.6866
     208       2.2041
     209       2.0813
     210       2.2737
     211       2.6801
     212       2.4347
     213       2.5749
     214       2.2370
     215       2.4251
     216       2.2538
     217       2.5561
     218       2.6527
     219       2.3719
     220       2.4178
     221       2.2896
     222       2.4562
     223       2.2546
     224       2.5029
     225       2.7043
     226       2.5644
     227       2.5509
     228       2.6219
     229       2.6954
     230       2.2336
     231       2.5812
     232       2.3447
     233       2.6005
     234       2.7607
     235       2.4040
     236       3.2231
     237       3.0287
     238       3.2678
     239       3.9003
     240       3.3242
     241       3.3915
     242       3.0234
     243       2.7854
     244       2.1829
     245       2.2250
     246       2.6783
     247       2.2059
     248       2.1316
     249       2.5802
     250       2.7642
     251       3.1288
     252       2.5791
     253       2.7021
     254       2.8725
     255       2.9026
     256       3.4640
     257       3.3883
     258       3.4018
     259       2.3941
     260       3.2603
     261       2.9988
     262       2.9686
     263       2.6189
     264       2.9219
     265       3.1108
     266       3.1564
     267       3.2459
     268       2.8568
     269       2.6893
     270       3.2240
     271       2.9397
     272       3.1668
     273       2.8058
     274       2.8443
     275       2.8807
     276       2.9867
     277       3.0045
     278       2.8346
     279       2.4586
     280       2.9312
     281       2.8198
     282       2.4267
     283       2.6812
     284       2.6653
     285       2.4498
     286       2.5109
     287       3.0114
     288       3.0472
     289       3.2094
     290       3.4036
     291       2.8976
     292       3.1471
     293       3.1065
     294       2.6378
     295       2.5863
     296       2.8212
     297       2.6682
     298       3.0386
     299       2.5295
     300       2.8465
     301       2.7195
     302       2.2833
     303       1.9890
     304       2.1145
     305       2.5932
     306       2.2674
     307       2.5648
     308       2.4461
     309       3.1259
     310       2.5836
     311       2.5241
     312       2.9305
     313       2.9806
     314       3.3242
     315       3.2128
     316       3.2850
     317       3.3213
     318       3.3967
     319       3.3521
     320       3.3797
     321       3.0916
     322       3.1209
     323       3.1958
     324       3.1470
     325       3.3260
     326       3.2141
     327       3.3909
     328       3.1860
     329       3.2289
     330       3.5318
     331       2.8575
     332       2.9101
     333       2.6820
     334       2.8631
     335       2.8693
     336       2.8780
     337       3.0904
     338       3.4451
     339       2.9159
     340       3.1962
     341       2.9083
     342       3.0869
     343       3.3305
     344       3.1639
     345       3.5635
     346       3.4843
     347       3.1516
     348       3.1842
     349       3.6008
     350       3.0531
     351       2.9225
     352       2.8494
     353       2.7224
     354       3.0762
     355       3.1386
     356       3.1535
     357       3.2231
     358       2.7868
     359       3.1872
     360       3.2750
     361       2.8824
     362       2.8327
     363       3.3427
     364       2.7678
     365       2.0823
     366       2.8095
     367       3.1189
     368       3.0043
     369       2.8824
     370       2.7337
     371       2.4222
     372       3.0498
     373       2.6830
     374       2.5247
     375       2.6344
     376       2.4031
     377       2.7246
     378       2.7083
     379       2.6057
     380       1.3963
     381       1.8488
     382       2.1829
     383       1.9212
     384       1.7726
     385       1.7719
     386       1.8155
     387       1.8647
     388       1.3298
     389       1.3878
     390       1.5847
     391       1.9123
     392       2.0564
     393       2.1431
     394       2.1362
     395       2.5141
     396       2.5135
     397       2.7732
     398       2.6658
     399       2.8154
     400       3.1894
     401       2.7789
     402       2.2920
     403       2.6091
     404       2.7137
     405       2.0416
     406       2.3197
     407       2.1571
     408       1.6416
     409       1.8928
     410       1.9773
     411       2.2898
     412       2.6201
     413       2.5886
     414       2.5980
     415       2.2877
     416       2.2709
     417       1.9861
     418       1.9603
     419       2.1776
     420       2.5263
     421       1.7728
     422       1.7099
     423       1.6736
     424       1.6766
     425       1.6253
     426       1.6781
     427       1.7443
     428       1.8209
     429       1.7524
     430       1.8624
     431       1.8958
     432       2.0163
     433       1.8036
     434       1.7903
     435       2.0021
     436       1.8925
     437       2.2098
     438       2.2426
     439       1.9476
     440       1.8276
     441       2.1328
     442       1.7096
     443       1.7948
     444       2.0534
     445       1.5521
     446       1.7603
     447       1.9881
     448       1.6441
     449       2.4721
     450       2.2609
     451       2.2534
     452       2.0438
     453       1.9623
     454       2.2294
     455       1.7662
     456       2.3686
     457       2.5738
     458       1.8275
     459       1.6133
     460       1.8032
     461       2.0123
     462       2.1175
     463       1.9123
     464       1.8037
     465       1.7076
     466       1.7538
     467       2.0740
     468       1.8642
     469       1.9030
     470       2.0655
     471       1.7107
     472       2.0257
     473       2.1074
     474       2.2506
     475       2.0239
     476       1.6834
     477       1.6015
     478       1.8531
     479       1.9770
     480       1.9138
     481       2.0034
     482       1.6469
     483       2.0696
     484       1.8357
     485       2.2127
     486       1.8238
     487       1.8541
     488       1.5768
     489       1.7224
     490       1.6803
     491       1.8079
     492       2.0125
     493       1.8828
     494       1.8257
     495       1.9383
     496       1.9351
     497       2.2459
     498       2.2992
     499       2.3396
     500       1.6693
     501       1.9412
     502       1.9879
     503       1.7634
     504       2.2819
     505       1.7223
     506       2.1545
     507       2.7111
     508       2.1810
     509       1.9707
     510       1.8917
     511       1.9727
     512       2.6607
     513       2.2832
     514       2.6726
     515       2.4307
     516       2.1254
     517       1.7965
     518       2.3760
     519       2.0283
     520       2.3763
     521       2.6397
     522       2.1747
     523       2.3799
     524       1.8359
     525       1.7051
     526       2.0175
     527       2.3050
     528       2.1722
     529       2.0492
     530       2.2015
     531       1.9560
     532       2.5057
     533       2.3709
     534       1.7583
     535       2.1352
     536       1.9347
     537       1.9091
     538       2.3656
     539       1.8379
     540       2.0113
     541       1.7752
     542       1.8553
     543       1.6809
     544       1.9146
     545       2.0412
     546       2.1890
     547       2.0359
     548       2.6244
     549       2.1922
     550       2.8660
     551       2.8319
     552       2.2601
     553       2.6055
     554       2.2552
     555       2.7502
     556       2.6687
     557       2.5137
     558       2.5559
     559       2.4857
     560       2.6296
     561       2.7423
     562       2.0192
     563       1.8809
     564       2.6995
     565       1.9280
     566       1.8440
     567       1.7168
     568       1.5584
     569       2.1491
     570       2.0226
     571       2.1770
     572       2.0096
     573       2.3389
     574       2.4004
     575       2.0242
     576       1.9872
     577       2.0066
     578       2.0554
     579       1.9997
     580       2.4036
     581       2.4903
     582       1.8131
     583       1.9447
     584       2.1250
     585       2.2597
     586       1.8275
     587       1.9122
     588       1.9216
     589       1.9490
     590       1.7001
     591       2.2084
     592       2.0350
     593       1.9628
     594       2.0209
     595       1.8096
     596       2.0491
     597       1.9604
     598       1.7670
     599       2.0573
     600       1.6293
     601       1.8818
     602       1.6725
     603       1.9728
     604       2.3377
     605       2.0537
     606       1.8097
     607       1.8700
     608       1.6744
     609       2.0852
     610       2.2687
     611       1.7244
     612       1.8142
     613       2.0530
     614       1.8686
     615       1.6930
     616       2.0822
     617       2.1696
     618       2.1602
     619       2.1986
     620       2.0936
     621       2.0038
     622       1.9192
     623       1.5067
     624       1.3987
     625       1.7279
     626       1.7046
     627       2.0263
     628       1.9103
     629       1.6994
     630       2.2781
     631       1.8951
     632       1.9580
     633       1.9671
     634       2.1713
     635       2.0050
     636       1.8924
     637       2.0272
     638       2.1265
     639       2.0797
     640       2.4960
     641       2.4477
     642       2.0277
     643       2.5982
     644       2.6330
     645       2.2187
     646       2.0690
     647       1.9353
     648       1.9816
     649       2.0683
     650       2.0581
     651       2.2408
     652       2.3006
     653       2.3762
     654       2.0271
     655       1.2092
     656       1.6018
     657       1.6371
     658       2.0276
     659       1.8513
     660       2.2434
     661       2.2591
     662       2.0794
     663       3.0761
     664       2.3305
     665       2.6885
     666       1.9844
     667       2.2079
     668       2.4132
     669       2.6492
     670       2.6001
     671       2.3761
     672       2.6827
     673       2.3924
     674       2.3886
     675       2.6526
     676       2.1632
     677       2.0789
     678       2.8333
     679       2.8483
     680       2.6297
     681       2.4881
     682       2.4724
     683       2.6507
     684       2.5944
     685       2.6637
     686       2.7846
     687       1.9384
     688       2.2684
     689       2.2963
     690       2.4063
     691       2.5051
     692       2.7927
     693       2.3935
     694       3.1756
     695       2.4957
     696       2.3472
     697       2.3174
     698       2.2794
     699       2.2741
     700       2.9959
     701       2.1199
     702       2.7088
     703       2.7570
     704       2.5971
     705       2.6428
     706       2.4172
     707       2.6450
     708       2.7705
     709       2.5307
     710       2.9955
     711       2.9091
     712       2.3856
     713       2.7835
     714       2.7261
     715       2.7164
     716       2.3338
     717       2.6705
     718       2.6599
     719       2.3039
     720       2.1139
     721       2.4392
     722       2.0618
     723       2.3538
     724       2.9492
     725       2.6710
     726       2.7780
     727       2.5618
     728       2.4974
     729       2.2309
     730       1.7909
     731       1.8546
     732       1.9683
     733       1.9291
     734       1.8316
     735       1.7040
     736       1.7030
     737       1.8215
     738       2.3654
     739       2.2061
     740       2.1954
     741       2.2459
     742       2.2772
     743       2.6051
     744       2.3195
     745       2.3949
     746       2.7070
     747       2.1148
     748       2.5114
     749       2.7984
     750       2.4929
     751       2.2034
     752       2.3142
     753       2.3378
     754       2.1052
     755       2.3563
     756       2.0470
     757       2.4547
     758       2.3629
     759       2.1457
     760       2.1434
     761       2.3224
     762       2.0433
     763       2.2898
     764       2.3823
     765       2.0881
     766       2.3740
     767       2.3261
     768       2.3602
     769       1.8156
     770       2.3291
     771       3.0546
     772       2.5518
     773       2.7521
     774       2.4601
     775       2.8803
     776       3.1068
     777       2.5900
     778       2.1142
     779       2.0553
     780       2.0494
     781       1.9335
     782       2.0041
     783       1.9008
     784       2.0371
     785       2.4008
     786       2.2502
     787       2.1518
     788       2.4981
     789       2.6308
     790       2.5739
     791       2.1867
     792       2.4583
     793       1.9524
     794       2.2480
     795       1.8226
     796       2.0614
     797       2.1515
     798       2.0264
     799       2.3316
     800       2.6969
     801       1.9310
     802       2.1535
     803       2.2646
     804       2.2757
     805       2.5417
     806       2.6619
     807       1.9640
     808       2.1321
     809       1.9314
     810       2.1994
     811       2.8095
     812       2.1080
     813       2.3324
     814       2.2423
     815       1.5879
     816       1.6638
     817       1.8891
     818       1.9036
     819       2.0556
     820       2.9450
     821       2.4280
     822       2.1870
     823       1.8751
     824       1.6584
     825       1.6849
     826       1.7684
     827       2.0180
     828       2.0817
     829       2.1230
     830       2.1837
     831       1.9455
     832       2.2928
     833       1.8643
     834       1.8856
     835       2.0960
     836       2.2718
     837       1.8550
     838       1.7367
     839       1.8564
     840       1.5989
     841       2.0939
     842       1.9781
     843       1.8200
     844       1.8815
     845       1.7217
     846       1.7816
     847       1.8879
     848       1.7086
     849       1.4852
     850       2.4197
     851       2.3040
     852       2.1838
     853       1.8287
     854       1.9711
     855       2.2793
     856       2.0318
     857       1.8860
     858       2.3382
     859       2.1205
     860       2.2182
     861       2.3833
     862       2.7574
     863       2.4312
     864       3.1773
     865       1.9791
     866       1.8966
     867       1.9039
     868       1.9088
     869       2.4326
     870       1.9393
     871       1.8716
     872       1.9597
     873       2.0526
     874       1.8240
     875       2.1480
     876       2.1855
     877       2.0543
     878       2.0965
     879       2.4165
     880       2.1712
     881       1.9719
     882       1.6888
     883       1.7735
     884       2.1052
     885       2.2038
     886       2.3252
     887       2.0877
     888       2.9267
     889       2.1474
     890       1.9929
     891       1.9688
     892       2.1183
     893       2.3683
     894       2.0298
     895       2.1199
     896       2.1839
     897       2.2242
     898       2.2307
     899       2.2286
     900       1.5398
     901       1.6302
     902       1.8101
     903       2.1553
     904       2.3840
     905       1.8323
     906       1.9793
     907       2.0567
     908       1.5046
     909       1.6811
     910       1.5838
     911       1.6365
     912       1.8708
     913       1.9345
     914       1.9944
     915       2.2563
     916       2.0466
     917       2.0479
     918       1.9860
     919       1.7300
     920       2.2126
     921       1.7741
     922       2.0206
     923       2.2652
     924       2.0595
     925       2.2676
     926       2.2096
     927       2.1308
     928       2.1665
     929       1.9151
     930       1.8645
     931       1.7594
     932       1.9329
     933       2.1673
     934       2.0223
     935       2.2210
     936       1.8585
     937       1.6681
     938       2.1305
     939       2.0085
     940       2.4541
     941       2.5974
     942       1.7925
     943       2.5439
     944       1.8204
     945       1.7356
     946       1.9525
     947       1.5090
     948       2.0503
     949       1.4380
     950       1.5589
     951       1.8450
     952       1.7643
     953       2.3073
     954       2.1529
     955       1.9804
     956       2.0606
     957       1.9175
     958       2.1338
     959       2.3275
     960       2.1583
     961       2.0467
     962       2.2990
     963       2.1222
     964       2.3418
     965       2.7124
     966       2.3454
     967       1.9369
     968       1.9602
     969       2.3600
     970       2.0353
     971       1.9861
     972       1.7685
     973       1.8186
     974       2.0902
     975       1.8810
     976       2.0590
     977       2.0835
     978       2.0248
     979       1.8118
     980       1.7456
     981       1.4077
     982       1.8513
     983       2.0276
     984       1.9854
     985       2.0887
     986       1.9640
     987       1.8245
     988       1.8876
     989       2.0931
     990       1.8820
     991       1.6312
     992       1.8943
     993       1.5869
     994       2.1622
     995       2.0991
     996       1.7373
     997       2.1773
     998       2.2410
     999       2.0801
    1000       1.8934
