#Frame        fitprot
       1       0.0000
       2       0.6580
       3       0.8144
       4       0.8003
       5       0.8488
       6       0.9764
       7       0.9930
       8       0.9778
       9       0.9521
      10       1.0102
      11       0.7684
      12       0.8429
      13       0.8741
      14       0.8547
      15       0.9748
      16       0.9496
      17       0.9046
      18       0.9048
      19       0.9001
      20       0.8091
      21       0.8925
      22       0.9223
      23       0.9432
      24       0.8847
      25       0.9250
      26       1.1689
      27       0.9061
      28       0.9376
      29       0.9635
      30       0.9846
      31       0.9738
      32       1.0193
      33       1.0146
      34       1.1073
      35       1.1689
      36       1.1031
      37       1.0997
      38       0.9591
      39       0.9529
      40       1.0220
      41       1.0770
      42       1.0027
      43       1.1246
      44       1.0693
      45       0.9379
      46       1.0376
      47       0.9005
      48       0.8314
      49       0.8738
      50       0.9550
      51       0.9265
      52       0.9504
      53       0.9042
      54       0.8611
      55       0.9956
      56       0.9328
      57       0.9580
      58       0.9883
      59       0.9648
      60       1.0511
      61       1.1058
      62       1.0854
      63       0.9938
      64       1.0729
      65       1.0027
      66       0.9259
      67       0.9286
      68       0.9328
      69       0.9185
      70       0.9064
      71       0.9631
      72       1.0051
      73       1.0897
      74       0.9637
      75       0.9413
      76       0.9881
      77       1.0203
      78       0.9598
      79       0.9808
      80       0.9982
      81       1.0174
      82       0.9861
      83       0.9809
      84       1.0287
      85       1.1318
      86       1.0185
      87       1.0238
      88       1.0615
      89       1.0600
      90       1.1004
      91       1.1104
      92       1.0937
      93       1.1022
      94       1.1782
      95       1.1613
      96       1.2054
      97       1.1350
      98       1.2701
      99       1.2847
     100       1.2532
     101       1.2460
     102       1.2753
     103       1.1071
     104       1.0670
     105       1.1357
     106       1.0659
     107       0.9811
     108       1.0638
     109       1.0096
     110       1.0292
     111       1.0260
     112       1.1856
     113       1.1052
     114       1.1404
     115       1.0483
     116       1.0922
     117       1.1841
     118       1.2175
     119       1.2855
     120       1.2716
     121       1.2424
     122       1.2720
     123       1.2786
     124       1.3391
     125       1.3578
     126       1.4246
     127       1.2895
     128       1.2977
     129       1.2350
     130       1.4359
     131       1.2532
     132       1.1798
     133       1.1830
     134       1.3054
     135       1.4515
     136       1.3690
     137       1.3340
     138       1.3634
     139       1.4446
     140       1.4879
     141       1.5059
     142       1.3428
     143       1.2675
     144       1.2601
     145       1.3047
     146       1.4951
     147       1.3011
     148       1.3295
     149       1.3319
     150       1.2289
     151       1.1858
     152       1.2428
     153       1.2051
     154       1.1301
     155       1.3173
     156       1.1137
     157       1.0567
     158       1.0753
     159       1.2181
     160       1.3532
     161       1.3689
     162       1.2232
     163       1.4656
     164       1.4321
     165       1.3905
     166       1.4126
     167       1.3750
     168       1.2685
     169       1.4202
     170       1.4837
     171       1.4607
     172       1.3592
     173       1.3891
     174       1.3306
     175       1.4506
     176       1.4573
     177       1.5020
     178       1.5020
     179       1.4529
     180       1.5777
     181       1.4463
     182       1.3161
     183       1.1850
     184       1.1324
     185       1.2363
     186       1.1474
     187       1.1065
     188       1.1711
     189       1.3076
     190       1.2691
     191       1.3286
     192       1.3987
     193       1.2592
     194       1.4514
     195       1.2984
     196       1.3836
     197       1.4189
     198       1.3211
     199       1.4825
     200       1.3440
     201       1.2913
     202       1.3361
     203       1.2783
     204       1.3194
     205       1.3429
     206       1.3866
     207       1.4359
     208       1.4037
     209       1.4247
     210       1.4388
     211       1.5648
     212       1.6316
     213       1.5911
     214       1.5511
     215       1.4332
     216       1.5026
     217       1.6021
     218       1.5932
     219       1.5252
     220       1.6024
     221       1.5225
     222       1.4620
     223       1.5229
     224       1.5777
     225       1.5905
     226       1.6424
     227       1.5296
     228       1.5046
     229       1.3519
     230       1.3254
     231       1.3617
     232       1.4396
     233       1.3686
     234       1.3712
     235       1.6570
     236       1.5441
     237       1.6375
     238       1.6599
     239       1.6772
     240       1.6490
     241       1.5906
     242       1.4637
     243       1.2578
     244       1.2777
     245       1.4707
     246       1.4462
     247       1.4400
     248       1.4820
     249       1.4436
     250       1.5071
     251       1.4811
     252       1.5305
     253       1.4343
     254       1.5175
     255       1.4235
     256       1.5601
     257       1.5944
     258       1.4952
     259       1.3647
     260       1.4420
     261       1.3539
     262       1.3771
     263       1.3063
     264       1.2792
     265       1.4228
     266       1.5492
     267       1.5217
     268       1.5251
     269       1.4700
     270       1.5244
     271       1.5148
     272       1.5039
     273       1.4812
     274       1.5682
     275       1.5981
     276       1.6003
     277       1.6264
     278       1.6457
     279       1.4878
     280       1.4740
     281       1.5031
     282       1.5560
     283       1.4792
     284       1.4243
     285       1.5149
     286       1.5413
     287       1.6153
     288       1.6256
     289       1.6758
     290       1.5541
     291       1.5631
     292       1.6312
     293       1.6476
     294       1.5751
     295       1.5888
     296       1.5104
     297       1.5243
     298       1.5036
     299       1.5100
     300       1.5417
     301       1.4754
     302       1.4391
     303       1.3607
     304       1.3029
     305       1.3999
     306       1.3805
     307       1.4384
     308       1.4597
     309       1.5090
     310       1.4290
     311       1.4253
     312       1.4459
     313       1.5190
     314       1.4067
     315       1.5186
     316       1.3390
     317       1.4585
     318       1.4845
     319       1.4440
     320       1.5688
     321       1.5518
     322       1.5575
     323       1.5236
     324       1.5236
     325       1.5066
     326       1.5329
     327       1.4652
     328       1.4631
     329       1.4364
     330       1.6385
     331       1.6206
     332       1.6224
     333       1.5509
     334       1.5625
     335       1.5279
     336       1.6200
     337       1.4596
     338       1.6918
     339       1.6823
     340       1.7290
     341       1.6745
     342       1.6483
     343       1.6225
     344       1.6529
     345       1.7459
     346       1.6148
     347       1.5882
     348       1.5598
     349       1.6038
     350       1.4373
     351       1.4823
     352       1.4139
     353       1.4159
     354       1.5392
     355       1.5958
     356       1.4283
     357       1.5384
     358       1.4937
     359       1.3832
     360       1.5338
     361       1.4437
     362       1.4825
     363       1.4407
     364       1.5149
     365       1.6090
     366       1.4137
     367       1.4312
     368       1.4813
     369       1.5505
     370       1.5406
     371       1.5670
     372       1.5195
     373       1.5667
     374       1.5145
     375       1.4627
     376       1.5382
     377       1.6154
     378       1.5795
     379       1.7321
     380       1.6168
     381       1.5468
     382       1.6166
     383       1.6502
     384       1.6719
     385       1.5401
     386       1.5972
     387       1.5711
     388       1.6138
     389       1.6134
     390       1.4882
     391       1.4957
     392       1.6665
     393       1.4465
     394       1.5176
     395       1.4825
     396       1.5105
     397       1.5116
     398       1.5197
     399       1.4784
     400       1.4641
     401       1.5036
     402       1.5090
     403       1.6086
     404       1.5594
     405       1.5990
     406       1.7001
     407       1.6101
     408       1.6650
     409       1.5456
     410       1.6013
     411       1.7355
     412       1.7032
     413       1.6260
     414       1.5603
     415       1.4887
     416       1.5825
     417       1.5216
     418       1.4937
     419       1.3747
     420       1.4240
     421       1.5497
     422       1.5334
     423       1.6366
     424       1.7215
     425       1.7124
     426       1.6681
     427       1.6195
     428       1.5107
     429       1.6351
     430       1.6800
     431       1.6861
     432       1.6242
     433       1.6309
     434       1.5498
     435       1.6355
     436       1.6673
     437       1.7614
     438       1.7862
     439       1.6890
     440       1.5888
     441       1.7416
     442       1.6648
     443       1.6302
     444       1.7311
     445       1.6250
     446       1.6900
     447       1.7781
     448       1.7028
     449       1.7705
     450       1.6419
     451       1.7279
     452       1.7345
     453       1.7524
     454       1.7290
     455       1.6115
     456       1.6545
     457       1.5447
     458       1.6933
     459       1.7393
     460       1.6821
     461       1.6135
     462       1.6122
     463       1.5022
     464       1.4941
     465       1.4948
     466       1.5286
     467       1.6681
     468       1.7781
     469       1.7746
     470       1.7732
     471       1.8064
     472       1.7949
     473       1.7784
     474       1.7766
     475       1.6945
     476       1.6738
     477       1.7313
     478       1.6404
     479       1.5824
     480       1.7378
     481       1.7230
     482       1.6528
     483       1.5915
     484       1.6301
     485       1.7386
     486       1.6968
     487       1.6931
     488       1.7206
     489       1.8007
     490       1.7423
     491       1.6561
     492       1.5491
     493       1.6217
     494       1.6294
     495       1.5418
     496       1.4613
     497       1.5618
     498       1.5557
     499       1.6574
     500       1.5743
     501       1.6768
     502       1.6460
     503       1.6263
     504       1.4719
     505       1.5027
     506       1.5279
     507       1.5134
     508       1.5452
     509       1.7184
     510       1.6483
     511       1.5875
     512       1.5356
     513       1.7458
     514       1.7272
     515       1.5922
     516       1.5360
     517       1.5257
     518       1.4362
     519       1.4719
     520       1.5849
     521       1.6190
     522       1.6457
     523       1.7274
     524       1.6395
     525       1.6008
     526       1.5270
     527       1.6724
     528       1.5986
     529       1.5153
     530       1.4393
     531       1.4715
     532       1.4261
     533       1.5770
     534       1.6107
     535       1.5103
     536       1.5971
     537       1.7483
     538       1.6633
     539       1.6267
     540       1.5178
     541       1.7108
     542       1.8932
     543       1.7142
     544       1.6391
     545       1.5804
     546       1.5413
     547       1.5149
     548       1.5349
     549       1.5974
     550       1.6413
     551       1.4922
     552       1.5782
     553       1.7342
     554       1.6948
     555       1.6173
     556       1.6617
     557       1.6295
     558       1.5177
     559       1.4453
     560       1.6357
     561       1.5985
     562       1.7221
     563       1.4519
     564       1.5129
     565       1.6671
     566       1.7568
     567       1.7998
     568       1.8605
     569       1.8462
     570       1.8448
     571       1.8555
     572       1.6735
     573       1.7718
     574       1.7726
     575       1.7972
     576       1.6998
     577       1.7994
     578       1.7454
     579       1.7846
     580       1.7491
     581       1.7753
     582       1.8440
     583       1.7845
     584       1.7662
     585       1.8908
     586       1.8143
     587       1.8570
     588       1.6722
     589       1.7298
     590       1.6595
     591       1.8702
     592       1.8785
     593       1.7447
     594       1.7650
     595       1.7535
     596       1.8357
     597       1.7529
     598       1.7092
     599       1.6619
     600       1.7848
     601       1.7642
     602       1.7459
     603       1.6466
     604       1.6174
     605       1.7804
     606       1.7519
     607       1.6455
     608       1.6450
     609       1.6099
     610       1.5874
     611       1.5879
     612       1.6347
     613       1.6045
     614       1.7749
     615       1.6974
     616       1.7660
     617       1.6465
     618       1.6037
     619       1.5745
     620       1.6557
     621       1.6031
     622       1.5903
     623       1.6687
     624       1.6312
     625       1.6609
     626       1.5310
     627       1.5177
     628       1.5550
     629       1.5009
     630       1.6126
     631       1.6098
     632       1.6402
     633       1.4295
     634       1.3887
     635       1.3871
     636       1.4429
     637       1.4270
     638       1.5692
     639       1.5559
     640       1.4588
     641       1.3791
     642       1.3732
     643       1.4864
     644       1.4149
     645       1.3537
     646       1.3738
     647       1.4301
     648       1.4222
     649       1.5502
     650       1.5779
     651       1.7119
     652       1.5535
     653       1.5683
     654       1.6023
     655       1.5968
     656       1.5809
     657       1.6325
     658       1.5875
     659       1.7537
     660       1.5441
     661       1.6638
     662       1.6572
     663       1.6476
     664       1.5944
     665       1.5951
     666       1.5618
     667       1.5139
     668       1.6115
     669       1.5853
     670       1.6251
     671       1.6791
     672       1.7606
     673       1.6489
     674       1.6333
     675       1.3998
     676       1.5477
     677       1.5391
     678       1.6599
     679       1.3990
     680       1.5348
     681       1.7407
     682       1.7306
     683       1.5893
     684       1.6434
     685       1.4911
     686       1.5595
     687       1.6502
     688       1.5315
     689       1.6500
     690       1.5348
     691       1.6090
     692       1.6967
     693       1.6926
     694       1.7100
     695       1.7439
     696       1.6250
     697       1.6385
     698       1.6703
     699       1.6469
     700       1.5023
     701       1.5208
     702       1.3831
     703       1.4680
     704       1.3697
     705       1.4436
     706       1.4278
     707       1.4080
     708       1.4031
     709       1.5242
     710       1.4257
     711       1.4101
     712       1.5494
     713       1.4324
     714       1.3858
     715       1.6246
     716       1.7218
     717       1.6042
     718       1.6312
     719       1.8020
     720       1.6267
     721       1.5472
     722       1.5753
     723       1.5633
     724       1.6854
     725       1.7452
     726       1.6080
     727       1.4784
     728       1.7070
     729       1.7831
     730       1.6794
     731       1.7104
     732       1.7466
     733       1.7255
     734       1.8320
     735       1.6896
     736       1.7002
     737       1.7763
     738       1.7180
     739       1.5989
     740       1.6154
     741       1.6460
     742       1.6269
     743       1.6653
     744       1.6600
     745       1.5713
     746       1.7088
     747       1.5829
     748       1.8203
     749       1.5921
     750       1.6076
     751       1.5440
     752       1.6801
     753       1.7147
     754       1.7541
     755       1.8851
     756       1.8450
     757       1.7883
     758       1.5077
     759       1.6479
     760       1.6930
     761       1.7418
     762       1.6368
     763       1.5604
     764       1.4686
     765       1.7091
     766       1.6878
     767       1.6405
     768       1.5807
     769       1.7063
     770       1.6083
     771       1.7301
     772       1.8678
     773       1.8015
     774       1.8775
     775       1.7454
     776       1.6643
     777       1.7254
     778       1.7092
     779       1.5986
     780       1.6978
     781       1.6023
     782       1.7280
     783       1.7631
     784       1.5834
     785       1.6930
     786       1.6496
     787       1.7648
     788       1.7018
     789       1.8256
     790       1.7750
     791       1.6804
     792       1.6534
     793       1.6773
     794       1.6720
     795       1.6551
     796       1.6919
     797       1.6139
     798       1.5766
     799       1.7594
     800       1.7182
     801       1.7144
     802       1.6987
     803       1.7965
     804       1.9409
     805       1.9286
     806       1.6933
     807       1.6093
     808       1.7178
     809       1.6811
     810       1.7830
     811       1.8405
     812       1.7677
     813       1.7778
     814       1.5987
     815       1.6819
     816       1.5699
     817       1.6259
     818       1.6581
     819       1.6240
     820       1.4810
     821       1.5194
     822       1.5602
     823       1.6429
     824       1.7831
     825       1.7724
     826       1.6861
     827       1.5647
     828       1.6738
     829       1.6400
     830       1.6615
     831       1.7469
     832       1.8516
     833       1.8000
     834       1.9083
     835       1.9711
     836       1.7959
     837       1.7460
     838       1.8317
     839       1.8430
     840       1.6932
     841       1.7917
     842       1.5673
     843       1.6397
     844       1.6600
     845       1.8461
     846       1.7171
     847       1.7094
     848       1.8119
     849       1.6457
     850       1.6439
     851       1.6545
     852       1.6794
     853       1.7011
     854       1.7269
     855       1.8733
     856       1.7533
     857       1.7311
     858       1.6652
     859       1.7476
     860       1.7880
     861       1.7412
     862       1.5959
     863       1.6184
     864       1.7011
     865       1.7174
     866       1.5856
     867       1.7078
     868       1.6719
     869       1.8355
     870       1.7425
     871       1.7488
     872       1.7062
     873       1.6353
     874       1.6502
     875       1.6590
     876       1.6535
     877       1.5200
     878       1.5571
     879       1.6104
     880       1.5571
     881       1.6057
     882       1.5471
     883       1.5745
     884       1.6406
     885       1.7233
     886       1.7126
     887       1.6310
     888       1.6596
     889       1.6511
     890       1.6608
     891       1.7207
     892       1.7437
     893       1.7919
     894       1.6217
     895       1.7860
     896       1.7427
     897       1.7818
     898       1.8020
     899       1.8780
     900       1.8821
     901       1.8199
     902       1.7281
     903       1.6094
     904       1.7120
     905       1.5936
     906       1.6909
     907       1.6725
     908       1.7691
     909       1.7077
     910       1.7114
     911       1.7287
     912       1.9320
     913       1.7781
     914       1.7832
     915       1.7589
     916       1.8123
     917       1.6893
     918       1.5909
     919       1.7089
     920       1.8136
     921       1.7202
     922       1.6649
     923       1.7217
     924       1.7377
     925       1.6100
     926       1.6950
     927       1.7220
     928       1.7395
     929       1.8048
     930       1.8849
     931       1.7155
     932       1.6522
     933       1.6284
     934       1.7292
     935       1.5669
     936       1.5373
     937       1.6005
     938       1.5846
     939       1.7983
     940       1.7900
     941       1.8869
     942       1.8158
     943       1.6504
     944       1.8034
     945       1.7026
     946       1.8628
     947       1.6776
     948       1.5681
     949       1.6032
     950       1.7147
     951       1.9284
     952       1.9431
     953       1.9314
     954       1.9286
     955       2.0026
     956       1.9417
     957       1.8095
     958       1.7339
     959       1.7012
     960       1.7445
     961       1.9175
     962       1.7945
     963       1.8000
     964       1.7423
     965       1.7678
     966       1.8463
     967       1.9023
     968       1.9182
     969       1.8892
     970       1.7356
     971       1.6905
     972       1.6128
     973       1.7410
     974       1.8117
     975       1.6540
     976       1.7511
     977       1.7625
     978       1.7580
     979       1.7928
     980       1.6530
     981       1.6359
     982       1.6638
     983       1.6456
     984       1.7481
     985       1.6914
     986       1.7087
     987       1.6047
     988       1.4474
     989       1.6845
     990       1.6777
     991       1.8360
     992       1.6200
     993       1.7524
     994       1.9247
     995       2.0614
     996       2.1129
     997       1.8624
     998       1.8045
     999       1.8286
    1000       1.7571
