#Frame         ligrms
       1       0.0000
       2       0.9587
       3       0.8948
       4       1.1091
       5       0.7094
       6       0.7025
       7       0.8096
       8       1.1361
       9       0.9161
      10       0.7529
      11       0.9637
      12       1.4315
      13       0.8469
      14       1.0770
      15       1.2529
      16       0.7797
      17       0.6758
      18       0.9195
      19       1.9292
      20       0.8586
      21       0.9501
      22       1.3307
      23       1.4343
      24       1.0690
      25       0.4825
      26       1.1693
      27       1.1473
      28       1.7663
      29       1.6509
      30       1.5239
      31       1.9547
      32       2.0873
      33       0.9792
      34       1.8717
      35       1.2369
      36       1.5165
      37       1.0500
      38       1.1169
      39       1.0649
      40       1.2410
      41       1.3799
      42       0.9582
      43       0.8596
      44       1.0344
      45       0.9695
      46       0.7276
      47       0.9570
      48       0.6236
      49       0.7198
      50       0.9606
      51       1.1877
      52       0.8203
      53       0.9083
      54       1.1570
      55       1.0826
      56       1.4752
      57       1.3381
      58       1.9275
      59       2.1136
      60       1.5872
      61       1.9053
      62       2.1141
      63       1.9645
      64       1.5314
      65       1.2607
      66       1.6929
      67       1.8650
      68       2.0878
      69       2.2992
      70       2.4075
      71       2.0864
      72       2.2273
      73       2.5472
      74       1.9363
      75       2.1860
      76       1.6159
      77       2.1821
      78       2.0644
      79       1.5135
      80       1.8768
      81       2.0653
      82       2.0348
      83       1.8427
      84       2.0321
      85       1.9728
      86       1.7239
      87       1.6385
      88       1.5862
      89       1.4110
      90       2.6166
      91       2.0657
      92       2.5770
      93       2.8833
      94       3.0452
      95       2.7600
      96       2.7304
      97       2.3825
      98       2.4677
      99       2.2964
     100       1.8100
     101       1.5284
     102       1.7075
     103       1.7750
     104       1.5116
     105       2.1199
     106       1.6350
     107       2.0036
     108       1.9927
     109       1.9749
     110       2.1397
     111       2.3315
     112       2.2825
     113       2.1052
     114       2.4768
     115       2.2951
     116       1.6522
     117       2.1962
     118       2.3893
     119       2.5874
     120       1.9524
     121       2.0675
     122       2.4317
     123       2.4031
     124       2.2725
     125       2.3278
     126       2.3990
     127       1.9692
     128       1.8735
     129       1.7576
     130       2.0501
     131       2.0513
     132       1.6652
     133       1.8856
     134       1.9077
     135       2.3529
     136       2.4706
     137       2.1224
     138       1.9910
     139       1.6225
     140       2.0698
     141       2.2990
     142       2.3079
     143       2.1179
     144       2.4333
     145       1.9750
     146       2.4734
     147       2.1226
     148       2.1466
     149       2.2516
     150       2.0961
     151       1.9654
     152       1.9918
     153       2.2338
     154       2.1903
     155       2.4323
     156       2.1613
     157       1.9549
     158       1.8362
     159       1.3931
     160       2.2291
     161       2.4554
     162       2.2020
     163       2.1220
     164       2.4551
     165       2.5329
     166       2.1477
     167       2.4787
     168       2.2897
     169       2.1862
     170       2.2183
     171       2.1003
     172       2.2355
     173       2.3019
     174       2.1149
     175       1.9747
     176       2.4947
     177       2.6482
     178       2.4966
     179       2.2762
     180       2.7376
     181       2.8166
     182       2.5379
     183       1.9441
     184       2.2691
     185       2.6181
     186       2.5440
     187       2.6145
     188       2.5951
     189       2.5275
     190       2.3674
     191       2.4684
     192       2.7449
     193       2.3343
     194       2.5907
     195       2.8666
     196       2.7104
     197       2.6205
     198       2.8110
     199       2.7934
     200       2.6552
     201       2.6998
     202       2.7193
     203       2.3572
     204       2.8499
     205       2.5744
     206       2.5112
     207       2.6118
     208       2.4267
     209       2.5627
     210       2.0621
     211       2.6158
     212       2.8318
     213       2.5264
     214       2.8834
     215       2.8016
     216       2.2823
     217       2.5321
     218       1.8643
     219       2.0299
     220       2.6402
     221       2.4705
     222       2.3510
     223       2.3226
     224       2.6805
     225       1.9254
     226       2.2911
     227       2.3141
     228       2.0089
     229       2.3776
     230       2.0313
     231       1.9586
     232       2.3715
     233       2.3996
     234       2.2084
     235       2.2225
     236       2.7348
     237       2.5958
     238       2.2393
     239       2.3203
     240       2.7525
     241       2.5074
     242       2.7677
     243       2.5012
     244       2.2910
     245       2.5289
     246       2.8940
     247       2.5962
     248       2.1085
     249       1.7927
     250       2.6396
     251       2.2753
     252       2.3693
     253       2.3603
     254       2.4887
     255       2.1449
     256       2.6449
     257       2.4069
     258       2.6253
     259       2.3870
     260       2.4102
     261       2.1183
     262       2.1334
     263       1.9849
     264       2.1332
     265       2.1495
     266       2.0937
     267       2.0982
     268       1.7413
     269       1.8019
     270       1.6957
     271       1.9640
     272       1.8697
     273       1.9638
     274       1.7175
     275       1.9937
     276       2.4036
     277       2.3172
     278       2.1365
     279       1.8671
     280       1.4281
     281       1.8100
     282       1.6590
     283       1.7678
     284       1.9742
     285       1.7067
     286       2.4438
     287       2.0740
     288       1.8125
     289       2.2148
     290       2.2939
     291       2.3353
     292       1.9450
     293       1.9338
     294       2.2545
     295       2.0401
     296       1.9720
     297       1.9343
     298       1.9640
     299       1.8878
     300       2.1911
     301       1.8992
     302       2.2439
     303       1.7563
     304       2.1736
     305       1.6582
     306       1.9928
     307       2.1259
     308       1.9338
     309       1.8438
     310       2.1587
     311       2.0195
     312       2.0100
     313       2.3038
     314       1.7275
     315       2.1906
     316       2.0686
     317       2.3735
     318       1.6494
     319       2.1089
     320       2.3303
     321       2.3913
     322       2.1525
     323       2.6240
     324       2.2701
     325       2.5937
     326       2.4002
     327       2.5086
     328       2.6886
     329       2.1611
     330       1.7417
     331       1.8097
     332       2.0164
     333       1.6982
     334       1.8675
     335       1.8270
     336       1.8494
     337       1.7587
     338       1.7897
     339       1.8097
     340       1.9464
     341       1.9010
     342       2.0197
     343       1.9792
     344       1.6722
     345       1.3022
     346       1.9255
     347       1.9535
     348       1.5508
     349       1.4270
     350       1.4784
     351       2.0297
     352       1.6489
     353       2.1247
     354       2.0750
     355       2.0425
     356       2.0118
     357       2.0718
     358       1.8663
     359       1.5116
     360       1.8797
     361       1.7999
     362       1.3677
     363       1.6380
     364       1.6825
     365       1.6842
     366       1.2929
     367       1.2658
     368       1.5466
     369       1.7836
     370       1.9347
     371       2.2726
     372       1.8822
     373       1.7262
     374       1.5381
     375       1.9710
     376       1.0351
     377       1.8771
     378       1.7632
     379       1.9751
     380       2.0746
     381       1.9079
     382       2.1485
     383       1.5437
     384       1.8433
     385       1.5477
     386       1.3428
     387       1.7888
     388       1.5442
     389       1.7908
     390       1.7976
     391       1.5594
     392       2.4122
     393       1.6831
     394       1.9941
     395       1.8803
     396       1.7656
     397       1.7148
     398       1.8434
     399       1.6656
     400       1.5164
     401       1.4254
     402       1.3164
     403       1.7872
     404       1.7459
     405       1.9876
     406       1.9381
     407       1.5508
     408       1.7273
     409       2.1881
     410       1.4696
     411       1.6193
     412       1.7169
     413       1.5023
     414       1.6649
     415       1.2584
     416       1.4766
     417       1.5705
     418       1.6450
     419       1.1438
     420       1.9524
     421       1.9046
     422       1.9718
     423       1.9240
     424       2.1255
     425       2.0341
     426       2.3769
     427       2.2198
     428       2.0947
     429       2.1879
     430       2.3949
     431       2.2390
     432       2.5945
     433       2.1185
     434       2.1477
     435       2.0141
     436       2.2199
     437       2.3436
     438       2.4103
     439       2.4876
     440       2.3438
     441       2.6727
     442       2.3276
     443       2.3618
     444       2.0014
     445       2.2811
     446       2.1349
     447       1.8795
     448       1.9685
     449       2.1570
     450       2.0718
     451       2.1998
     452       2.0662
     453       1.9370
     454       1.8739
     455       2.0888
     456       2.1249
     457       2.5027
     458       2.0264
     459       1.6698
     460       1.9154
     461       2.1105
     462       2.1786
     463       2.0684
     464       2.1213
     465       1.9507
     466       2.2767
     467       1.8608
     468       2.1635
     469       2.0548
     470       2.3590
     471       2.3832
     472       2.4905
     473       2.4090
     474       1.5821
     475       2.0265
     476       1.6848
     477       2.4684
     478       2.2145
     479       2.2507
     480       2.1895
     481       2.1196
     482       2.0788
     483       2.4553
     484       2.5846
     485       2.2767
     486       2.3319
     487       2.1728
     488       2.1550
     489       2.0658
     490       2.2427
     491       1.9747
     492       1.9113
     493       2.2552
     494       2.0005
     495       2.2333
     496       2.4664
     497       2.2098
     498       1.9201
     499       1.8674
     500       2.2799
     501       1.8901
     502       2.2828
     503       2.0885
     504       1.9821
     505       1.8614
     506       2.1440
     507       2.1527
     508       2.4023
     509       1.5713
     510       1.7021
     511       2.0946
     512       2.0478
     513       1.8109
     514       1.9842
     515       2.4861
     516       2.3579
     517       2.5530
     518       2.5844
     519       2.3817
     520       2.6441
     521       2.0847
     522       2.5063
     523       2.5248
     524       2.7896
     525       2.6458
     526       2.0553
     527       2.1999
     528       1.9115
     529       2.1626
     530       2.1688
     531       2.2149
     532       1.9022
     533       2.2719
     534       2.3016
     535       1.9657
     536       2.1129
     537       1.8721
     538       1.9859
     539       1.9341
     540       2.1371
     541       1.8953
     542       1.8394
     543       1.9535
     544       2.0097
     545       1.7716
     546       2.1630
     547       2.1739
     548       1.7435
     549       2.1965
     550       1.7253
     551       1.9132
     552       1.7600
     553       1.8518
     554       1.9586
     555       1.8999
     556       2.2099
     557       1.8949
     558       2.0809
     559       1.8768
     560       2.1316
     561       1.7485
     562       1.5820
     563       1.9659
     564       1.7959
     565       2.0466
     566       2.0928
     567       2.1652
     568       1.5439
     569       1.9510
     570       1.9960
     571       1.7245
     572       1.9690
     573       1.9141
     574       2.1604
     575       1.8868
     576       2.0335
     577       1.7819
     578       1.9189
     579       1.7220
     580       2.2056
     581       2.2042
     582       2.4823
     583       2.2107
     584       1.7182
     585       2.0318
     586       1.9169
     587       2.1389
     588       1.8835
     589       2.4681
     590       1.9633
     591       1.8274
     592       2.1881
     593       1.9600
     594       1.6055
     595       2.2737
     596       1.9246
     597       2.0337
     598       1.5353
     599       1.8537
     600       1.7614
     601       2.2714
     602       1.9884
     603       2.1562
     604       2.2542
     605       2.2154
     606       2.0929
     607       2.3131
     608       1.8636
     609       2.0776
     610       1.5398
     611       2.3327
     612       1.9463
     613       1.7718
     614       1.6964
     615       1.6227
     616       2.0616
     617       1.9108
     618       1.7964
     619       2.1385
     620       1.6743
     621       2.0143
     622       2.2942
     623       2.0921
     624       2.3025
     625       2.4239
     626       2.6307
     627       1.6770
     628       1.7685
     629       1.9314
     630       1.9792
     631       1.9532
     632       1.7915
     633       2.0266
     634       1.9955
     635       1.9359
     636       1.8384
     637       2.0836
     638       1.9480
     639       1.8446
     640       2.0311
     641       2.4397
     642       1.9998
     643       1.9209
     644       2.2095
     645       1.7679
     646       2.2641
     647       2.1734
     648       2.0924
     649       2.2339
     650       2.3023
     651       1.8774
     652       2.0284
     653       2.0526
     654       2.0078
     655       2.5447
     656       2.3731
     657       2.2442
     658       2.1502
     659       1.8859
     660       2.0900
     661       2.1953
     662       2.4240
     663       2.0564
     664       1.6682
     665       1.9210
     666       1.7812
     667       2.1155
     668       1.8789
     669       1.8180
     670       2.0436
     671       1.8467
     672       1.9962
     673       1.9214
     674       2.0817
     675       1.9510
     676       2.0230
     677       2.0189
     678       2.0229
     679       2.1049
     680       2.0455
     681       1.9663
     682       2.1037
     683       2.0151
     684       2.1761
     685       2.0862
     686       2.3461
     687       1.8008
     688       2.2739
     689       2.1170
     690       1.9031
     691       2.2923
     692       1.9796
     693       2.2430
     694       2.1124
     695       2.2332
     696       2.1063
     697       2.3435
     698       2.3350
     699       2.0105
     700       2.2652
     701       2.4459
     702       2.0145
     703       2.5043
     704       2.4061
     705       1.6111
     706       1.4806
     707       1.9928
     708       1.9721
     709       1.9376
     710       1.7533
     711       1.4348
     712       1.8321
     713       2.3403
     714       2.2152
     715       1.9189
     716       2.1137
     717       1.9417
     718       2.3129
     719       2.1203
     720       2.3183
     721       2.2748
     722       2.0865
     723       2.1173
     724       1.9267
     725       2.2887
     726       1.8066
     727       1.8503
     728       1.9083
     729       1.8251
     730       1.9795
     731       1.9058
     732       2.0840
     733       1.6067
     734       1.6898
     735       1.9403
     736       1.7543
     737       1.8325
     738       2.0209
     739       1.9036
     740       2.0776
     741       1.9008
     742       2.0174
     743       1.9304
     744       2.1496
     745       1.9660
     746       1.6339
     747       1.4399
     748       1.6523
     749       1.3805
     750       1.6987
     751       1.3509
     752       1.5298
     753       1.5170
     754       1.5899
     755       1.2485
     756       1.5197
     757       1.9311
     758       2.1510
     759       2.3173
     760       2.1416
     761       2.0327
     762       1.8524
     763       2.2715
     764       2.0998
     765       1.9900
     766       1.9064
     767       1.7709
     768       1.8660
     769       2.1925
     770       2.0598
     771       1.9382
     772       2.1927
     773       1.8822
     774       1.8155
     775       1.8237
     776       1.8685
     777       1.7125
     778       1.7823
     779       2.1634
     780       1.6695
     781       1.7577
     782       1.7509
     783       1.8830
     784       1.9464
     785       1.9322
     786       2.0789
     787       1.7754
     788       1.7766
     789       1.7178
     790       1.7897
     791       1.9162
     792       1.5331
     793       1.7643
     794       1.7565
     795       1.6526
     796       1.5226
     797       1.5732
     798       1.4234
     799       1.6557
     800       1.6631
     801       1.6825
     802       1.8139
     803       1.6707
     804       1.6847
     805       2.4561
     806       2.2863
     807       2.3245
     808       2.3679
     809       2.2627
     810       1.8983
     811       2.1389
     812       1.8991
     813       1.9532
     814       2.2199
     815       1.8477
     816       1.9372
     817       1.9866
     818       1.5570
     819       1.4379
     820       1.4543
     821       1.6385
     822       2.0828
     823       2.2924
     824       2.1303
     825       1.8259
     826       1.8752
     827       1.9187
     828       1.6734
     829       1.8234
     830       1.9522
     831       1.9848
     832       1.9259
     833       2.1736
     834       1.5955
     835       1.6190
     836       1.3640
     837       1.7566
     838       2.0584
     839       1.8020
     840       1.9186
     841       1.9486
     842       1.8033
     843       1.9586
     844       1.5689
     845       1.9023
     846       1.8583
     847       1.6303
     848       1.9702
     849       1.9273
     850       1.6937
     851       2.1207
     852       1.6397
     853       1.5687
     854       1.8517
     855       2.0772
     856       1.8188
     857       2.1035
     858       2.0314
     859       1.9285
     860       1.9853
     861       2.0814
     862       2.1775
     863       1.9700
     864       2.0035
     865       2.1237
     866       1.5702
     867       1.7438
     868       2.2193
     869       1.9698
     870       1.8952
     871       1.8701
     872       1.7958
     873       1.6865
     874       1.6353
     875       1.6849
     876       1.6938
     877       1.5858
     878       2.0590
     879       1.6331
     880       1.9436
     881       1.5322
     882       1.7484
     883       2.0467
     884       2.6090
     885       1.8937
     886       1.6980
     887       1.8682
     888       1.6302
     889       2.1476
     890       1.6550
     891       2.1812
     892       2.1495
     893       1.9868
     894       2.3369
     895       1.7981
     896       2.2031
     897       1.8097
     898       1.9782
     899       1.8705
     900       1.7360
     901       1.6955
     902       2.1798
     903       2.1971
     904       2.0184
     905       2.3641
     906       2.4012
     907       2.0931
     908       2.1114
     909       1.8223
     910       2.0746
     911       2.4606
     912       1.9318
     913       1.8985
     914       1.7981
     915       1.7198
     916       1.8539
     917       2.2118
     918       1.6838
     919       1.5962
     920       1.9847
     921       1.9099
     922       2.0486
     923       2.0654
     924       2.2093
     925       2.2258
     926       2.0737
     927       2.0075
     928       1.5318
     929       1.9270
     930       1.7754
     931       1.8002
     932       1.9381
     933       2.0679
     934       2.1849
     935       1.8049
     936       2.1288
     937       1.7675
     938       1.8899
     939       1.6830
     940       1.6404
     941       1.8183
     942       2.0126
     943       2.1649
     944       2.3299
     945       2.1998
     946       1.8613
     947       1.9341
     948       2.0134
     949       1.8754
     950       2.1975
     951       1.5943
     952       1.9107
     953       1.7766
     954       2.3512
     955       2.0401
     956       2.1161
     957       2.0675
     958       1.6705
     959       1.8920
     960       2.2546
     961       1.8219
     962       1.9142
     963       2.0554
     964       1.7785
     965       1.5092
     966       1.6160
     967       1.7049
     968       1.5976
     969       1.5959
     970       1.5882
     971       1.3110
     972       1.7429
     973       1.9045
     974       1.7123
     975       2.1709
     976       1.6761
     977       1.5619
     978       1.3990
     979       2.1697
     980       1.9622
     981       1.8048
     982       1.7049
     983       1.9179
     984       2.1619
     985       2.1539
     986       1.8909
     987       1.8302
     988       1.6574
     989       1.5842
     990       1.8606
     991       1.7655
     992       1.6384
     993       1.8344
     994       1.5701
     995       1.9103
     996       1.6710
     997       1.4672
     998       1.8894
     999       1.7981
    1000       1.4301
