#Frame        fitprot
       1       0.0000
       2       0.6792
       3       0.7391
       4       0.9054
       5       0.9673
       6       1.1011
       7       1.0579
       8       1.0615
       9       1.1135
      10       1.0659
      11       1.2169
      12       1.1416
      13       1.1003
      14       1.1283
      15       1.0654
      16       1.0532
      17       1.1002
      18       1.0731
      19       1.1094
      20       1.1372
      21       1.1170
      22       1.2917
      23       1.2745
      24       1.2275
      25       1.1552
      26       1.0929
      27       0.9958
      28       1.0235
      29       1.1907
      30       1.1644
      31       1.1495
      32       1.1138
      33       1.1218
      34       1.0581
      35       1.2094
      36       1.2666
      37       1.2294
      38       1.1394
      39       1.0749
      40       1.2271
      41       1.1684
      42       1.2811
      43       1.3017
      44       1.2082
      45       1.1309
      46       1.1071
      47       1.1458
      48       1.1770
      49       1.1978
      50       1.2582
      51       1.2531
      52       1.3965
      53       1.3365
      54       1.4334
      55       1.4567
      56       1.5445
      57       1.4265
      58       1.4148
      59       1.3133
      60       1.2534
      61       1.2372
      62       1.3617
      63       1.3284
      64       1.3160
      65       1.2112
      66       1.2388
      67       1.1465
      68       1.2027
      69       1.2351
      70       1.1935
      71       1.1982
      72       1.2155
      73       1.2224
      74       1.1249
      75       1.2388
      76       1.2866
      77       1.2590
      78       1.1765
      79       1.2011
      80       1.2559
      81       1.2830
      82       1.3018
      83       1.2141
      84       1.3395
      85       1.3259
      86       1.1832
      87       1.2341
      88       1.3034
      89       1.2402
      90       1.2417
      91       1.2188
      92       1.1432
      93       1.1650
      94       1.2202
      95       1.1816
      96       1.3049
      97       1.2637
      98       1.2628
      99       1.3442
     100       1.2940
     101       1.3124
     102       1.2169
     103       1.2124
     104       1.2687
     105       1.2892
     106       1.3141
     107       1.3036
     108       1.2611
     109       1.3315
     110       1.3197
     111       1.3792
     112       1.3398
     113       1.3304
     114       1.3711
     115       1.3832
     116       1.3769
     117       1.4060
     118       1.3750
     119       1.4531
     120       1.3987
     121       1.4052
     122       1.4426
     123       1.5082
     124       1.4783
     125       1.4033
     126       1.4711
     127       1.4323
     128       1.6206
     129       1.5760
     130       1.4973
     131       1.4980
     132       1.4577
     133       1.4525
     134       1.4774
     135       1.4777
     136       1.4634
     137       1.4986
     138       1.5593
     139       1.5426
     140       1.5462
     141       1.5039
     142       1.4883
     143       1.5135
     144       1.5175
     145       1.4010
     146       1.4229
     147       1.4484
     148       1.4495
     149       1.5233
     150       1.5727
     151       1.5381
     152       1.5977
     153       1.5606
     154       1.5377
     155       1.5440
     156       1.5804
     157       1.5277
     158       1.5232
     159       1.4633
     160       1.4528
     161       1.5304
     162       1.4674
     163       1.4539
     164       1.5189
     165       1.5311
     166       1.4591
     167       1.4796
     168       1.3792
     169       1.3520
     170       1.4552
     171       1.4363
     172       1.4573
     173       1.3564
     174       1.4054
     175       1.3635
     176       1.2182
     177       1.2697
     178       1.3057
     179       1.3673
     180       1.4181
     181       1.4273
     182       1.5029
     183       1.4613
     184       1.4798
     185       1.6274
     186       1.4829
     187       1.5593
     188       1.4494
     189       1.4178
     190       1.4456
     191       1.3536
     192       1.3699
     193       1.4551
     194       1.4900
     195       1.4578
     196       1.4673
     197       1.5560
     198       1.4268
     199       1.5116
     200       1.3142
     201       1.4507
     202       1.4643
     203       1.3339
     204       1.3917
     205       1.3660
     206       1.3858
     207       1.3550
     208       1.3182
     209       1.3665
     210       1.3028
     211       1.3122
     212       1.2978
     213       1.3860
     214       1.3338
     215       1.4595
     216       1.4082
     217       1.3938
     218       1.3735
     219       1.2901
     220       1.4494
     221       1.3767
     222       1.3643
     223       1.3549
     224       1.3971
     225       1.3829
     226       1.3398
     227       1.4921
     228       1.5045
     229       1.4038
     230       1.3251
     231       1.3724
     232       1.3874
     233       1.3510
     234       1.3803
     235       1.3771
     236       1.4160
     237       1.4787
     238       1.4551
     239       1.5359
     240       1.5710
     241       1.4880
     242       1.5196
     243       1.5668
     244       1.4355
     245       1.6216
     246       1.5185
     247       1.5249
     248       1.4959
     249       1.4533
     250       1.4048
     251       1.3476
     252       1.3997
     253       1.4904
     254       1.4295
     255       1.4252
     256       1.3428
     257       1.4214
     258       1.3928
     259       1.5242
     260       1.4308
     261       1.4769
     262       1.5514
     263       1.5377
     264       1.4430
     265       1.4637
     266       1.4057
     267       1.4032
     268       1.3791
     269       1.4142
     270       1.5354
     271       1.2924
     272       1.3924
     273       1.3316
     274       1.3887
     275       1.3600
     276       1.4139
     277       1.3013
     278       1.3194
     279       1.3284
     280       1.4106
     281       1.3258
     282       1.3291
     283       1.3129
     284       1.4269
     285       1.4699
     286       1.4835
     287       1.3565
     288       1.4326
     289       1.4735
     290       1.5098
     291       1.4552
     292       1.3740
     293       1.4826
     294       1.3751
     295       1.5786
     296       1.5419
     297       1.4824
     298       1.3829
     299       1.4094
     300       1.4617
     301       1.4506
     302       1.4774
     303       1.4398
     304       1.4207
     305       1.5038
     306       1.4757
     307       1.4912
     308       1.4513
     309       1.3842
     310       1.4605
     311       1.4081
     312       1.4635
     313       1.4254
     314       1.5069
     315       1.4080
     316       1.4216
     317       1.5182
     318       1.5525
     319       1.6219
     320       1.5747
     321       1.6085
     322       1.6263
     323       1.6263
     324       1.5761
     325       1.6256
     326       1.5098
     327       1.4947
     328       1.5824
     329       1.4786
     330       1.5178
     331       1.5369
     332       1.5364
     333       1.5316
     334       1.5395
     335       1.6098
     336       1.6381
     337       1.6543
     338       1.5258
     339       1.5333
     340       1.5876
     341       1.5663
     342       1.4628
     343       1.4840
     344       1.5006
     345       1.5033
     346       1.5681
     347       1.6280
     348       1.6508
     349       1.6449
     350       1.6563
     351       1.6003
     352       1.5704
     353       1.5568
     354       1.5097
     355       1.4601
     356       1.5648
     357       1.4947
     358       1.5743
     359       1.4624
     360       1.4012
     361       1.3860
     362       1.4426
     363       1.4202
     364       1.4716
     365       1.4979
     366       1.5462
     367       1.4659
     368       1.5382
     369       1.5792
     370       1.5054
     371       1.4421
     372       1.4341
     373       1.4736
     374       1.4785
     375       1.4751
     376       1.5425
     377       1.4949
     378       1.4412
     379       1.5089
     380       1.4263
     381       1.4370
     382       1.3233
     383       1.4747
     384       1.4347
     385       1.4643
     386       1.4676
     387       1.5020
     388       1.4190
     389       1.3609
     390       1.4140
     391       1.4569
     392       1.4647
     393       1.4513
     394       1.4938
     395       1.5202
     396       1.5187
     397       1.4451
     398       1.3843
     399       1.3528
     400       1.3827
     401       1.3300
     402       1.3769
     403       1.4930
     404       1.4270
     405       1.3941
     406       1.4449
     407       1.3867
     408       1.4312
     409       1.4311
     410       1.2426
     411       1.3990
     412       1.4567
     413       1.4739
     414       1.5286
     415       1.5893
     416       1.6674
     417       1.5831
     418       1.4078
     419       1.4321
     420       1.5283
     421       1.5044
     422       1.6028
     423       1.5653
     424       1.4503
     425       1.4202
     426       1.5403
     427       1.4203
     428       1.4378
     429       1.4966
     430       1.5883
     431       1.4658
     432       1.3838
     433       1.4319
     434       1.3656
     435       1.5032
     436       1.4534
     437       1.4301
     438       1.4458
     439       1.3666
     440       1.4476
     441       1.4352
     442       1.4760
     443       1.4790
     444       1.5841
     445       1.4630
     446       1.4682
     447       1.5799
     448       1.4679
     449       1.4791
     450       1.5920
     451       1.4877
     452       1.5414
     453       1.4902
     454       1.3650
     455       1.4850
     456       1.4782
     457       1.5431
     458       1.5039
     459       1.4206
     460       1.4391
     461       1.5335
     462       1.5594
     463       1.5047
     464       1.4754
     465       1.5214
     466       1.3953
     467       1.4700
     468       1.4701
     469       1.4527
     470       1.5203
     471       1.4218
     472       1.5693
     473       1.6362
     474       1.6967
     475       1.5631
     476       1.6186
     477       1.6295
     478       1.5808
     479       1.4880
     480       1.4622
     481       1.5701
     482       1.4740
     483       1.6669
     484       1.7106
     485       1.7391
     486       1.6794
     487       1.6368
     488       1.6773
     489       1.7246
     490       1.7968
     491       1.5565
     492       1.5141
     493       1.3828
     494       1.5381
     495       1.4985
     496       1.4847
     497       1.6239
     498       1.6168
     499       1.5723
     500       1.6420
     501       1.5832
     502       1.5648
     503       1.5597
     504       1.5145
     505       1.5641
     506       1.6125
     507       1.4880
     508       1.6178
     509       1.5916
     510       1.5853
     511       1.7204
     512       1.6573
     513       1.5672
     514       1.5453
     515       1.6143
     516       1.5726
     517       1.6040
     518       1.5639
     519       1.6364
     520       1.6898
     521       1.5554
     522       1.6946
     523       1.6520
     524       1.6399
     525       1.5522
     526       1.6055
     527       1.5995
     528       1.6662
     529       1.7084
     530       1.7726
     531       1.7045
     532       1.9039
     533       1.8258
     534       1.8453
     535       1.8013
     536       1.7727
     537       1.6897
     538       1.7374
     539       1.7821
     540       1.6934
     541       1.7574
     542       1.6653
     543       1.5778
     544       1.5076
     545       1.5439
     546       1.5730
     547       1.6362
     548       1.5379
     549       1.5737
     550       1.4868
     551       1.5020
     552       1.4822
     553       1.4517
     554       1.4608
     555       1.4710
     556       1.3640
     557       1.4026
     558       1.4174
     559       1.5235
     560       1.6203
     561       1.4915
     562       1.4034
     563       1.4060
     564       1.5197
     565       1.5480
     566       1.4821
     567       1.3969
     568       1.4604
     569       1.5027
     570       1.5190
     571       1.5009
     572       1.5049
     573       1.4671
     574       1.5291
     575       1.4877
     576       1.4412
     577       1.5170
     578       1.5041
     579       1.4552
     580       1.4001
     581       1.5739
     582       1.5959
     583       1.6110
     584       1.4530
     585       1.4747
     586       1.5047
     587       1.6773
     588       1.5970
     589       1.5517
     590       1.5388
     591       1.5429
     592       1.5097
     593       1.5108
     594       1.6936
     595       1.6747
     596       1.5824
     597       1.5582
     598       1.4913
     599       1.5397
     600       1.6077
     601       1.6929
     602       1.6211
     603       1.6283
     604       1.5909
     605       1.6583
     606       1.6056
     607       1.5802
     608       1.4865
     609       1.4709
     610       1.3662
     611       1.4485
     612       1.4514
     613       1.4876
     614       1.5371
     615       1.5261
     616       1.5624
     617       1.4400
     618       1.5641
     619       1.6686
     620       1.5627
     621       1.4938
     622       1.5930
     623       1.4959
     624       1.5055
     625       1.5491
     626       1.5762
     627       1.6082
     628       1.6646
     629       1.6330
     630       1.6009
     631       1.5226
     632       1.6429
     633       1.5928
     634       1.6897
     635       1.6154
     636       1.5336
     637       1.6403
     638       1.7082
     639       1.7614
     640       1.6540
     641       1.6708
     642       1.7900
     643       1.6549
     644       1.5482
     645       1.6075
     646       1.6815
     647       1.6455
     648       1.6908
     649       1.6867
     650       1.7350
     651       1.6742
     652       1.7201
     653       1.7510
     654       1.7450
     655       1.7551
     656       1.7882
     657       1.7301
     658       1.7388
     659       1.7954
     660       1.7907
     661       1.7312
     662       1.6623
     663       1.6432
     664       1.6730
     665       1.6554
     666       1.6649
     667       1.7432
     668       1.7160
     669       1.7378
     670       1.7308
     671       1.8314
     672       1.6697
     673       1.7069
     674       1.7802
     675       1.7845
     676       1.7682
     677       1.7319
     678       1.7720
     679       1.7904
     680       1.7732
     681       1.7135
     682       1.7212
     683       1.7295
     684       1.6536
     685       1.7376
     686       1.7347
     687       1.7381
     688       1.7615
     689       1.8346
     690       1.8863
     691       1.8754
     692       1.7195
     693       1.6880
     694       1.7340
     695       1.7188
     696       1.7552
     697       1.7936
     698       1.7416
     699       1.7194
     700       1.7437
     701       1.6323
     702       1.6699
     703       1.6991
     704       1.6291
     705       1.6687
     706       1.6152
     707       1.6408
     708       1.6015
     709       1.6112
     710       1.5259
     711       1.5324
     712       1.5927
     713       1.5303
     714       1.4015
     715       1.5175
     716       1.4648
     717       1.4591
     718       1.4584
     719       1.4839
     720       1.4590
     721       1.4405
     722       1.4558
     723       1.4739
     724       1.6017
     725       1.5851
     726       1.5071
     727       1.4944
     728       1.4519
     729       1.5582
     730       1.5312
     731       1.5843
     732       1.5208
     733       1.5173
     734       1.4468
     735       1.5256
     736       1.5035
     737       1.5591
     738       1.4694
     739       1.5280
     740       1.4913
     741       1.4871
     742       1.4756
     743       1.4555
     744       1.4972
     745       1.4359
     746       1.5191
     747       1.4211
     748       1.4308
     749       1.3398
     750       1.5024
     751       1.4996
     752       1.5585
     753       1.4784
     754       1.5848
     755       1.5774
     756       1.5328
     757       1.4498
     758       1.5532
     759       1.4243
     760       1.5250
     761       1.4537
     762       1.4052
     763       1.5034
     764       1.5602
     765       1.6748
     766       1.6859
     767       1.5421
     768       1.5988
     769       1.6787
     770       1.5337
     771       1.5885
     772       1.5642
     773       1.5246
     774       1.4948
     775       1.4634
     776       1.5137
     777       1.4904
     778       1.4423
     779       1.4369
     780       1.5126
     781       1.4469
     782       1.5861
     783       1.5260
     784       1.5761
     785       1.5146
     786       1.5519
     787       1.4845
     788       1.4613
     789       1.5235
     790       1.4325
     791       1.4396
     792       1.3950
     793       1.4678
     794       1.5274
     795       1.4861
     796       1.5107
     797       1.3834
     798       1.4321
     799       1.3850
     800       1.3897
     801       1.4266
     802       1.6123
     803       1.3738
     804       1.4820
     805       1.4734
     806       1.5425
     807       1.5823
     808       1.4781
     809       1.5257
     810       1.5205
     811       1.6864
     812       1.6966
     813       1.7316
     814       1.5405
     815       1.5773
     816       1.5257
     817       1.5582
     818       1.4887
     819       1.5046
     820       1.4049
     821       1.3924
     822       1.4174
     823       1.4403
     824       1.4768
     825       1.4539
     826       1.4478
     827       1.5205
     828       1.4500
     829       1.4708
     830       1.5042
     831       1.3665
     832       1.4408
     833       1.4658
     834       1.5353
     835       1.6027
     836       1.4621
     837       1.5262
     838       1.5543
     839       1.4874
     840       1.5115
     841       1.4206
     842       1.4167
     843       1.4809
     844       1.3862
     845       1.4329
     846       1.4645
     847       1.4879
     848       1.3722
     849       1.4128
     850       1.3424
     851       1.3770
     852       1.4012
     853       1.3772
     854       1.4240
     855       1.5511
     856       1.4205
     857       1.4624
     858       1.4704
     859       1.5053
     860       1.4480
     861       1.3840
     862       1.3992
     863       1.3961
     864       1.4173
     865       1.4192
     866       1.3683
     867       1.4088
     868       1.3079
     869       1.2372
     870       1.3393
     871       1.3319
     872       1.3136
     873       1.3989
     874       1.4560
     875       1.4068
     876       1.4238
     877       1.4348
     878       1.4924
     879       1.4729
     880       1.5621
     881       1.4834
     882       1.5281
     883       1.6131
     884       1.5847
     885       1.4733
     886       1.5188
     887       1.6181
     888       1.5076
     889       1.5207
     890       1.5271
     891       1.5056
     892       1.4875
     893       1.4340
     894       1.5123
     895       1.5238
     896       1.5409
     897       1.5464
     898       1.5286
     899       1.6401
     900       1.6249
     901       1.5946
     902       1.5844
     903       1.6507
     904       1.6000
     905       1.5981
     906       1.6346
     907       1.5807
     908       1.5988
     909       1.6446
     910       1.7136
     911       1.6660
     912       1.7318
     913       1.7763
     914       1.6881
     915       1.6575
     916       1.5841
     917       1.5316
     918       1.5119
     919       1.4798
     920       1.4985
     921       1.4761
     922       1.5611
     923       1.5628
     924       1.6449
     925       1.5806
     926       1.6149
     927       1.5694
     928       1.5600
     929       1.6579
     930       1.6079
     931       1.6421
     932       1.6984
     933       1.6576
     934       1.5868
     935       1.5574
     936       1.6386
     937       1.6209
     938       1.6363
     939       1.5483
     940       1.6208
     941       1.6538
     942       1.5588
     943       1.5148
     944       1.4860
     945       1.5476
     946       1.5306
     947       1.5438
     948       1.5472
     949       1.6420
     950       1.6573
     951       1.6148
     952       1.6009
     953       1.5453
     954       1.6112
     955       1.6024
     956       1.6087
     957       1.5492
     958       1.5737
     959       1.5868
     960       1.5051
     961       1.5981
     962       1.5763
     963       1.5246
     964       1.5745
     965       1.5951
     966       1.6079
     967       1.5683
     968       1.5422
     969       1.5797
     970       1.5085
     971       1.5467
     972       1.6192
     973       1.5901
     974       1.6119
     975       1.6344
     976       1.6134
     977       1.5406
     978       1.5627
     979       1.5222
     980       1.5338
     981       1.5103
     982       1.5474
     983       1.5031
     984       1.4866
     985       1.5587
     986       1.4981
     987       1.5173
     988       1.4485
     989       1.5066
     990       1.4245
     991       1.5260
     992       1.4882
     993       1.4474
     994       1.5133
     995       1.5078
     996       1.4483
     997       1.5620
     998       1.4423
     999       1.4852
    1000       1.4533
