#Frame        fadcore
       1       0.0000
       2       0.2745
       3       0.4123
       4       0.3904
       5       0.2858
       6       0.3955
       7       0.4314
       8       0.4771
       9       0.3007
      10       0.4272
      11       0.4415
      12       0.5072
      13       0.4426
      14       0.5497
      15       0.5105
      16       0.4653
      17       0.5458
      18       0.4735
      19       0.5621
      20       0.4611
      21       0.5800
      22       0.5081
      23       0.6092
      24       0.5000
      25       0.5257
      26       0.4722
      27       0.4655
      28       0.4241
      29       0.4454
      30       0.4009
      31       0.4695
      32       0.4821
      33       0.5632
      34       0.5369
      35       0.4930
      36       0.5495
      37       0.5080
      38       0.4252
      39       0.4727
      40       0.4103
      41       0.6252
      42       0.5853
      43       0.4035
      44       0.3899
      45       0.5469
      46       0.5997
      47       0.5452
      48       0.4431
      49       0.3533
      50       0.3677
      51       0.3277
      52       0.5440
      53       0.4273
      54       0.4079
      55       0.4461
      56       0.4305
      57       0.5839
      58       0.5574
      59       0.4550
      60       0.4297
      61       0.4558
      62       0.4485
      63       0.5370
      64       0.5105
      65       0.5650
      66       0.5626
      67       0.5038
      68       0.3933
      69       0.4248
      70       0.5896
      71       0.5440
      72       0.5025
      73       0.4277
      74       0.2777
      75       0.3765
      76       0.2744
      77       0.4335
      78       0.4454
      79       0.4483
      80       0.3878
      81       0.4571
      82       0.4406
      83       0.4683
      84       0.4867
      85       0.4502
      86       0.6315
      87       0.4731
      88       0.5438
      89       0.4396
      90       0.5600
      91       0.5567
      92       0.5232
      93       0.4942
      94       0.3671
      95       0.4833
      96       0.5065
      97       0.5344
      98       0.5880
      99       0.5481
     100       0.5731
     101       0.5248
     102       0.6028
     103       0.5426
     104       0.5469
     105       0.4462
     106       0.3994
     107       0.3899
     108       0.4103
     109       0.5575
     110       0.5446
     111       0.6065
     112       0.5907
     113       0.6139
     114       0.5762
     115       0.6427
     116       0.5567
     117       0.6271
     118       0.6119
     119       0.5853
     120       0.3723
     121       0.4319
     122       0.4466
     123       0.4365
     124       0.4728
     125       0.5070
     126       0.5216
     127       0.5126
     128       0.5953
     129       0.7110
     130       0.5561
     131       0.3929
     132       0.5219
     133       0.7048
     134       0.7526
     135       0.5048
     136       0.7386
     137       0.6794
     138       0.6094
     139       0.5052
     140       0.4900
     141       0.5617
     142       0.4865
     143       0.5746
     144       0.5417
     145       0.7037
     146       0.6324
     147       0.7049
     148       0.5270
     149       0.5759
     150       0.6541
     151       0.7658
     152       0.7210
     153       0.5868
     154       0.6951
     155       0.7294
     156       0.6877
     157       0.5900
     158       0.6567
     159       0.7346
     160       0.8106
     161       0.6740
     162       0.7128
     163       0.6452
     164       0.6807
     165       0.5647
     166       0.5746
     167       0.5951
     168       0.5808
     169       0.6706
     170       0.5665
     171       0.6095
     172       0.5220
     173       0.5089
     174       0.4539
     175       0.4896
     176       0.4386
     177       0.4948
     178       0.4867
     179       0.4330
     180       0.5453
     181       0.4666
     182       0.4848
     183       0.4297
     184       0.4779
     185       0.5053
     186       0.4968
     187       0.4695
     188       0.5347
     189       0.5200
     190       0.4953
     191       0.6915
     192       0.6596
     193       0.6769
     194       0.7284
     195       0.4677
     196       0.4266
     197       0.5678
     198       0.5545
     199       0.6147
     200       0.4917
     201       0.5882
     202       0.4928
     203       0.4895
     204       0.3847
     205       0.4061
     206       0.4905
     207       0.4442
     208       0.5301
     209       0.3012
     210       0.3704
     211       0.3460
     212       0.4586
     213       0.4504
     214       0.4059
     215       0.4220
     216       0.5343
     217       0.5105
     218       0.5645
     219       0.3996
     220       0.5220
     221       0.5108
     222       0.5327
     223       0.5904
     224       0.4481
     225       0.4150
     226       0.3547
     227       0.4066
     228       0.3844
     229       0.4266
     230       0.4494
     231       0.4658
     232       0.5962
     233       0.4104
     234       0.3580
     235       0.4010
     236       0.4095
     237       0.4552
     238       0.4242
     239       0.5241
     240       0.4844
     241       0.5619
     242       0.5913
     243       0.7184
     244       0.5214
     245       0.4706
     246       0.4880
     247       0.5423
     248       0.5195
     249       0.4972
     250       0.5050
     251       0.4782
     252       0.3911
     253       0.4016
     254       0.5172
     255       0.4752
     256       0.5085
     257       0.3869
     258       0.5094
     259       0.4441
     260       0.6055
     261       0.4424
     262       0.5482
     263       0.5015
     264       0.4310
     265       0.4084
     266       0.4430
     267       0.4376
     268       0.4697
     269       0.5522
     270       0.4246
     271       0.4139
     272       0.5782
     273       0.7076
     274       0.5428
     275       0.4429
     276       0.4093
     277       0.5340
     278       0.4415
     279       0.4841
     280       0.4495
     281       0.5188
     282       0.5764
     283       0.5338
     284       0.5148
     285       0.5969
     286       0.5000
     287       0.4184
     288       0.4483
     289       0.4072
     290       0.3920
     291       0.5010
     292       0.4424
     293       0.4496
     294       0.5070
     295       0.3973
     296       0.5135
     297       0.5275
     298       0.4884
     299       0.5799
     300       0.3990
     301       0.5855
     302       0.4866
     303       0.4887
     304       0.4428
     305       0.3608
     306       0.5734
     307       0.5066
     308       0.6042
     309       0.4481
     310       0.4830
     311       0.4088
     312       0.4836
     313       0.3972
     314       0.3737
     315       0.4799
     316       0.6183
     317       0.4769
     318       0.3841
     319       0.4738
     320       0.3641
     321       0.3982
     322       0.5481
     323       0.5109
     324       0.5424
     325       0.6817
     326       0.6843
     327       0.5913
     328       0.5381
     329       0.6160
     330       0.5553
     331       0.5084
     332       0.5632
     333       0.5359
     334       0.5446
     335       0.4067
     336       0.5372
     337       0.4751
     338       0.5556
     339       0.6588
     340       0.4751
     341       0.5849
     342       0.6426
     343       0.6957
     344       0.4924
     345       0.5232
     346       0.4103
     347       0.4728
     348       0.5127
     349       0.3934
     350       0.5305
     351       0.5187
     352       0.3971
     353       0.4479
     354       0.4283
     355       0.4301
     356       0.4908
     357       0.3617
     358       0.4452
     359       0.3332
     360       0.3869
     361       0.5508
     362       0.5127
     363       0.3728
     364       0.2889
     365       0.4156
     366       0.4912
     367       0.5077
     368       0.6221
     369       0.4668
     370       0.5645
     371       0.4801
     372       0.4557
     373       0.5951
     374       0.3963
     375       0.4312
     376       0.4213
     377       0.3463
     378       0.3356
     379       0.3475
     380       0.4299
     381       0.4253
     382       0.5225
     383       0.4721
     384       0.5550
     385       0.6418
     386       0.5035
     387       0.6324
     388       0.5532
     389       0.6330
     390       0.5566
     391       0.5141
     392       0.5374
     393       0.5635
     394       0.4996
     395       0.6309
     396       0.6516
     397       0.6746
     398       0.7275
     399       0.6844
     400       0.5907
     401       0.5537
     402       0.5598
     403       0.6070
     404       0.5618
     405       0.4701
     406       0.5329
     407       0.6106
     408       0.5615
     409       0.4460
     410       0.6066
     411       0.6970
     412       0.6096
     413       0.6428
     414       0.5874
     415       0.5859
     416       0.7124
     417       0.7448
     418       0.7494
     419       0.8177
     420       0.7621
     421       0.7301
     422       0.6727
     423       0.6831
     424       0.5811
     425       0.4723
     426       0.5095
     427       0.5743
     428       0.5843
     429       0.6381
     430       0.7646
     431       0.6321
     432       0.4846
     433       0.5022
     434       0.5895
     435       0.5781
     436       0.6190
     437       0.6819
     438       0.7081
     439       0.5888
     440       0.6681
     441       0.5890
     442       0.4491
     443       0.4264
     444       0.5058
     445       0.5888
     446       0.5200
     447       0.5099
     448       0.4801
     449       0.4953
     450       0.6810
     451       0.6008
     452       0.5262
     453       0.7586
     454       0.7613
     455       0.6954
     456       0.6494
     457       0.7357
     458       0.4996
     459       0.5114
     460       0.5181
     461       0.4903
     462       0.5778
     463       0.5197
     464       0.5418
     465       0.5787
     466       0.5043
     467       0.5273
     468       0.6896
     469       0.5777
     470       0.4581
     471       0.5926
     472       0.5888
     473       0.7293
     474       0.6840
     475       0.8544
     476       0.6534
     477       0.6262
     478       0.6751
     479       0.5966
     480       0.6432
     481       0.5637
     482       0.5435
     483       0.6229
     484       0.5782
     485       0.5575
     486       0.6665
     487       0.6427
     488       0.6849
     489       0.7935
     490       0.6978
     491       0.7524
     492       0.7052
     493       0.7750
     494       0.7159
     495       0.6380
     496       0.7201
     497       0.4857
     498       0.7217
     499       0.5250
     500       0.6045
     501       0.4842
     502       0.3898
     503       0.4191
     504       0.5467
     505       0.5849
     506       0.4879
     507       0.5221
     508       0.4901
     509       0.5174
     510       0.5193
     511       0.5747
     512       0.5218
     513       0.5030
     514       0.4172
     515       0.5757
     516       0.6496
     517       0.7829
     518       0.6900
     519       0.6033
     520       0.6698
     521       0.5058
     522       0.7067
     523       0.6098
     524       0.5110
     525       0.7057
     526       0.7154
     527       0.5157
     528       0.3972
     529       0.4941
     530       0.3619
     531       0.4723
     532       0.6058
     533       0.5798
     534       0.4358
     535       0.6497
     536       0.3705
     537       0.4659
     538       0.5393
     539       0.4180
     540       0.4745
     541       0.4808
     542       0.3934
     543       0.3119
     544       0.4707
     545       0.5040
     546       0.3832
     547       0.3537
     548       0.5125
     549       0.3719
     550       0.5280
     551       0.4568
     552       0.6002
     553       0.5208
     554       0.4644
     555       0.4347
     556       0.5833
     557       0.5632
     558       0.5651
     559       0.4858
     560       0.5429
     561       0.5357
     562       0.4091
     563       0.3961
     564       0.5866
     565       0.4776
     566       0.5471
     567       0.4500
     568       0.4410
     569       0.5024
     570       0.4129
     571       0.4627
     572       0.3937
     573       0.3483
     574       0.3822
     575       0.5386
     576       0.4871
     577       0.4816
     578       0.5140
     579       0.4589
     580       0.6327
     581       0.5280
     582       0.4446
     583       0.4225
     584       0.3403
     585       0.3323
     586       0.3869
     587       0.4684
     588       0.5294
     589       0.4359
     590       0.3694
     591       0.4674
     592       0.4030
     593       0.5544
     594       0.3458
     595       0.3914
     596       0.4047
     597       0.4529
     598       0.5034
     599       0.4543
     600       0.4204
     601       0.3210
     602       0.3334
     603       0.3002
     604       0.4228
     605       0.4389
     606       0.2871
     607       0.3065
     608       0.4229
     609       0.4172
     610       0.3781
     611       0.4583
     612       0.5429
     613       0.5805
     614       0.4483
     615       0.4029
     616       0.5319
     617       0.6046
     618       0.4785
     619       0.5096
     620       0.3752
     621       0.4850
     622       0.5839
     623       0.5450
     624       0.4196
     625       0.3241
     626       0.4095
     627       0.4280
     628       0.3160
     629       0.6099
     630       0.4854
     631       0.5886
     632       0.4491
     633       0.4853
     634       0.4719
     635       0.4616
     636       0.3894
     637       0.4437
     638       0.4439
     639       0.4627
     640       0.3106
     641       0.3944
     642       0.2230
     643       0.2633
     644       0.3138
     645       0.3271
     646       0.5211
     647       0.5965
     648       0.5949
     649       0.5467
     650       0.5277
     651       0.6129
     652       0.5211
     653       0.5843
     654       0.6387
     655       0.6688
     656       0.6254
     657       0.7959
     658       0.6396
     659       0.5638
     660       0.4772
     661       0.5677
     662       0.5346
     663       0.5282
     664       0.4144
     665       0.5675
     666       0.5523
     667       0.6169
     668       0.5406
     669       0.3364
     670       0.5305
     671       0.4620
     672       0.3304
     673       0.4741
     674       0.3990
     675       0.4621
     676       0.5417
     677       0.6505
     678       0.6099
     679       0.5072
     680       0.5286
     681       0.7063
     682       0.6373
     683       0.6342
     684       0.6514
     685       0.5734
     686       0.7008
     687       0.6756
     688       0.5642
     689       0.6260
     690       0.5441
     691       0.6532
     692       0.5736
     693       0.5462
     694       0.5346
     695       0.4736
     696       0.5809
     697       0.5374
     698       0.6819
     699       0.5907
     700       0.6943
     701       0.5320
     702       0.4678
     703       0.4482
     704       0.3339
     705       0.3759
     706       0.2975
     707       0.4779
     708       0.4497
     709       0.4122
     710       0.4087
     711       0.5467
     712       0.6508
     713       0.5549
     714       0.4468
     715       0.5703
     716       0.6883
     717       0.6270
     718       0.6875
     719       0.6201
     720       0.5979
     721       0.6080
     722       0.5633
     723       0.4799
     724       0.6941
     725       0.7827
     726       0.5549
     727       0.6887
     728       0.5970
     729       0.6152
     730       0.6713
     731       0.6405
     732       0.5506
     733       0.5557
     734       0.4996
     735       0.4628
     736       0.5079
     737       0.5814
     738       0.4631
     739       0.5049
     740       0.6821
     741       0.6258
     742       0.6112
     743       0.6544
     744       0.6414
     745       0.5662
     746       0.5847
     747       0.6442
     748       0.6963
     749       0.6997
     750       0.6636
     751       0.7034
     752       0.7221
     753       0.7512
     754       0.6790
     755       0.7007
     756       0.8092
     757       0.7894
     758       0.8373
     759       0.7268
     760       0.8387
     761       0.7234
     762       0.7243
     763       0.7451
     764       0.6032
     765       0.5109
     766       0.5715
     767       0.5206
     768       0.6081
     769       0.6242
     770       0.6336
     771       0.6413
     772       0.6491
     773       0.5688
     774       0.6928
     775       0.5681
     776       0.6293
     777       0.5347
     778       0.6845
     779       0.5975
     780       0.4996
     781       0.6477
     782       0.6636
     783       0.6832
     784       0.6272
     785       0.5791
     786       0.5774
     787       0.7167
     788       0.6684
     789       0.6050
     790       0.5441
     791       0.6528
     792       0.6229
     793       0.6677
     794       0.5352
     795       0.6224
     796       0.5299
     797       0.6257
     798       0.6576
     799       0.6374
     800       0.6285
     801       0.8549
     802       0.6799
     803       0.6044
     804       0.5180
     805       0.5884
     806       0.6565
     807       0.7356
     808       0.5773
     809       0.6422
     810       0.6107
     811       0.4823
     812       0.5221
     813       0.6073
     814       0.6681
     815       0.6466
     816       0.5948
     817       0.6185
     818       0.6652
     819       0.7046
     820       0.7190
     821       0.8453
     822       0.6997
     823       0.7227
     824       0.7270
     825       0.6786
     826       0.7453
     827       0.8004
     828       0.7928
     829       0.7768
     830       0.6572
     831       0.5918
     832       0.6416
     833       0.6666
     834       0.7109
     835       0.8885
     836       0.9329
     837       0.8316
     838       0.7643
     839       0.8186
     840       0.7084
     841       0.7629
     842       0.9333
     843       0.8110
     844       0.7479
     845       0.6947
     846       0.6894
     847       0.6029
     848       0.6648
     849       0.7572
     850       0.5950
     851       0.5884
     852       0.6432
     853       0.7165
     854       0.6594
     855       0.8056
     856       0.6501
     857       0.8558
     858       0.7481
     859       0.8097
     860       0.6306
     861       0.6086
     862       0.6878
     863       0.7378
     864       0.7419
     865       0.5890
     866       0.6961
     867       0.6663
     868       0.6058
     869       0.4954
     870       0.5667
     871       0.5558
     872       0.5335
     873       0.6458
     874       0.5989
     875       0.5875
     876       0.5646
     877       0.4944
     878       0.5013
     879       0.6427
     880       0.6192
     881       0.7358
     882       0.5521
     883       0.5556
     884       0.6166
     885       0.4904
     886       0.5140
     887       0.4625
     888       0.4588
     889       0.4946
     890       0.4654
     891       0.4258
     892       0.4113
     893       0.4228
     894       0.6118
     895       0.4862
     896       0.4168
     897       0.4267
     898       0.3994
     899       0.4870
     900       0.4813
     901       0.4583
     902       0.5106
     903       0.2568
     904       0.3055
     905       0.4202
     906       0.6128
     907       0.5796
     908       0.5898
     909       0.6633
     910       0.5556
     911       0.6325
     912       0.5180
     913       0.6237
     914       0.5014
     915       0.3499
     916       0.3795
     917       0.4500
     918       0.4296
     919       0.3669
     920       0.4571
     921       0.4947
     922       0.5446
     923       0.4683
     924       0.6533
     925       0.6787
     926       0.5282
     927       0.4555
     928       0.5426
     929       0.4696
     930       0.4578
     931       0.4388
     932       0.5898
     933       0.5830
     934       0.5031
     935       0.5746
     936       0.4628
     937       0.4948
     938       0.5418
     939       0.4980
     940       0.5923
     941       0.5140
     942       0.5614
     943       0.5804
     944       0.7217
     945       0.4023
     946       0.4644
     947       0.5346
     948       0.6253
     949       0.4964
     950       0.5306
     951       0.5007
     952       0.3652
     953       0.5603
     954       0.6172
     955       0.5187
     956       0.5596
     957       0.6464
     958       0.6862
     959       0.4353
     960       0.4684
     961       0.5013
     962       0.5000
     963       0.6830
     964       0.5156
     965       0.5888
     966       0.6286
     967       0.5308
     968       0.4473
     969       0.4514
     970       0.4188
     971       0.4795
     972       0.3741
     973       0.5382
     974       0.4484
     975       0.4800
     976       0.5152
     977       0.4619
     978       0.4507
     979       0.4175
     980       0.5391
     981       0.3891
     982       0.4919
     983       0.6559
     984       0.3667
     985       0.4245
     986       0.3120
     987       0.5796
     988       0.4823
     989       0.5384
     990       0.5305
     991       0.5471
     992       0.5941
     993       0.4712
     994       0.4518
     995       0.5434
     996       0.4574
     997       0.4462
     998       0.5167
     999       0.6245
    1000       0.5417
