#Frame        ligcore
       1       0.0000
       2       0.6013
       3       0.7010
       4       0.9968
       5       0.7560
       6       0.6373
       7       0.5303
       8       1.1039
       9       0.7518
      10       0.6524
      11       0.9261
      12       1.0102
      13       0.7580
      14       0.7257
      15       0.8852
      16       0.7507
      17       0.6058
      18       0.5877
      19       0.7826
      20       0.6188
      21       0.6960
      22       0.7794
      23       0.8314
      24       0.7422
      25       0.8767
      26       0.8192
      27       0.7883
      28       0.9076
      29       1.0008
      30       1.1498
      31       0.9373
      32       0.9482
      33       0.9097
      34       1.0640
      35       1.2131
      36       1.0669
      37       1.0937
      38       1.2266
      39       1.2093
      40       1.2344
      41       1.2040
      42       1.1238
      43       1.1508
      44       1.0787
      45       1.1814
      46       1.1527
      47       1.1347
      48       0.7680
      49       0.6169
      50       0.8668
      51       0.9070
      52       0.7930
      53       0.9637
      54       0.7632
      55       0.9322
      56       0.6342
      57       0.7902
      58       0.8062
      59       0.7818
      60       1.0125
      61       0.8961
      62       1.0501
      63       1.2177
      64       1.0818
      65       1.1935
      66       1.2784
      67       1.0860
      68       1.2219
      69       0.9990
      70       1.2750
      71       1.1796
      72       0.9388
      73       1.1545
      74       1.3636
      75       0.9963
      76       1.1709
      77       1.1658
      78       1.0032
      79       1.1006
      80       1.0096
      81       0.9617
      82       1.1802
      83       1.0811
      84       0.9859
      85       1.1795
      86       1.3864
      87       1.0118
      88       1.0914
      89       1.3189
      90       0.8829
      91       1.2376
      92       1.1014
      93       0.9940
      94       1.0407
      95       1.0581
      96       1.3447
      97       1.1032
      98       0.9719
      99       1.1489
     100       0.7401
     101       0.5250
     102       0.6317
     103       0.9668
     104       1.0933
     105       1.0693
     106       0.5047
     107       1.0861
     108       0.9444
     109       1.0111
     110       0.8139
     111       0.5585
     112       0.7272
     113       1.1844
     114       1.1922
     115       1.2719
     116       0.8617
     117       0.8230
     118       0.7512
     119       0.8392
     120       0.6252
     121       1.1102
     122       0.8084
     123       1.0293
     124       1.1676
     125       1.0347
     126       0.7894
     127       0.6963
     128       0.9509
     129       1.2600
     130       0.9924
     131       1.1652
     132       1.1986
     133       1.5682
     134       1.2713
     135       1.2364
     136       0.6790
     137       0.7843
     138       1.1123
     139       0.9056
     140       0.9865
     141       1.0570
     142       0.8138
     143       0.8658
     144       1.2646
     145       1.6500
     146       1.9393
     147       1.4947
     148       0.9096
     149       0.9897
     150       1.0397
     151       0.7631
     152       0.6263
     153       0.7144
     154       0.6641
     155       0.8029
     156       0.9411
     157       0.7703
     158       0.5898
     159       0.5384
     160       0.8285
     161       1.1553
     162       1.0582
     163       1.2545
     164       1.0809
     165       1.0910
     166       1.2170
     167       1.1517
     168       1.2427
     169       1.2887
     170       0.9941
     171       1.0682
     172       1.0404
     173       0.6974
     174       0.4649
     175       0.5820
     176       1.0714
     177       1.3073
     178       0.6269
     179       0.3828
     180       1.0283
     181       1.0636
     182       0.7290
     183       0.7371
     184       0.5502
     185       0.7132
     186       0.9338
     187       1.0916
     188       1.2995
     189       0.8951
     190       0.6447
     191       1.0569
     192       0.6632
     193       1.4067
     194       1.0125
     195       1.1070
     196       1.0980
     197       1.1203
     198       1.2428
     199       1.1782
     200       1.2296
     201       1.2441
     202       1.1877
     203       1.4073
     204       1.1543
     205       1.1209
     206       1.4084
     207       1.2495
     208       0.4773
     209       1.2397
     210       1.1632
     211       1.1365
     212       1.1416
     213       1.7801
     214       1.5916
     215       0.7724
     216       0.6533
     217       0.8282
     218       0.6702
     219       0.9018
     220       0.6962
     221       0.7280
     222       0.6986
     223       1.0764
     224       1.1709
     225       1.1271
     226       1.1295
     227       1.3624
     228       1.2332
     229       1.1574
     230       1.0228
     231       1.1307
     232       1.0504
     233       1.1188
     234       1.1726
     235       1.1612
     236       1.1492
     237       0.7187
     238       0.8645
     239       0.6633
     240       0.7505
     241       1.2485
     242       1.3936
     243       0.7352
     244       0.6183
     245       1.1555
     246       1.0227
     247       1.1932
     248       1.3100
     249       0.9624
     250       1.2504
     251       1.1715
     252       0.9266
     253       1.3237
     254       1.2577
     255       1.4148
     256       0.6058
     257       0.7452
     258       0.7349
     259       1.1488
     260       1.1137
     261       0.9138
     262       0.9174
     263       0.9567
     264       1.0179
     265       1.0841
     266       1.1256
     267       1.1758
     268       1.3394
     269       1.1681
     270       1.1821
     271       1.0019
     272       0.9385
     273       1.0706
     274       1.2399
     275       1.0717
     276       1.1080
     277       1.1869
     278       1.0392
     279       0.7164
     280       0.6649
     281       1.0290
     282       1.1292
     283       0.7436
     284       1.2609
     285       0.9193
     286       0.7657
     287       0.7654
     288       1.2409
     289       1.0924
     290       1.1966
     291       1.0125
     292       1.3275
     293       1.2276
     294       1.2674
     295       1.0669
     296       1.2684
     297       1.1992
     298       1.2337
     299       1.0155
     300       1.2850
     301       1.1545
     302       1.2125
     303       1.7168
     304       1.6876
     305       1.8556
     306       1.8235
     307       1.8467
     308       1.6678
     309       1.9308
     310       2.0405
     311       1.4869
     312       1.3937
     313       1.1972
     314       1.2546
     315       1.2419
     316       1.3803
     317       1.6268
     318       0.9968
     319       1.2822
     320       1.1375
     321       1.0540
     322       1.1119
     323       1.1804
     324       1.1875
     325       0.8711
     326       0.7460
     327       0.7609
     328       0.9670
     329       1.0531
     330       1.1422
     331       1.1377
     332       1.2486
     333       1.1551
     334       1.1158
     335       1.1959
     336       1.2687
     337       1.2085
     338       1.1737
     339       1.3268
     340       1.2522
     341       1.1248
     342       1.2889
     343       1.2288
     344       1.1156
     345       0.9962
     346       0.7870
     347       0.7745
     348       0.7879
     349       0.7894
     350       0.7344
     351       1.2341
     352       1.3986
     353       1.6351
     354       1.5337
     355       1.4600
     356       1.6331
     357       1.7743
     358       1.9633
     359       1.8629
     360       1.7956
     361       2.0111
     362       1.9065
     363       1.8088
     364       2.0388
     365       1.9916
     366       1.8425
     367       1.9000
     368       1.8789
     369       1.7282
     370       2.1131
     371       1.8737
     372       1.9051
     373       1.9065
     374       2.1676
     375       1.8124
     376       1.8229
     377       1.8940
     378       1.8847
     379       1.9811
     380       1.8354
     381       1.8466
     382       1.9627
     383       1.8368
     384       1.7503
     385       1.8946
     386       1.9670
     387       1.8806
     388       1.7776
     389       1.8210
     390       1.9761
     391       1.7201
     392       1.9937
     393       2.0478
     394       1.9157
     395       2.1396
     396       2.1390
     397       2.1344
     398       1.8305
     399       1.5284
     400       1.5138
     401       1.4828
     402       1.5737
     403       1.7123
     404       1.6764
     405       1.6652
     406       1.5475
     407       1.7676
     408       1.6461
     409       1.5530
     410       1.9877
     411       1.7545
     412       1.9821
     413       1.7857
     414       1.9300
     415       1.6312
     416       1.8745
     417       1.6291
     418       1.6895
     419       1.5982
     420       1.7634
     421       1.7580
     422       1.5470
     423       1.6525
     424       1.6879
     425       1.6421
     426       1.7003
     427       1.8328
     428       1.5172
     429       1.6246
     430       1.6441
     431       1.7014
     432       1.5243
     433       1.5776
     434       0.7641
     435       0.9180
     436       0.8023
     437       0.8857
     438       1.2066
     439       0.7697
     440       1.2674
     441       1.3491
     442       1.5052
     443       1.0722
     444       0.9558
     445       1.2448
     446       1.0682
     447       1.2428
     448       1.0899
     449       0.7124
     450       1.0499
     451       0.7182
     452       0.8750
     453       1.3368
     454       1.4054
     455       0.7821
     456       1.3433
     457       1.4129
     458       0.8925
     459       0.8231
     460       0.9161
     461       0.8056
     462       1.1340
     463       1.2910
     464       1.2235
     465       0.9906
     466       1.2008
     467       0.8817
     468       1.1789
     469       0.8823
     470       1.2899
     471       1.1121
     472       1.2799
     473       1.2957
     474       1.1827
     475       0.8853
     476       0.8427
     477       0.7657
     478       0.5939
     479       1.2237
     480       1.2183
     481       1.1414
     482       1.2668
     483       1.3877
     484       1.2625
     485       1.2039
     486       1.2489
     487       1.1289
     488       0.9915
     489       1.1046
     490       1.3389
     491       1.1526
     492       1.1826
     493       1.0683
     494       1.0975
     495       1.1668
     496       1.0314
     497       1.2381
     498       0.9884
     499       1.2425
     500       1.0308
     501       1.1673
     502       1.4822
     503       1.1241
     504       1.0068
     505       0.9628
     506       1.1472
     507       1.2226
     508       1.3093
     509       1.6676
     510       1.8719
     511       2.0016
     512       1.9529
     513       1.8273
     514       1.2475
     515       0.6905
     516       0.9518
     517       0.8977
     518       1.2970
     519       1.2614
     520       1.2548
     521       1.0422
     522       1.1640
     523       1.2684
     524       0.9913
     525       1.1164
     526       1.3883
     527       0.9348
     528       1.1708
     529       1.0540
     530       0.6109
     531       0.5437
     532       1.1657
     533       1.2162
     534       1.3167
     535       1.1543
     536       1.4933
     537       1.3264
     538       1.4163
     539       0.7761
     540       0.7398
     541       1.2349
     542       1.1542
     543       1.1970
     544       0.9912
     545       0.9221
     546       0.9438
     547       0.7086
     548       0.9435
     549       1.0123
     550       1.1868
     551       1.2446
     552       1.1264
     553       1.1646
     554       1.2385
     555       1.0507
     556       0.9337
     557       0.9957
     558       1.0315
     559       0.9779
     560       0.9330
     561       0.9550
     562       1.2349
     563       1.4216
     564       1.4204
     565       1.2086
     566       1.2318
     567       0.9191
     568       1.0749
     569       1.1448
     570       0.9944
     571       1.0979
     572       1.0362
     573       0.9839
     574       1.1183
     575       0.9715
     576       0.9043
     577       1.2353
     578       1.1135
     579       0.9687
     580       1.0333
     581       0.5063
     582       0.8201
     583       0.9050
     584       1.2449
     585       1.2926
     586       0.8922
     587       1.2050
     588       1.2544
     589       1.4127
     590       1.3868
     591       0.7058
     592       1.1605
     593       1.4456
     594       1.3140
     595       1.2582
     596       1.4779
     597       1.3093
     598       1.1856
     599       0.6772
     600       0.7851
     601       0.4726
     602       0.5955
     603       0.7645
     604       0.7879
     605       0.8299
     606       0.7621
     607       1.1113
     608       1.2050
     609       1.3039
     610       0.6955
     611       0.6894
     612       1.1877
     613       0.9156
     614       0.9619
     615       1.3406
     616       1.3246
     617       1.3385
     618       1.4308
     619       1.2052
     620       0.8492
     621       1.2319
     622       0.9213
     623       1.1235
     624       1.2295
     625       1.0413
     626       1.4668
     627       1.2011
     628       1.1739
     629       0.8816
     630       1.3513
     631       1.3520
     632       0.8388
     633       1.4573
     634       1.5037
     635       1.6849
     636       1.3419
     637       0.8026
     638       1.1791
     639       1.0275
     640       0.8691
     641       1.1485
     642       1.8610
     643       2.0364
     644       1.7610
     645       1.7920
     646       1.6991
     647       1.5337
     648       1.8645
     649       1.8431
     650       1.6535
     651       1.7131
     652       1.8667
     653       1.8229
     654       1.8067
     655       1.6697
     656       1.8581
     657       1.6757
     658       1.2342
     659       1.1024
     660       0.8878
     661       1.1482
     662       1.1593
     663       1.0832
     664       1.2296
     665       1.3856
     666       1.4792
     667       1.8813
     668       1.7818
     669       1.8039
     670       2.0857
     671       1.8453
     672       1.8107
     673       1.7653
     674       1.9247
     675       1.8039
     676       1.9602
     677       1.6575
     678       1.6472
     679       0.7980
     680       1.1120
     681       1.0545
     682       2.0387
     683       1.9696
     684       1.9571
     685       1.7155
     686       1.8826
     687       1.4937
     688       2.0214
     689       1.9488
     690       1.3299
     691       1.3882
     692       1.4493
     693       1.2437
     694       1.3105
     695       1.6397
     696       1.7287
     697       1.7467
     698       1.6832
     699       1.8190
     700       1.7335
     701       1.7686
     702       1.7355
     703       1.7816
     704       1.7012
     705       1.9038
     706       1.8303
     707       1.7753
     708       1.6728
     709       1.7330
     710       1.8528
     711       1.8523
     712       1.7471
     713       1.8185
     714       1.6582
     715       1.2706
     716       1.4706
     717       1.1922
     718       1.0717
     719       0.9517
     720       1.1407
     721       1.3155
     722       1.1235
     723       1.3978
     724       1.2482
     725       0.7815
     726       1.2837
     727       1.3154
     728       1.3113
     729       1.0644
     730       0.8222
     731       0.7810
     732       0.8273
     733       1.1385
     734       1.2731
     735       0.9803
     736       1.1720
     737       1.3079
     738       1.2352
     739       1.5552
     740       1.1496
     741       1.1987
     742       1.6415
     743       1.8629
     744       1.7711
     745       1.6163
     746       1.7868
     747       1.8399
     748       1.7789
     749       1.1915
     750       1.6100
     751       1.1937
     752       1.2486
     753       1.2707
     754       1.3871
     755       1.2670
     756       1.2392
     757       1.2918
     758       1.2915
     759       1.3514
     760       1.5298
     761       1.5010
     762       1.5627
     763       1.3088
     764       1.2044
     765       1.4343
     766       1.1217
     767       1.0966
     768       1.2536
     769       1.3539
     770       1.3579
     771       0.9613
     772       1.1591
     773       1.2266
     774       1.4072
     775       1.3403
     776       0.9880
     777       1.1903
     778       1.4195
     779       1.1872
     780       1.1851
     781       1.1793
     782       0.9943
     783       1.2394
     784       1.2038
     785       1.0424
     786       1.0358
     787       1.0173
     788       1.2445
     789       0.9963
     790       1.2534
     791       1.1556
     792       0.8569
     793       0.8739
     794       1.3650
     795       1.3370
     796       1.1039
     797       1.1616
     798       1.1318
     799       0.8680
     800       1.1245
     801       1.0385
     802       1.0128
     803       0.9017
     804       1.2460
     805       0.9693
     806       1.0636
     807       0.9022
     808       1.1312
     809       1.4942
     810       1.3485
     811       1.1280
     812       1.0607
     813       0.5645
     814       0.7056
     815       1.2706
     816       1.3219
     817       1.0793
     818       1.4754
     819       0.9464
     820       0.7736
     821       0.9891
     822       1.2554
     823       1.0826
     824       1.2830
     825       0.9553
     826       0.9347
     827       0.9975
     828       1.0603
     829       1.2081
     830       1.4034
     831       0.8993
     832       0.7955
     833       1.3103
     834       1.2237
     835       1.6870
     836       1.4817
     837       1.7776
     838       1.5831
     839       1.8085
     840       1.8242
     841       1.8543
     842       1.8535
     843       1.5726
     844       1.0257
     845       0.8662
     846       1.1892
     847       1.6808
     848       1.9380
     849       1.1988
     850       1.1094
     851       1.2941
     852       1.2858
     853       1.2874
     854       1.5399
     855       1.5002
     856       1.6671
     857       1.0211
     858       1.1978
     859       1.4457
     860       1.0064
     861       1.1808
     862       1.4624
     863       1.2530
     864       1.2501
     865       0.9857
     866       0.9363
     867       1.1640
     868       1.4077
     869       1.1710
     870       0.9900
     871       1.0607
     872       1.4817
     873       1.2039
     874       1.1544
     875       0.8886
     876       1.1200
     877       0.6142
     878       0.7275
     879       0.8545
     880       0.9082
     881       0.8522
     882       0.8270
     883       0.7285
     884       1.1562
     885       0.7904
     886       1.1320
     887       0.7912
     888       1.1237
     889       1.1480
     890       1.3437
     891       1.0867
     892       1.1304
     893       1.0826
     894       0.8808
     895       1.0237
     896       1.4947
     897       0.8325
     898       1.2837
     899       1.1465
     900       1.1510
     901       1.1171
     902       1.1201
     903       1.1549
     904       0.8411
     905       1.3112
     906       0.9286
     907       1.1801
     908       1.7769
     909       1.5062
     910       1.5519
     911       1.0799
     912       1.4077
     913       1.5901
     914       1.8050
     915       1.7693
     916       1.2279
     917       1.2665
     918       1.7263
     919       1.7711
     920       1.6581
     921       1.9801
     922       1.9327
     923       1.2806
     924       1.3094
     925       1.0108
     926       1.2856
     927       1.4307
     928       1.2801
     929       1.3238
     930       1.2647
     931       1.1136
     932       1.4444
     933       1.1924
     934       1.3875
     935       1.3673
     936       1.5976
     937       1.2242
     938       1.8501
     939       1.6552
     940       1.4174
     941       1.1154
     942       1.0824
     943       0.7541
     944       1.0908
     945       1.4847
     946       1.6746
     947       1.6850
     948       1.9040
     949       2.0597
     950       1.7605
     951       1.9179
     952       1.9517
     953       2.0368
     954       2.0548
     955       1.9174
     956       1.9334
     957       1.9773
     958       1.8952
     959       1.7850
     960       1.7929
     961       1.9110
     962       1.9274
     963       1.7492
     964       1.3840
     965       1.2750
     966       1.3736
     967       1.3306
     968       1.6300
     969       1.0100
     970       1.4691
     971       1.3191
     972       1.3657
     973       1.5003
     974       1.2654
     975       1.2177
     976       1.2709
     977       1.3336
     978       0.7739
     979       1.1542
     980       1.2650
     981       1.1572
     982       1.0914
     983       1.0524
     984       1.1848
     985       1.3989
     986       0.9462
     987       1.1579
     988       1.5444
     989       1.5464
     990       1.4260
     991       0.8324
     992       0.9687
     993       1.4783
     994       1.4416
     995       1.3410
     996       1.4732
     997       1.2698
     998       1.2439
     999       1.3812
    1000       1.2911
