#Frame         fitall
       1       0.0000
       2       0.6333
       3       0.6169
       4       0.6473
       5       0.6884
       6       0.6360
       7       0.6468
       8       0.7024
       9       0.6467
      10       0.7429
      11       0.7367
      12       0.9087
      13       1.0473
      14       0.9073
      15       0.8880
      16       0.9923
      17       1.0485
      18       1.2231
      19       1.0645
      20       1.1688
      21       1.1064
      22       1.0603
      23       1.0698
      24       1.0229
      25       0.9475
      26       1.0008
      27       1.0979
      28       1.0440
      29       1.0148
      30       1.0952
      31       1.0769
      32       1.1044
      33       1.1764
      34       1.1880
      35       1.1571
      36       1.1646
      37       1.2256
      38       1.1842
      39       1.1792
      40       1.1651
      41       1.1981
      42       1.2851
      43       1.3169
      44       1.2329
      45       1.0948
      46       1.1750
      47       1.1855
      48       1.1768
      49       1.2512
      50       1.2048
      51       1.1477
      52       1.2275
      53       1.2034
      54       1.2255
      55       1.1989
      56       1.0264
      57       1.1071
      58       1.1153
      59       1.0496
      60       1.1344
      61       1.0957
      62       1.1194
      63       1.0335
      64       1.1347
      65       1.1249
      66       1.2852
      67       1.1880
      68       1.1922
      69       1.0539
      70       1.0991
      71       1.2124
      72       1.1822
      73       1.1033
      74       1.1381
      75       1.1790
      76       1.1486
      77       1.2400
      78       1.2341
      79       1.3162
      80       1.2021
      81       1.3239
      82       1.3601
      83       1.2595
      84       1.3146
      85       1.1994
      86       1.2248
      87       1.1181
      88       1.1458
      89       1.1783
      90       1.2243
      91       1.1238
      92       1.0531
      93       1.0845
      94       1.1787
      95       1.1002
      96       1.1454
      97       1.1056
      98       1.1129
      99       1.0430
     100       1.0860
     101       1.0061
     102       1.0604
     103       1.1003
     104       1.1241
     105       1.0980
     106       1.1096
     107       1.1044
     108       1.1174
     109       1.1974
     110       1.2945
     111       1.2118
     112       1.1215
     113       1.0935
     114       1.2029
     115       1.2292
     116       1.1314
     117       1.2061
     118       1.1919
     119       1.1245
     120       1.1892
     121       1.1941
     122       1.2063
     123       1.1054
     124       1.1339
     125       1.1642
     126       1.1592
     127       1.1639
     128       1.2932
     129       1.2338
     130       1.1038
     131       1.1490
     132       1.0592
     133       1.1322
     134       1.1828
     135       1.1406
     136       1.0192
     137       1.0760
     138       1.1918
     139       1.0994
     140       1.2619
     141       1.2266
     142       1.1762
     143       1.1688
     144       1.1726
     145       1.2185
     146       1.2719
     147       1.1941
     148       1.1563
     149       1.2448
     150       1.2662
     151       1.2395
     152       1.2403
     153       1.1688
     154       1.2455
     155       1.2294
     156       1.2228
     157       1.2823
     158       1.2864
     159       1.3620
     160       1.4816
     161       1.4123
     162       1.3836
     163       1.2972
     164       1.1949
     165       1.1797
     166       1.1664
     167       1.1654
     168       1.1992
     169       1.1263
     170       1.1374
     171       1.1598
     172       1.0024
     173       0.9777
     174       1.0230
     175       1.1121
     176       1.0795
     177       1.0386
     178       1.0008
     179       1.0203
     180       1.0712
     181       1.0863
     182       1.0092
     183       1.1219
     184       1.0817
     185       1.0453
     186       1.2246
     187       1.2084
     188       1.2206
     189       1.1441
     190       1.2821
     191       1.2502
     192       1.3716
     193       1.3834
     194       1.3925
     195       1.1798
     196       1.1262
     197       1.3223
     198       1.2246
     199       1.2007
     200       1.0738
     201       1.1822
     202       1.1135
     203       1.1123
     204       1.1128
     205       1.0086
     206       0.9821
     207       0.9875
     208       1.0357
     209       1.0776
     210       1.1435
     211       1.0926
     212       1.1065
     213       1.1111
     214       1.1195
     215       1.3160
     216       1.2531
     217       1.2499
     218       1.3284
     219       1.3400
     220       1.3832
     221       1.3507
     222       1.2769
     223       1.2461
     224       1.1101
     225       1.2136
     226       1.2264
     227       1.4004
     228       1.5179
     229       1.4589
     230       1.5307
     231       1.4806
     232       1.4157
     233       1.4714
     234       1.2950
     235       1.2213
     236       1.2654
     237       1.1843
     238       1.3013
     239       1.3083
     240       1.3600
     241       1.4176
     242       1.3652
     243       1.3409
     244       1.2894
     245       1.3153
     246       1.3870
     247       1.4173
     248       1.2683
     249       1.2366
     250       1.1626
     251       1.1110
     252       1.0912
     253       1.1692
     254       1.1902
     255       1.2449
     256       1.1562
     257       1.1354
     258       1.1995
     259       1.1799
     260       1.3120
     261       1.1336
     262       1.2355
     263       1.3141
     264       1.2089
     265       1.2063
     266       1.3121
     267       1.2124
     268       1.2287
     269       1.2219
     270       1.1799
     271       1.2488
     272       1.2371
     273       1.2005
     274       1.3723
     275       1.4234
     276       1.4176
     277       1.2851
     278       1.2812
     279       1.3875
     280       1.2521
     281       1.3505
     282       1.4508
     283       1.3407
     284       1.1964
     285       1.1574
     286       1.1578
     287       1.1996
     288       1.2906
     289       1.5147
     290       1.3250
     291       1.4040
     292       1.5405
     293       1.5449
     294       1.5876
     295       1.5274
     296       1.4362
     297       1.4640
     298       1.5086
     299       1.3693
     300       1.2800
     301       1.3446
     302       1.5015
     303       1.6361
     304       1.5994
     305       1.7147
     306       1.6136
     307       1.6302
     308       1.6954
     309       1.6444
     310       1.6491
     311       1.7278
     312       1.8595
     313       1.8689
     314       1.7850
     315       1.8804
     316       1.7710
     317       1.7045
     318       1.6283
     319       1.7021
     320       1.8274
     321       1.8176
     322       1.8769
     323       1.8531
     324       1.8027
     325       1.7960
     326       1.6027
     327       1.6434
     328       1.7281
     329       1.7637
     330       1.8560
     331       1.8058
     332       1.7590
     333       1.8396
     334       1.8996
     335       1.7520
     336       1.6893
     337       1.7432
     338       1.6345
     339       1.6703
     340       1.7151
     341       1.7059
     342       1.7920
     343       1.7527
     344       1.5209
     345       1.4212
     346       1.3881
     347       1.3541
     348       1.3748
     349       1.2785
     350       1.3923
     351       1.4849
     352       1.3767
     353       1.4297
     354       1.7120
     355       1.5643
     356       1.4620
     357       1.5334
     358       1.4531
     359       1.3300
     360       1.2307
     361       1.2775
     362       1.1846
     363       1.2790
     364       1.3011
     365       1.1935
     366       1.2398
     367       1.1750
     368       1.2524
     369       1.2478
     370       1.1842
     371       1.2897
     372       1.2141
     373       1.1844
     374       1.2065
     375       1.1339
     376       1.2434
     377       1.2127
     378       1.1800
     379       1.1867
     380       1.1714
     381       1.2526
     382       1.2556
     383       1.3137
     384       1.3323
     385       1.4829
     386       1.2595
     387       1.3094
     388       1.3344
     389       1.4365
     390       1.2370
     391       1.3728
     392       1.3849
     393       1.4069
     394       1.4063
     395       1.4898
     396       1.4889
     397       1.4718
     398       1.5222
     399       1.5082
     400       1.3376
     401       1.3606
     402       1.3362
     403       1.2841
     404       1.3579
     405       1.4288
     406       1.3944
     407       1.6290
     408       1.5226
     409       1.3230
     410       1.3571
     411       1.3633
     412       1.3135
     413       1.2995
     414       1.2607
     415       1.4430
     416       1.2605
     417       1.3310
     418       1.3437
     419       1.3056
     420       1.2275
     421       1.2465
     422       1.2465
     423       1.1466
     424       1.1827
     425       1.0996
     426       1.0989
     427       1.1910
     428       1.1422
     429       1.2522
     430       1.1805
     431       1.2024
     432       1.2540
     433       1.2401
     434       1.2533
     435       1.3293
     436       1.4448
     437       1.4390
     438       1.4223
     439       1.5168
     440       1.4341
     441       1.4177
     442       1.4428
     443       1.4400
     444       1.4843
     445       1.4997
     446       1.4257
     447       1.4954
     448       1.4189
     449       1.6122
     450       1.6724
     451       1.6752
     452       1.5770
     453       1.6645
     454       1.5721
     455       1.4878
     456       1.5188
     457       1.4516
     458       1.4339
     459       1.2940
     460       1.2711
     461       1.3261
     462       1.3044
     463       1.2869
     464       1.2299
     465       1.2849
     466       1.3056
     467       1.4036
     468       1.4191
     469       1.4392
     470       1.3809
     471       1.3318
     472       1.5231
     473       1.5648
     474       1.6240
     475       1.5348
     476       1.5448
     477       1.4920
     478       1.3718
     479       1.3402
     480       1.3320
     481       1.3051
     482       1.1968
     483       1.2971
     484       1.2160
     485       1.2524
     486       1.2027
     487       1.2313
     488       1.3032
     489       1.4410
     490       1.4198
     491       1.4018
     492       1.3119
     493       1.2861
     494       1.4799
     495       1.4182
     496       1.3475
     497       1.3664
     498       1.2156
     499       1.2208
     500       1.1275
     501       1.1594
     502       1.1730
     503       1.2101
     504       1.1829
     505       1.1934
     506       1.2885
     507       1.4292
     508       1.5296
     509       1.5738
     510       1.3798
     511       1.4442
     512       1.3892
     513       1.3591
     514       1.3873
     515       1.3721
     516       1.3293
     517       1.2858
     518       1.3036
     519       1.3860
     520       1.2854
     521       1.4339
     522       1.3577
     523       1.3844
     524       1.2439
     525       1.2164
     526       1.3194
     527       1.1952
     528       1.0981
     529       1.1349
     530       1.1494
     531       1.2507
     532       1.0922
     533       1.1494
     534       1.0493
     535       1.1069
     536       1.0114
     537       0.9909
     538       1.0612
     539       1.1116
     540       1.0984
     541       1.0025
     542       1.0774
     543       1.0571
     544       1.0217
     545       1.0660
     546       1.0414
     547       1.1165
     548       1.0360
     549       1.0562
     550       1.0784
     551       1.1708
     552       1.2202
     553       1.2913
     554       1.2101
     555       1.2381
     556       1.2304
     557       1.2453
     558       1.3605
     559       1.2390
     560       1.2535
     561       1.2435
     562       1.2703
     563       1.2059
     564       1.1959
     565       1.2582
     566       1.2045
     567       1.2248
     568       1.1348
     569       1.2170
     570       1.1771
     571       1.2173
     572       1.2489
     573       1.2073
     574       1.1900
     575       1.1912
     576       1.1536
     577       1.2832
     578       1.2881
     579       1.4949
     580       1.4353
     581       1.3809
     582       1.3149
     583       1.2402
     584       1.2337
     585       1.3706
     586       1.3231
     587       1.3415
     588       1.3305
     589       1.2456
     590       1.2527
     591       1.2114
     592       1.3011
     593       1.3168
     594       1.4381
     595       1.4529
     596       1.3151
     597       1.3478
     598       1.3865
     599       1.3414
     600       1.2959
     601       1.2907
     602       1.3440
     603       1.3087
     604       1.3925
     605       1.4810
     606       1.5622
     607       1.6374
     608       1.6342
     609       1.7181
     610       1.6668
     611       1.7142
     612       1.7479
     613       1.7993
     614       1.8510
     615       1.6859
     616       1.6814
     617       1.4819
     618       1.5124
     619       1.5787
     620       1.3973
     621       1.4705
     622       1.4820
     623       1.3728
     624       1.3537
     625       1.3389
     626       1.2851
     627       1.2657
     628       1.1466
     629       1.1345
     630       1.1383
     631       1.1856
     632       1.1383
     633       1.2137
     634       1.2320
     635       1.2328
     636       1.2046
     637       1.1405
     638       1.2671
     639       1.3096
     640       1.2544
     641       1.2605
     642       1.2572
     643       1.2790
     644       1.3608
     645       1.3642
     646       1.4084
     647       1.4780
     648       1.3777
     649       1.4250
     650       1.4675
     651       1.3925
     652       1.3654
     653       1.6102
     654       1.6671
     655       1.6169
     656       1.5598
     657       1.5491
     658       1.4831
     659       1.6534
     660       1.4999
     661       1.4984
     662       1.4653
     663       1.4394
     664       1.4670
     665       1.5464
     666       1.5323
     667       1.5606
     668       1.5508
     669       1.4594
     670       1.4234
     671       1.3488
     672       1.2841
     673       1.2450
     674       1.2647
     675       1.4181
     676       1.4070
     677       1.4051
     678       1.4316
     679       1.3363
     680       1.4201
     681       1.5348
     682       1.5315
     683       1.4757
     684       1.4436
     685       1.4916
     686       1.6355
     687       1.5630
     688       1.5222
     689       1.6086
     690       1.5711
     691       1.5175
     692       1.4991
     693       1.5599
     694       1.4792
     695       1.4525
     696       1.5550
     697       1.6058
     698       1.5811
     699       1.5371
     700       1.4431
     701       1.3675
     702       1.3736
     703       1.1995
     704       1.3480
     705       1.4678
     706       1.4375
     707       1.3010
     708       1.3416
     709       1.3915
     710       1.3670
     711       1.2795
     712       1.3074
     713       1.3825
     714       1.4295
     715       1.4854
     716       1.5030
     717       1.5245
     718       1.6024
     719       1.6592
     720       1.7255
     721       1.7898
     722       1.6432
     723       1.5002
     724       1.4647
     725       1.5339
     726       1.5452
     727       1.4674
     728       1.5571
     729       1.7142
     730       1.5842
     731       1.5719
     732       1.6253
     733       1.6465
     734       1.6979
     735       1.7244
     736       1.9199
     737       1.9311
     738       1.9671
     739       1.8475
     740       1.9392
     741       1.8835
     742       1.9015
     743       1.8785
     744       1.8904
     745       1.9140
     746       1.9220
     747       1.9208
     748       1.9848
     749       1.8969
     750       2.0042
     751       1.9673
     752       1.7679
     753       1.5203
     754       1.6403
     755       1.6283
     756       1.6184
     757       1.7114
     758       1.7580
     759       1.5697
     760       1.5757
     761       1.4985
     762       1.5486
     763       1.4385
     764       1.4309
     765       1.4727
     766       1.3904
     767       1.3851
     768       1.5082
     769       1.5041
     770       1.5124
     771       1.5506
     772       1.4389
     773       1.3475
     774       1.3616
     775       1.3077
     776       1.3690
     777       1.2829
     778       1.4597
     779       1.4109
     780       1.3955
     781       1.3497
     782       1.1975
     783       1.3439
     784       1.2908
     785       1.2933
     786       1.3588
     787       1.3335
     788       1.2738
     789       1.3616
     790       1.4215
     791       1.4012
     792       1.3350
     793       1.3832
     794       1.5279
     795       1.5111
     796       1.4856
     797       1.4885
     798       1.4695
     799       1.5616
     800       1.5663
     801       1.6371
     802       1.6583
     803       1.4394
     804       1.4064
     805       1.3322
     806       1.3684
     807       1.4609
     808       1.4877
     809       1.6116
     810       1.5361
     811       1.4493
     812       1.4467
     813       1.4482
     814       1.4705
     815       1.5297
     816       1.4220
     817       1.6170
     818       1.4911
     819       1.3942
     820       1.4390
     821       1.4609
     822       1.4219
     823       1.3497
     824       1.3672
     825       1.3432
     826       1.3775
     827       1.4196
     828       1.4130
     829       1.4729
     830       1.5519
     831       1.6168
     832       1.7990
     833       1.6300
     834       1.5809
     835       1.6654
     836       1.6244
     837       1.6069
     838       1.5002
     839       1.5307
     840       1.5078
     841       1.5126
     842       1.6348
     843       1.5471
     844       1.5936
     845       1.5913
     846       1.6528
     847       1.6139
     848       1.4573
     849       1.5705
     850       1.4334
     851       1.5292
     852       1.5023
     853       1.4063
     854       1.5063
     855       1.3911
     856       1.3228
     857       1.2059
     858       1.3327
     859       1.2925
     860       1.3356
     861       1.4006
     862       1.4852
     863       1.4202
     864       1.3545
     865       1.2838
     866       1.4191
     867       1.4321
     868       1.3861
     869       1.4571
     870       1.5230
     871       1.4620
     872       1.4193
     873       1.3172
     874       1.4585
     875       1.4317
     876       1.4513
     877       1.5148
     878       1.6207
     879       1.6339
     880       1.6569
     881       1.5420
     882       1.6118
     883       1.5172
     884       1.4756
     885       1.4959
     886       1.4807
     887       1.4231
     888       1.3524
     889       1.3135
     890       1.3071
     891       1.4226
     892       1.4265
     893       1.5393
     894       1.4725
     895       1.5061
     896       1.4995
     897       1.3087
     898       1.3981
     899       1.4014
     900       1.5977
     901       1.6010
     902       1.6865
     903       1.6922
     904       1.6442
     905       1.7272
     906       1.6227
     907       1.8087
     908       1.7932
     909       1.7098
     910       1.6674
     911       1.7301
     912       1.6750
     913       1.7241
     914       1.6449
     915       1.4254
     916       1.3269
     917       1.2846
     918       1.1623
     919       1.1825
     920       1.2697
     921       1.5050
     922       1.5582
     923       1.4751
     924       1.5090
     925       1.4859
     926       1.4348
     927       1.4768
     928       1.5030
     929       1.5951
     930       1.5821
     931       1.6143
     932       1.6133
     933       1.6817
     934       1.7757
     935       1.8490
     936       1.9211
     937       1.9320
     938       1.9680
     939       1.9222
     940       2.0176
     941       1.9189
     942       2.1010
     943       1.8431
     944       1.7654
     945       1.7714
     946       1.7796
     947       1.6202
     948       1.6466
     949       1.6565
     950       1.7575
     951       1.7447
     952       1.7343
     953       1.7773
     954       1.7271
     955       1.7374
     956       1.7459
     957       1.6591
     958       1.6381
     959       1.6436
     960       1.4239
     961       1.4902
     962       1.7027
     963       1.7486
     964       1.8359
     965       1.8240
     966       1.8074
     967       1.5966
     968       1.4445
     969       1.4874
     970       1.5029
     971       1.3825
     972       1.3113
     973       1.3968
     974       1.3348
     975       1.2767
     976       1.3719
     977       1.2797
     978       1.1795
     979       1.2595
     980       1.1709
     981       1.1197
     982       1.1441
     983       1.1601
     984       1.2744
     985       1.1607
     986       1.2989
     987       1.3682
     988       1.4094
     989       1.4317
     990       1.3304
     991       1.2712
     992       1.2940
     993       1.2481
     994       1.2588
     995       1.2485
     996       1.1992
     997       1.2181
     998       1.2470
     999       1.3292
    1000       1.2307
