#Frame         ligrms
       1       0.0000
       2       0.5192
       3       0.8580
       4       0.7781
       5       0.9102
       6       0.7184
       7       1.4364
       8       1.4481
       9       1.4454
      10       1.1990
      11       1.3562
      12       1.0912
      13       1.3122
      14       1.2920
      15       1.0936
      16       1.3898
      17       1.3119
      18       1.1725
      19       0.6384
      20       1.0391
      21       1.3049
      22       1.2108
      23       1.1460
      24       1.1449
      25       1.1943
      26       1.2024
      27       1.3168
      28       0.7444
      29       0.9170
      30       1.3137
      31       1.1831
      32       1.1552
      33       0.9787
      34       0.3724
      35       0.6851
      36       0.6750
      37       1.3374
      38       1.4768
      39       1.1681
      40       1.4794
      41       1.2657
      42       1.2750
      43       1.2127
      44       1.2827
      45       1.1930
      46       1.3644
      47       1.1807
      48       1.2604
      49       1.4018
      50       1.3298
      51       1.3785
      52       1.3738
      53       1.3955
      54       1.6433
      55       1.4269
      56       1.1561
      57       1.2531
      58       1.2113
      59       0.8000
      60       1.2591
      61       1.1670
      62       1.1386
      63       1.2350
      64       1.1446
      65       1.1355
      66       1.6045
      67       1.3804
      68       1.4465
      69       1.5575
      70       1.3018
      71       0.9943
      72       1.5537
      73       1.2249
      74       0.6948
      75       0.8526
      76       1.2239
      77       1.2024
      78       1.1413
      79       1.1787
      80       1.0212
      81       0.6539
      82       1.1893
      83       0.8047
      84       1.2307
      85       0.7252
      86       1.0785
      87       0.9049
      88       1.2180
      89       1.0658
      90       1.2413
      91       1.2650
      92       1.2388
      93       1.2342
      94       1.2365
      95       1.1882
      96       1.1019
      97       1.2628
      98       1.2072
      99       0.8760
     100       0.9683
     101       1.1654
     102       1.2972
     103       1.2641
     104       1.1121
     105       1.2761
     106       1.1197
     107       1.3863
     108       1.2563
     109       1.4687
     110       1.3206
     111       1.3402
     112       1.2855
     113       1.1938
     114       1.3046
     115       1.6320
     116       1.4651
     117       1.3401
     118       1.3243
     119       1.5049
     120       1.2723
     121       1.2775
     122       1.5974
     123       1.4679
     124       1.5777
     125       1.4783
     126       1.6007
     127       1.3585
     128       1.4280
     129       1.2199
     130       1.0519
     131       1.3807
     132       1.4235
     133       1.3598
     134       1.6494
     135       1.5482
     136       1.4456
     137       1.4092
     138       1.3226
     139       0.7831
     140       1.1875
     141       0.8137
     142       1.2614
     143       1.1936
     144       1.6499
     145       1.3866
     146       1.3765
     147       1.3828
     148       1.3756
     149       1.2394
     150       1.3419
     151       1.3947
     152       1.4112
     153       1.5025
     154       1.5337
     155       1.2275
     156       1.0523
     157       1.0997
     158       0.9843
     159       1.3624
     160       1.5509
     161       1.6646
     162       1.4766
     163       1.3688
     164       1.4828
     165       1.4391
     166       1.3062
     167       1.3034
     168       1.4735
     169       1.4618
     170       1.6684
     171       1.2761
     172       1.4934
     173       1.2096
     174       1.3525
     175       1.6785
     176       1.4457
     177       1.4398
     178       1.3529
     179       1.3797
     180       1.3930
     181       1.4034
     182       1.5241
     183       1.3184
     184       1.6373
     185       1.4284
     186       1.4316
     187       1.2773
     188       1.4050
     189       1.2337
     190       1.3120
     191       1.4335
     192       1.4041
     193       1.3077
     194       1.3481
     195       1.2259
     196       1.0746
     197       1.1919
     198       1.3000
     199       1.3037
     200       1.0383
     201       1.0617
     202       1.2535
     203       1.6949
     204       1.1469
     205       1.3437
     206       1.2873
     207       1.0498
     208       1.2526
     209       1.3214
     210       1.2394
     211       1.1379
     212       0.9417
     213       0.9725
     214       1.0875
     215       1.2524
     216       1.1987
     217       1.7111
     218       1.5199
     219       1.3307
     220       1.5917
     221       1.5239
     222       1.3244
     223       1.5469
     224       1.3407
     225       1.1519
     226       1.3568
     227       1.5236
     228       1.5117
     229       1.1003
     230       1.3127
     231       0.9455
     232       1.6841
     233       1.4926
     234       1.4517
     235       1.2128
     236       1.3420
     237       1.3375
     238       1.0813
     239       0.7687
     240       1.2236
     241       0.9901
     242       1.3459
     243       1.5004
     244       1.6156
     245       1.7104
     246       1.2162
     247       1.3443
     248       1.6124
     249       1.3235
     250       1.4614
     251       1.1647
     252       1.1694
     253       1.3624
     254       1.4291
     255       1.3883
     256       1.4703
     257       1.6236
     258       1.5873
     259       1.6931
     260       1.6027
     261       1.5271
     262       1.3267
     263       1.6700
     264       1.2804
     265       1.4089
     266       1.6226
     267       1.3819
     268       1.2340
     269       1.3423
     270       1.8015
     271       1.7771
     272       1.4123
     273       1.2216
     274       1.5637
     275       1.3663
     276       1.6573
     277       1.5132
     278       1.4489
     279       1.7281
     280       1.5589
     281       1.9054
     282       1.7276
     283       1.9299
     284       1.6552
     285       1.5801
     286       2.0291
     287       2.0942
     288       1.8133
     289       1.9809
     290       1.9057
     291       1.6828
     292       1.9487
     293       1.6989
     294       1.9790
     295       1.7742
     296       1.7203
     297       1.9045
     298       1.7531
     299       1.7829
     300       1.7870
     301       1.8646
     302       1.8114
     303       1.8256
     304       1.8839
     305       1.7130
     306       1.7004
     307       1.8776
     308       1.7293
     309       1.8653
     310       1.8436
     311       1.9832
     312       1.6257
     313       1.9585
     314       1.9309
     315       1.6750
     316       1.8012
     317       1.7906
     318       1.9231
     319       1.2809
     320       1.9606
     321       1.5603
     322       1.7475
     323       1.4921
     324       1.5375
     325       1.6844
     326       1.8087
     327       1.8109
     328       1.7976
     329       1.7641
     330       1.5359
     331       1.7208
     332       1.7957
     333       1.8764
     334       1.7193
     335       1.8343
     336       1.6270
     337       1.6722
     338       1.9482
     339       1.7317
     340       1.6459
     341       1.4180
     342       1.5573
     343       1.5347
     344       1.4800
     345       1.3416
     346       1.3937
     347       1.4830
     348       1.9277
     349       1.9637
     350       1.6970
     351       1.5661
     352       1.9353
     353       1.6109
     354       1.7092
     355       1.8927
     356       1.7579
     357       1.7746
     358       1.7368
     359       1.7854
     360       1.9179
     361       1.4405
     362       1.5246
     363       1.8456
     364       1.8303
     365       1.3300
     366       1.5898
     367       1.5865
     368       1.7855
     369       1.6323
     370       1.4341
     371       1.6373
     372       1.9106
     373       1.9293
     374       1.3437
     375       1.3989
     376       1.6416
     377       1.6438
     378       1.7644
     379       1.8891
     380       2.0300
     381       1.4741
     382       1.4963
     383       1.4711
     384       1.8084
     385       1.5449
     386       1.7751
     387       1.7866
     388       1.8863
     389       2.0193
     390       1.9074
     391       1.9938
     392       2.3796
     393       2.1562
     394       1.9325
     395       1.9665
     396       1.4559
     397       2.0305
     398       1.6587
     399       1.9177
     400       1.6628
     401       2.1566
     402       1.7345
     403       1.5036
     404       1.6769
     405       1.6829
     406       1.8544
     407       1.4838
     408       1.5172
     409       1.3957
     410       1.6657
     411       1.3368
     412       1.8094
     413       1.6492
     414       1.8932
     415       1.8231
     416       1.8463
     417       1.6765
     418       2.1855
     419       1.8835
     420       2.4477
     421       1.9730
     422       1.9197
     423       1.8922
     424       1.9942
     425       1.5108
     426       1.6410
     427       2.0225
     428       2.0847
     429       1.8815
     430       1.8617
     431       1.8416
     432       1.7656
     433       1.9724
     434       1.9875
     435       1.6475
     436       1.8675
     437       1.7958
     438       1.9748
     439       1.8952
     440       1.7821
     441       1.8783
     442       1.7401
     443       1.6819
     444       1.2944
     445       1.8446
     446       1.3319
     447       1.6166
     448       1.7052
     449       1.9478
     450       1.8401
     451       1.9126
     452       1.8253
     453       1.9017
     454       1.9494
     455       1.5095
     456       1.7143
     457       1.6667
     458       1.5272
     459       1.5959
     460       1.8190
     461       1.7969
     462       1.8044
     463       1.6935
     464       1.8181
     465       1.7951
     466       1.9436
     467       1.7640
     468       1.9297
     469       1.8938
     470       2.0185
     471       2.0971
     472       1.9181
     473       2.0602
     474       2.0989
     475       1.9324
     476       1.9139
     477       2.2271
     478       1.9879
     479       1.8715
     480       1.6351
     481       2.1594
     482       1.9742
     483       1.6916
     484       1.9563
     485       1.6451
     486       2.0867
     487       2.0103
     488       2.0590
     489       2.0147
     490       1.9215
     491       1.7776
     492       1.7237
     493       1.8517
     494       1.7659
     495       1.8425
     496       1.9903
     497       2.1491
     498       2.0086
     499       1.8178
     500       1.8073
     501       1.9830
     502       2.0199
     503       2.0721
     504       2.0435
     505       2.2132
     506       2.2075
     507       2.1922
     508       2.2386
     509       1.8658
     510       1.9411
     511       1.9127
     512       2.2085
     513       2.2179
     514       2.0693
     515       2.0307
     516       1.9208
     517       1.8619
     518       2.0377
     519       2.1759
     520       1.8462
     521       1.9693
     522       2.1667
     523       1.8878
     524       2.1441
     525       1.9186
     526       1.9979
     527       1.5786
     528       1.9164
     529       1.9460
     530       1.6870
     531       1.7814
     532       1.8252
     533       2.1256
     534       2.1079
     535       1.4373
     536       1.9391
     537       1.7364
     538       1.8296
     539       1.7719
     540       1.6362
     541       1.8741
     542       1.7834
     543       2.1025
     544       1.7248
     545       1.8105
     546       1.8052
     547       2.0294
     548       2.2114
     549       1.8683
     550       2.0277
     551       1.6992
     552       1.7923
     553       1.9129
     554       1.6985
     555       1.7118
     556       1.8256
     557       2.0203
     558       1.6160
     559       1.7978
     560       1.6722
     561       1.5140
     562       1.6911
     563       1.9560
     564       2.0464
     565       1.8664
     566       1.9915
     567       1.9197
     568       2.0354
     569       1.9358
     570       1.8602
     571       1.9745
     572       1.8489
     573       1.7408
     574       1.7005
     575       1.7228
     576       1.8480
     577       1.8614
     578       1.7888
     579       1.5532
     580       1.6307
     581       1.5810
     582       1.6408
     583       1.7951
     584       1.7427
     585       1.8714
     586       1.9375
     587       1.7032
     588       1.5406
     589       1.7754
     590       1.5972
     591       1.3837
     592       1.7277
     593       2.0796
     594       1.9859
     595       1.8714
     596       1.5664
     597       1.5829
     598       1.6665
     599       1.6482
     600       1.9242
     601       1.6317
     602       1.7753
     603       1.9442
     604       1.7051
     605       1.8423
     606       1.5944
     607       1.5612
     608       1.6180
     609       1.7646
     610       1.6933
     611       1.9861
     612       1.8163
     613       1.8409
     614       1.9543
     615       1.7964
     616       1.7552
     617       2.1036
     618       1.8679
     619       1.9083
     620       1.9755
     621       2.1653
     622       2.1360
     623       2.0097
     624       1.8444
     625       1.8130
     626       1.8131
     627       1.6755
     628       2.0843
     629       1.9535
     630       1.8950
     631       2.2502
     632       1.8998
     633       1.8689
     634       1.8947
     635       1.7782
     636       1.9968
     637       2.0183
     638       1.7501
     639       2.0121
     640       2.3215
     641       2.0454
     642       1.9137
     643       1.9619
     644       1.6731
     645       1.8507
     646       1.7466
     647       1.9323
     648       1.8883
     649       2.0541
     650       2.1244
     651       2.2353
     652       1.7770
     653       1.9398
     654       1.9608
     655       1.8460
     656       1.8805
     657       2.1717
     658       1.8812
     659       1.8658
     660       1.8524
     661       1.6231
     662       2.0979
     663       1.9700
     664       1.7372
     665       1.9655
     666       1.7730
     667       1.8141
     668       1.7879
     669       1.7339
     670       2.1986
     671       2.0049
     672       1.8777
     673       2.1578
     674       2.0072
     675       2.5120
     676       1.8734
     677       2.1963
     678       1.9648
     679       2.1120
     680       2.0568
     681       2.0548
     682       1.5824
     683       2.1216
     684       1.8573
     685       2.2578
     686       1.9915
     687       1.9730
     688       1.8177
     689       1.7613
     690       1.7024
     691       1.5328
     692       2.1018
     693       2.1246
     694       2.0463
     695       2.2882
     696       1.5904
     697       2.0199
     698       2.1030
     699       2.2307
     700       1.9386
     701       1.8933
     702       1.9849
     703       2.1374
     704       2.0368
     705       2.0128
     706       2.1447
     707       2.0983
     708       1.9602
     709       2.0942
     710       1.7386
     711       1.8672
     712       1.8017
     713       2.0054
     714       1.9512
     715       1.8678
     716       1.4911
     717       1.7140
     718       1.5329
     719       1.5487
     720       1.9397
     721       1.7494
     722       1.4993
     723       2.0969
     724       1.6243
     725       1.7821
     726       1.6044
     727       1.9913
     728       1.9198
     729       1.8734
     730       1.7466
     731       1.6887
     732       1.8578
     733       1.8255
     734       1.6586
     735       1.7236
     736       1.9227
     737       2.1301
     738       1.6751
     739       1.7043
     740       1.5046
     741       1.4278
     742       1.8061
     743       1.7930
     744       1.7559
     745       2.0063
     746       1.7723
     747       1.6060
     748       1.8792
     749       1.8507
     750       1.3830
     751       1.9455
     752       1.5572
     753       1.6059
     754       1.5887
     755       1.3126
     756       1.5112
     757       1.8089
     758       1.7386
     759       1.7512
     760       1.8296
     761       1.6276
     762       1.7990
     763       1.7004
     764       1.6724
     765       1.9219
     766       1.9097
     767       1.9657
     768       1.8886
     769       1.7144
     770       1.7569
     771       1.6579
     772       1.7095
     773       1.5846
     774       1.6532
     775       2.1332
     776       2.1013
     777       1.5909
     778       1.6877
     779       1.8184
     780       1.5522
     781       1.7853
     782       1.9245
     783       1.7901
     784       1.4581
     785       1.9680
     786       1.6413
     787       2.3491
     788       1.9484
     789       1.7826
     790       1.8782
     791       1.9289
     792       1.8637
     793       1.8438
     794       1.5504
     795       1.9306
     796       1.7308
     797       1.6685
     798       1.5749
     799       1.7829
     800       1.8515
     801       1.6741
     802       1.3667
     803       1.7382
     804       1.4554
     805       1.7210
     806       1.6038
     807       1.3828
     808       1.6047
     809       1.7693
     810       1.6347
     811       1.7403
     812       1.9467
     813       1.8489
     814       1.7577
     815       1.8206
     816       1.8567
     817       1.8069
     818       1.9077
     819       2.1593
     820       1.9166
     821       1.8661
     822       1.9012
     823       1.9680
     824       1.5674
     825       1.7606
     826       1.5761
     827       1.9893
     828       1.9312
     829       1.9026
     830       1.9789
     831       1.9345
     832       1.9294
     833       2.0193
     834       1.7738
     835       1.7341
     836       1.9445
     837       2.0434
     838       1.8658
     839       2.0191
     840       1.8798
     841       1.8775
     842       1.8961
     843       1.9542
     844       2.1884
     845       1.9594
     846       1.9217
     847       1.7178
     848       1.9745
     849       1.6512
     850       1.8653
     851       1.8617
     852       1.8019
     853       1.8659
     854       1.6207
     855       1.9555
     856       1.8709
     857       1.6550
     858       1.6706
     859       1.9113
     860       2.1700
     861       2.2559
     862       1.8399
     863       2.2686
     864       1.8398
     865       2.2294
     866       1.9765
     867       2.1052
     868       2.2728
     869       2.0689
     870       1.9512
     871       1.7858
     872       1.8424
     873       1.9950
     874       1.8314
     875       2.1695
     876       1.8932
     877       1.9292
     878       2.1429
     879       1.7131
     880       1.3079
     881       1.7208
     882       1.0178
     883       1.7324
     884       1.3879
     885       1.6304
     886       1.0773
     887       1.9093
     888       1.8281
     889       1.4555
     890       1.8166
     891       2.1758
     892       1.9844
     893       1.8202
     894       1.7554
     895       1.7333
     896       2.0061
     897       1.8606
     898       1.6976
     899       2.0873
     900       1.9189
     901       1.8044
     902       1.6162
     903       1.8569
     904       1.5965
     905       1.7510
     906       2.0174
     907       1.8556
     908       1.8263
     909       1.9948
     910       1.7321
     911       1.7254
     912       1.7129
     913       2.0967
     914       1.6488
     915       1.4340
     916       1.7042
     917       1.8710
     918       1.8811
     919       1.9359
     920       1.9302
     921       1.7425
     922       1.7081
     923       2.0027
     924       2.0528
     925       1.9538
     926       1.8236
     927       2.1157
     928       2.0273
     929       2.0951
     930       1.9570
     931       2.0881
     932       1.9702
     933       2.0004
     934       2.0163
     935       1.6400
     936       2.0499
     937       2.0460
     938       2.0515
     939       1.8330
     940       1.9986
     941       1.7982
     942       2.1145
     943       2.3592
     944       1.9631
     945       2.3587
     946       2.1644
     947       2.0095
     948       2.0757
     949       1.6043
     950       1.8833
     951       2.1942
     952       2.3009
     953       2.2493
     954       1.8561
     955       2.1104
     956       1.9000
     957       1.8548
     958       2.1948
     959       2.1254
     960       1.9923
     961       2.3150
     962       1.9495
     963       2.0114
     964       2.0503
     965       2.2698
     966       2.1116
     967       1.4931
     968       1.7712
     969       2.0588
     970       1.8534
     971       1.7711
     972       1.9510
     973       2.0063
     974       2.0600
     975       1.5806
     976       1.5867
     977       1.3841
     978       1.7426
     979       1.4416
     980       1.6593
     981       1.9054
     982       1.7272
     983       1.4912
     984       1.9229
     985       1.6869
     986       1.3887
     987       1.7195
     988       1.4176
     989       1.8973
     990       1.8285
     991       1.9259
     992       1.5331
     993       1.6503
     994       1.6010
     995       1.4930
     996       1.7340
     997       2.1861
     998       1.8803
     999       1.8358
    1000       1.6071
