#Frame        fitprot
       1       0.0000
       2       0.6260
       3       0.7419
       4       0.8243
       5       0.7965
       6       0.8402
       7       0.7935
       8       0.8352
       9       0.9239
      10       0.8469
      11       0.9091
      12       0.9187
      13       1.0090
      14       1.0393
      15       0.8859
      16       0.9315
      17       0.9621
      18       0.8997
      19       0.9538
      20       1.0765
      21       0.9281
      22       1.0551
      23       1.0090
      24       1.0047
      25       0.9878
      26       0.9500
      27       1.0501
      28       0.9424
      29       0.8212
      30       0.8938
      31       0.9145
      32       0.9122
      33       0.7900
      34       0.8778
      35       0.8980
      36       0.8438
      37       0.8347
      38       0.9084
      39       1.0029
      40       1.0893
      41       1.0646
      42       1.0315
      43       1.0713
      44       1.1622
      45       1.0663
      46       1.1971
      47       0.9807
      48       0.9686
      49       1.0204
      50       1.1270
      51       1.1024
      52       1.0733
      53       1.0205
      54       1.1007
      55       0.9654
      56       1.1097
      57       1.1908
      58       1.1009
      59       1.0414
      60       1.0348
      61       1.0767
      62       1.1283
      63       1.1368
      64       0.9941
      65       1.0755
      66       1.0255
      67       1.1591
      68       1.1186
      69       1.2699
      70       1.2105
      71       1.3010
      72       1.2460
      73       1.3498
      74       1.2739
      75       1.2542
      76       1.2197
      77       1.1302
      78       1.1787
      79       1.3013
      80       1.2534
      81       1.1917
      82       1.2759
      83       1.2345
      84       1.2460
      85       1.2534
      86       1.2308
      87       1.2438
      88       1.2878
      89       1.3043
      90       1.3403
      91       1.4031
      92       1.3629
      93       1.4599
      94       1.2687
      95       1.2983
      96       1.2434
      97       1.1269
      98       1.1415
      99       1.3438
     100       1.3331
     101       1.2595
     102       1.2638
     103       1.1779
     104       1.2486
     105       1.2638
     106       1.2555
     107       1.3579
     108       1.3962
     109       1.4347
     110       1.5041
     111       1.4016
     112       1.3490
     113       1.2206
     114       1.3052
     115       1.2965
     116       1.3444
     117       1.2499
     118       1.2333
     119       1.3460
     120       1.2327
     121       1.1627
     122       1.3033
     123       1.3061
     124       1.3214
     125       1.3036
     126       1.2374
     127       1.2513
     128       1.2477
     129       1.2080
     130       1.1284
     131       1.2522
     132       1.3092
     133       1.4286
     134       1.3218
     135       1.3937
     136       1.3677
     137       1.3025
     138       1.2213
     139       1.3536
     140       1.3718
     141       1.3519
     142       1.3646
     143       1.3319
     144       1.2895
     145       1.2675
     146       1.2376
     147       1.2245
     148       1.2102
     149       1.1661
     150       1.2222
     151       1.2358
     152       1.1633
     153       1.1640
     154       1.1651
     155       1.1931
     156       1.2176
     157       1.1717
     158       1.1836
     159       1.1615
     160       1.2581
     161       1.3431
     162       1.3046
     163       1.2530
     164       1.2722
     165       1.2720
     166       1.2127
     167       1.2228
     168       1.2980
     169       1.3463
     170       1.3030
     171       1.3125
     172       1.3227
     173       1.3274
     174       1.2429
     175       1.1725
     176       1.2102
     177       1.2458
     178       1.2631
     179       1.1723
     180       1.1909
     181       1.1218
     182       1.2290
     183       1.1884
     184       1.2750
     185       1.2468
     186       1.2339
     187       1.1912
     188       1.2222
     189       1.2570
     190       1.2282
     191       1.2705
     192       1.1722
     193       1.1599
     194       1.2307
     195       1.1723
     196       1.3348
     197       1.3830
     198       1.3441
     199       1.4261
     200       1.3177
     201       1.2846
     202       1.3451
     203       1.2692
     204       1.3743
     205       1.1819
     206       1.1805
     207       1.0840
     208       1.0488
     209       1.0783
     210       1.1059
     211       1.1262
     212       1.1705
     213       1.0760
     214       1.0187
     215       1.0927
     216       1.2025
     217       1.1986
     218       1.2707
     219       1.1398
     220       1.2309
     221       1.2668
     222       1.2385
     223       1.2365
     224       1.1561
     225       1.2722
     226       1.1590
     227       1.1036
     228       1.0957
     229       1.1222
     230       1.3220
     231       1.1766
     232       1.2827
     233       1.1898
     234       1.3110
     235       1.2331
     236       1.3104
     237       1.2528
     238       1.2190
     239       1.2021
     240       1.1794
     241       1.2040
     242       1.1697
     243       1.2028
     244       1.1477
     245       1.2659
     246       1.2161
     247       1.2133
     248       1.1709
     249       1.3565
     250       1.4004
     251       1.3810
     252       1.2659
     253       1.2553
     254       1.3296
     255       1.3280
     256       1.2829
     257       1.3016
     258       1.2866
     259       1.2219
     260       1.2430
     261       1.2603
     262       1.2732
     263       1.3708
     264       1.2879
     265       1.2137
     266       1.3206
     267       1.3476
     268       1.3659
     269       1.4121
     270       1.4423
     271       1.4169
     272       1.4648
     273       1.4482
     274       1.4993
     275       1.4353
     276       1.4877
     277       1.4535
     278       1.4195
     279       1.4298
     280       1.4124
     281       1.4975
     282       1.5054
     283       1.5642
     284       1.6918
     285       1.5573
     286       1.5649
     287       1.5201
     288       1.4180
     289       1.6578
     290       1.6378
     291       1.5933
     292       1.6160
     293       1.6752
     294       1.6910
     295       1.6615
     296       1.5690
     297       1.5398
     298       1.5107
     299       1.3968
     300       1.4355
     301       1.3125
     302       1.3495
     303       1.3802
     304       1.2912
     305       1.2896
     306       1.4048
     307       1.4250
     308       1.3734
     309       1.4025
     310       1.4853
     311       1.5320
     312       1.5533
     313       1.5505
     314       1.3720
     315       1.3952
     316       1.4111
     317       1.4900
     318       1.4853
     319       1.4648
     320       1.5339
     321       1.4739
     322       1.4237
     323       1.3496
     324       1.3253
     325       1.4284
     326       1.4202
     327       1.4012
     328       1.3895
     329       1.4238
     330       1.3964
     331       1.4283
     332       1.3940
     333       1.6048
     334       1.5277
     335       1.4727
     336       1.3571
     337       1.3323
     338       1.3888
     339       1.4710
     340       1.4030
     341       1.4128
     342       1.4993
     343       1.4352
     344       1.3665
     345       1.4860
     346       1.4971
     347       1.5107
     348       1.4951
     349       1.4940
     350       1.4606
     351       1.4651
     352       1.6451
     353       1.5793
     354       1.6995
     355       1.5519
     356       1.6559
     357       1.6466
     358       1.5020
     359       1.6038
     360       1.5043
     361       1.6506
     362       1.5649
     363       1.5712
     364       1.6368
     365       1.8203
     366       1.7176
     367       1.5474
     368       1.6307
     369       1.5865
     370       1.6031
     371       1.6445
     372       1.7166
     373       1.6113
     374       1.5020
     375       1.7137
     376       1.7088
     377       1.8009
     378       1.9871
     379       2.1368
     380       2.0533
     381       1.8037
     382       1.5969
     383       1.6801
     384       1.7082
     385       1.8366
     386       1.7385
     387       1.7089
     388       1.8795
     389       1.8097
     390       1.7759
     391       1.8776
     392       1.7948
     393       1.6609
     394       1.5871
     395       1.6993
     396       1.5606
     397       1.7690
     398       1.6630
     399       1.6363
     400       1.6964
     401       1.6470
     402       1.7449
     403       1.6685
     404       1.6193
     405       1.5830
     406       1.6349
     407       1.5481
     408       1.6811
     409       1.5666
     410       1.6651
     411       1.7210
     412       1.6885
     413       1.5533
     414       1.6719
     415       1.7291
     416       1.5829
     417       1.5120
     418       1.7237
     419       1.6977
     420       1.6549
     421       1.6335
     422       1.4829
     423       1.5932
     424       1.4539
     425       1.5632
     426       1.4236
     427       1.5027
     428       1.5446
     429       1.4262
     430       1.4485
     431       1.3816
     432       1.5315
     433       1.5446
     434       1.6847
     435       1.6796
     436       1.6978
     437       1.7708
     438       1.8114
     439       1.8089
     440       1.7924
     441       1.8557
     442       1.7297
     443       1.7525
     444       1.9480
     445       1.8770
     446       1.7633
     447       1.6527
     448       1.5532
     449       1.7158
     450       1.7187
     451       1.7552
     452       1.7020
     453       1.7878
     454       1.7395
     455       1.6357
     456       1.6323
     457       1.4522
     458       1.3555
     459       1.3755
     460       1.4754
     461       1.5524
     462       1.4685
     463       1.4004
     464       1.3368
     465       1.3720
     466       1.4084
     467       1.4979
     468       1.5640
     469       1.5722
     470       1.6077
     471       1.6310
     472       1.6317
     473       1.5677
     474       1.4784
     475       1.5980
     476       1.4942
     477       1.5204
     478       1.4251
     479       1.5464
     480       1.4554
     481       1.5679
     482       1.5252
     483       1.6910
     484       1.7479
     485       1.5728
     486       1.4430
     487       1.4184
     488       1.5668
     489       1.6779
     490       1.6259
     491       1.5162
     492       1.6102
     493       1.5716
     494       1.5584
     495       1.5400
     496       1.6205
     497       1.6288
     498       1.4635
     499       1.4343
     500       1.4690
     501       1.5144
     502       1.5182
     503       1.5370
     504       1.5083
     505       1.6240
     506       1.7031
     507       1.6253
     508       1.6414
     509       1.4919
     510       1.5450
     511       1.5028
     512       1.5618
     513       1.6266
     514       1.6290
     515       1.6042
     516       1.4370
     517       1.4167
     518       1.5371
     519       1.4752
     520       1.4643
     521       1.5797
     522       1.5738
     523       1.5987
     524       1.5896
     525       1.6773
     526       1.6189
     527       1.6057
     528       1.6464
     529       1.6667
     530       1.5319
     531       1.6376
     532       1.6378
     533       1.6096
     534       1.6623
     535       1.5990
     536       1.7756
     537       1.7269
     538       1.7509
     539       1.8176
     540       1.7892
     541       1.6621
     542       1.6119
     543       1.8871
     544       1.8233
     545       1.6269
     546       1.8360
     547       1.9158
     548       1.8394
     549       1.7568
     550       1.8302
     551       1.7415
     552       1.6559
     553       1.6925
     554       1.5349
     555       1.6007
     556       1.6893
     557       1.6495
     558       1.6935
     559       1.7711
     560       1.7030
     561       1.7541
     562       1.6872
     563       1.6931
     564       1.6419
     565       1.6238
     566       1.6289
     567       1.7711
     568       1.8350
     569       1.7854
     570       1.6790
     571       1.7540
     572       1.7798
     573       1.7001
     574       1.6633
     575       1.7161
     576       1.7057
     577       1.6427
     578       1.6905
     579       1.7667
     580       1.8050
     581       1.5881
     582       1.6752
     583       1.6973
     584       1.7466
     585       1.7795
     586       1.9105
     587       1.8244
     588       1.7762
     589       1.6709
     590       1.6826
     591       1.8549
     592       1.6632
     593       1.7475
     594       1.7180
     595       1.6145
     596       1.6517
     597       1.6824
     598       1.6794
     599       1.6014
     600       1.6436
     601       1.6648
     602       1.8353
     603       1.8067
     604       1.8168
     605       1.6520
     606       1.6447
     607       1.5317
     608       1.3622
     609       1.5337
     610       1.5152
     611       1.4737
     612       1.5097
     613       1.5684
     614       1.5539
     615       1.6904
     616       1.9327
     617       1.8229
     618       1.7219
     619       1.8327
     620       1.8513
     621       1.9624
     622       1.9171
     623       1.8102
     624       1.8168
     625       1.7352
     626       1.8620
     627       1.9405
     628       1.9401
     629       1.9236
     630       1.9798
     631       1.9974
     632       1.8934
     633       1.6918
     634       1.7458
     635       1.6641
     636       1.6684
     637       1.6143
     638       1.6548
     639       1.7802
     640       1.7409
     641       1.9412
     642       1.7402
     643       1.6587
     644       1.7940
     645       1.9000
     646       1.8186
     647       1.8843
     648       1.9622
     649       1.9375
     650       1.9037
     651       1.8980
     652       1.9818
     653       1.9335
     654       1.7462
     655       1.7490
     656       1.6910
     657       1.4767
     658       1.6277
     659       1.5982
     660       1.4531
     661       1.4927
     662       1.5913
     663       1.6632
     664       1.6227
     665       1.7257
     666       1.6739
     667       1.7121
     668       1.7255
     669       1.5209
     670       1.6403
     671       1.5778
     672       1.6270
     673       1.8132
     674       1.7892
     675       1.8363
     676       1.7980
     677       1.6642
     678       1.6001
     679       1.6681
     680       1.8127
     681       1.7756
     682       1.9702
     683       1.8028
     684       1.7359
     685       2.0830
     686       2.0881
     687       1.9660
     688       1.8847
     689       1.9824
     690       1.7738
     691       1.7397
     692       1.7696
     693       1.8861
     694       1.9616
     695       1.8853
     696       1.7407
     697       1.7864
     698       1.8245
     699       1.8081
     700       1.8765
     701       1.8257
     702       1.8424
     703       1.9020
     704       1.8586
     705       1.7714
     706       1.8346
     707       1.7843
     708       1.6112
     709       1.6527
     710       1.6762
     711       1.5119
     712       1.6093
     713       1.7367
     714       1.7651
     715       1.7700
     716       1.6890
     717       1.6766
     718       1.7689
     719       1.8240
     720       1.9016
     721       1.9975
     722       1.8845
     723       1.9765
     724       2.1723
     725       1.8941
     726       1.7491
     727       1.7331
     728       1.8735
     729       1.7522
     730       1.7995
     731       2.1502
     732       1.9139
     733       1.8471
     734       1.8871
     735       1.7823
     736       1.7495
     737       1.8417
     738       1.7236
     739       1.5332
     740       1.5587
     741       1.5888
     742       1.6960
     743       1.6299
     744       1.7155
     745       1.6903
     746       1.7466
     747       1.8271
     748       1.7384
     749       1.6811
     750       1.6168
     751       1.7412
     752       1.6081
     753       1.7133
     754       1.7093
     755       1.6976
     756       1.8257
     757       1.8772
     758       1.7552
     759       1.7922
     760       1.7644
     761       1.8430
     762       1.8344
     763       1.7317
     764       1.6417
     765       1.7947
     766       1.7337
     767       1.8257
     768       1.8961
     769       1.9027
     770       1.6957
     771       1.7316
     772       1.7333
     773       1.8725
     774       1.8728
     775       1.7964
     776       1.7479
     777       1.8924
     778       1.8385
     779       1.6207
     780       1.3929
     781       1.4874
     782       1.5422
     783       1.5330
     784       1.5616
     785       1.6471
     786       1.6984
     787       1.7999
     788       1.6646
     789       1.7703
     790       1.6489
     791       1.6454
     792       1.5327
     793       1.6024
     794       1.6630
     795       1.6345
     796       1.5116
     797       1.4868
     798       1.4262
     799       1.5316
     800       1.6780
     801       1.8257
     802       1.7934
     803       1.6836
     804       1.6142
     805       1.6534
     806       1.5673
     807       1.5191
     808       1.7420
     809       1.7093
     810       1.7678
     811       1.9515
     812       1.9446
     813       1.9450
     814       1.9096
     815       2.0202
     816       2.0624
     817       1.9493
     818       1.9047
     819       1.8660
     820       1.8309
     821       1.8388
     822       1.5649
     823       1.7523
     824       1.6119
     825       1.7940
     826       1.6020
     827       1.8085
     828       1.6985
     829       1.7309
     830       1.6577
     831       1.8025
     832       1.8663
     833       1.8958
     834       1.8876
     835       1.9531
     836       1.8648
     837       1.9303
     838       1.8992
     839       1.6330
     840       1.6558
     841       1.8951
     842       1.9029
     843       1.8741
     844       1.8989
     845       1.7530
     846       1.8626
     847       1.7919
     848       1.7780
     849       1.8140
     850       1.7672
     851       1.7638
     852       1.7338
     853       1.7881
     854       1.6543
     855       1.7249
     856       1.6180
     857       1.5549
     858       1.4349
     859       1.5204
     860       1.5441
     861       1.5486
     862       1.4809
     863       1.5565
     864       1.6987
     865       1.6094
     866       1.5995
     867       1.5358
     868       1.6929
     869       1.7518
     870       1.6028
     871       1.6626
     872       1.6827
     873       1.5906
     874       1.6300
     875       1.6533
     876       1.7183
     877       1.7242
     878       1.6752
     879       1.7017
     880       1.6874
     881       1.5408
     882       1.4610
     883       1.4572
     884       1.6290
     885       1.6605
     886       1.6922
     887       1.7318
     888       1.7627
     889       1.5804
     890       1.5720
     891       1.6728
     892       1.6306
     893       1.8219
     894       1.8043
     895       1.8429
     896       1.6641
     897       1.5942
     898       1.5040
     899       1.6105
     900       1.6733
     901       1.6198
     902       1.6930
     903       1.7912
     904       1.7136
     905       1.7076
     906       1.8311
     907       1.9494
     908       1.8447
     909       1.6945
     910       1.7946
     911       1.8084
     912       1.7982
     913       1.8912
     914       1.8910
     915       1.7157
     916       1.7191
     917       1.7706
     918       1.6524
     919       1.6645
     920       1.7746
     921       1.7179
     922       1.8496
     923       1.7997
     924       1.8169
     925       1.6861
     926       1.6885
     927       1.6606
     928       1.7689
     929       1.9071
     930       1.7612
     931       1.6731
     932       1.6756
     933       1.6543
     934       1.8127
     935       1.6136
     936       1.6277
     937       1.6614
     938       1.7355
     939       1.8588
     940       1.9219
     941       1.9240
     942       2.0125
     943       2.0071
     944       1.7464
     945       1.7297
     946       1.6528
     947       1.5682
     948       1.6056
     949       1.5612
     950       1.6998
     951       1.7010
     952       1.6497
     953       1.6273
     954       1.5375
     955       1.7054
     956       1.5042
     957       1.6184
     958       1.6717
     959       1.6715
     960       1.8120
     961       1.8209
     962       1.5929
     963       1.7772
     964       1.7532
     965       1.9519
     966       1.7492
     967       1.7337
     968       1.7468
     969       1.8459
     970       2.0096
     971       1.8898
     972       1.8637
     973       1.8679
     974       1.7151
     975       1.7655
     976       1.6410
     977       1.5717
     978       1.6025
     979       1.5262
     980       1.6655
     981       1.7461
     982       1.6424
     983       1.7333
     984       1.6545
     985       1.7079
     986       1.6145
     987       1.7487
     988       1.7253
     989       1.7624
     990       1.5759
     991       1.7039
     992       1.7467
     993       1.7786
     994       1.7339
     995       1.7298
     996       1.6882
     997       1.8295
     998       1.8349
     999       1.6956
    1000       1.6879
