#Frame         fadall
       1       0.0000
       2       0.2543
       3       0.4076
       4       0.3855
       5       0.2733
       6       0.3876
       7       0.4322
       8       0.4750
       9       0.3039
      10       0.4328
      11       0.4483
      12       0.5360
      13       0.4806
      14       0.5804
      15       0.5091
      16       0.4629
      17       0.5342
      18       0.4635
      19       0.5978
      20       0.5114
      21       0.6233
      22       0.5428
      23       0.6524
      24       0.5585
      25       0.5661
      26       0.5278
      27       0.5145
      28       0.4598
      29       0.4670
      30       0.4240
      31       0.4768
      32       0.4747
      33       0.5577
      34       0.5474
      35       0.5118
      36       0.5651
      37       0.5208
      38       0.4376
      39       0.4934
      40       0.4473
      41       0.6707
      42       0.6319
      43       0.4065
      44       0.4122
      45       0.5761
      46       0.6397
      47       0.5744
      48       0.4863
      49       0.3924
      50       0.4198
      51       0.3584
      52       0.5969
      53       0.4944
      54       0.4743
      55       0.4902
      56       0.4545
      57       0.6225
      58       0.5965
      59       0.4701
      60       0.4618
      61       0.4803
      62       0.4787
      63       0.5609
      64       0.5327
      65       0.5906
      66       0.5995
      67       0.5667
      68       0.4648
      69       0.4501
      70       0.6279
      71       0.6087
      72       0.5599
      73       0.4848
      74       0.3264
      75       0.4457
      76       0.3087
      77       0.4748
      78       0.5067
      79       0.4916
      80       0.4282
      81       0.5049
      82       0.4736
      83       0.4935
      84       0.4924
      85       0.4828
      86       0.6644
      87       0.4997
      88       0.5793
      89       0.4489
      90       0.5846
      91       0.5818
      92       0.5459
      93       0.5198
      94       0.3990
      95       0.4990
      96       0.5436
      97       0.5542
      98       0.6034
      99       0.5573
     100       0.5795
     101       0.5343
     102       0.6134
     103       0.5675
     104       0.5610
     105       0.4523
     106       0.4093
     107       0.4088
     108       0.4413
     109       0.5739
     110       0.5492
     111       0.6010
     112       0.6049
     113       0.6227
     114       0.6157
     115       0.6632
     116       0.5601
     117       0.6373
     118       0.6404
     119       0.6072
     120       0.3981
     121       0.4584
     122       0.4762
     123       0.4483
     124       0.4753
     125       0.5269
     126       0.5342
     127       0.5256
     128       0.6262
     129       0.7471
     130       0.5978
     131       0.4213
     132       0.5646
     133       0.7533
     134       0.7876
     135       0.5340
     136       0.7596
     137       0.6974
     138       0.6343
     139       0.5255
     140       0.5404
     141       0.6231
     142       0.5191
     143       0.6062
     144       0.5788
     145       0.7428
     146       0.6523
     147       0.7369
     148       0.5699
     149       0.6222
     150       0.6982
     151       0.8077
     152       0.7531
     153       0.6366
     154       0.7423
     155       0.7749
     156       0.7269
     157       0.6143
     158       0.6814
     159       0.7630
     160       0.8475
     161       0.7043
     162       0.7523
     163       0.6534
     164       0.7066
     165       0.5931
     166       0.6323
     167       0.6333
     168       0.6399
     169       0.7039
     170       0.5808
     171       0.6367
     172       0.5579
     173       0.5333
     174       0.4806
     175       0.5392
     176       0.4763
     177       0.5389
     178       0.5177
     179       0.4812
     180       0.6133
     181       0.5174
     182       0.5345
     183       0.4802
     184       0.5463
     185       0.5655
     186       0.5610
     187       0.5154
     188       0.5817
     189       0.5719
     190       0.5482
     191       0.7423
     192       0.6988
     193       0.7229
     194       0.8052
     195       0.5117
     196       0.4425
     197       0.6052
     198       0.5876
     199       0.6434
     200       0.5174
     201       0.6252
     202       0.5036
     203       0.5205
     204       0.3939
     205       0.4134
     206       0.5064
     207       0.4527
     208       0.5249
     209       0.2999
     210       0.3435
     211       0.3874
     212       0.5039
     213       0.4672
     214       0.4167
     215       0.4470
     216       0.5648
     217       0.5411
     218       0.6165
     219       0.4879
     220       0.5550
     221       0.5422
     222       0.5204
     223       0.5742
     224       0.4601
     225       0.4319
     226       0.3959
     227       0.4762
     228       0.3787
     229       0.4277
     230       0.3954
     231       0.4547
     232       0.5936
     233       0.4075
     234       0.3800
     235       0.4494
     236       0.4378
     237       0.4596
     238       0.4342
     239       0.5278
     240       0.4718
     241       0.5588
     242       0.6055
     243       0.7348
     244       0.5133
     245       0.4602
     246       0.4645
     247       0.5121
     248       0.5079
     249       0.5224
     250       0.5141
     251       0.4903
     252       0.4352
     253       0.4326
     254       0.5440
     255       0.5383
     256       0.5655
     257       0.4227
     258       0.5488
     259       0.4785
     260       0.6678
     261       0.4783
     262       0.5966
     263       0.5581
     264       0.4875
     265       0.4408
     266       0.5441
     267       0.5310
     268       0.5754
     269       0.6459
     270       0.4960
     271       0.4708
     272       0.6489
     273       0.7823
     274       0.6335
     275       0.5250
     276       0.4689
     277       0.6137
     278       0.5410
     279       0.5703
     280       0.4579
     281       0.5295
     282       0.5661
     283       0.5130
     284       0.4978
     285       0.6373
     286       0.5443
     287       0.4641
     288       0.4936
     289       0.3846
     290       0.4153
     291       0.4594
     292       0.4208
     293       0.4630
     294       0.4720
     295       0.4056
     296       0.5092
     297       0.5335
     298       0.5194
     299       0.6250
     300       0.4431
     301       0.5969
     302       0.5384
     303       0.5240
     304       0.4762
     305       0.3894
     306       0.5973
     307       0.5637
     308       0.6183
     309       0.4552
     310       0.4861
     311       0.4290
     312       0.5526
     313       0.4502
     314       0.4457
     315       0.5590
     316       0.7051
     317       0.5399
     318       0.4247
     319       0.5304
     320       0.3731
     321       0.4138
     322       0.5236
     323       0.5219
     324       0.5744
     325       0.7170
     326       0.7501
     327       0.6530
     328       0.5934
     329       0.6823
     330       0.6367
     331       0.5794
     332       0.6417
     333       0.5727
     334       0.5599
     335       0.4540
     336       0.6468
     337       0.5460
     338       0.5588
     339       0.6649
     340       0.4970
     341       0.5903
     342       0.6965
     343       0.7327
     344       0.5453
     345       0.5993
     346       0.4623
     347       0.5301
     348       0.5773
     349       0.4626
     350       0.5991
     351       0.5443
     352       0.4383
     353       0.4651
     354       0.3316
     355       0.3508
     356       0.4385
     357       0.3464
     358       0.4505
     359       0.3113
     360       0.3882
     361       0.5564
     362       0.4797
     363       0.3531
     364       0.2800
     365       0.3972
     366       0.4598
     367       0.5079
     368       0.6158
     369       0.4858
     370       0.5828
     371       0.5050
     372       0.4420
     373       0.6034
     374       0.4252
     375       0.4407
     376       0.4594
     377       0.3775
     378       0.3739
     379       0.3859
     380       0.4683
     381       0.4651
     382       0.5295
     383       0.5063
     384       0.5704
     385       0.6059
     386       0.5222
     387       0.6167
     388       0.5623
     389       0.6069
     390       0.5706
     391       0.5098
     392       0.5261
     393       0.5591
     394       0.4786
     395       0.5919
     396       0.6187
     397       0.6483
     398       0.6861
     399       0.6455
     400       0.6237
     401       0.5533
     402       0.5502
     403       0.6146
     404       0.5824
     405       0.5004
     406       0.5639
     407       0.5631
     408       0.5359
     409       0.4657
     410       0.5991
     411       0.6614
     412       0.5742
     413       0.5987
     414       0.5536
     415       0.5531
     416       0.6754
     417       0.7195
     418       0.7232
     419       0.8106
     420       0.7542
     421       0.7263
     422       0.6674
     423       0.6794
     424       0.6002
     425       0.4847
     426       0.5300
     427       0.6126
     428       0.6230
     429       0.6685
     430       0.7764
     431       0.6186
     432       0.4936
     433       0.5378
     434       0.6166
     435       0.5664
     436       0.5930
     437       0.7018
     438       0.7077
     439       0.5778
     440       0.6740
     441       0.5903
     442       0.4926
     443       0.4331
     444       0.5212
     445       0.6415
     446       0.5232
     447       0.5049
     448       0.4856
     449       0.4962
     450       0.7025
     451       0.6125
     452       0.5297
     453       0.8092
     454       0.7998
     455       0.7298
     456       0.6829
     457       0.7522
     458       0.5241
     459       0.5593
     460       0.5617
     461       0.5384
     462       0.5874
     463       0.5252
     464       0.5446
     465       0.5792
     466       0.5431
     467       0.5809
     468       0.7483
     469       0.6580
     470       0.5057
     471       0.6346
     472       0.6065
     473       0.7524
     474       0.6983
     475       0.8664
     476       0.6491
     477       0.6187
     478       0.7090
     479       0.6059
     480       0.6840
     481       0.5951
     482       0.5683
     483       0.6540
     484       0.6130
     485       0.5845
     486       0.6821
     487       0.6547
     488       0.7113
     489       0.8250
     490       0.7252
     491       0.7640
     492       0.7256
     493       0.7989
     494       0.7411
     495       0.6640
     496       0.7470
     497       0.5105
     498       0.7350
     499       0.5632
     500       0.6118
     501       0.4907
     502       0.3919
     503       0.4349
     504       0.5816
     505       0.6249
     506       0.5138
     507       0.5368
     508       0.5247
     509       0.5723
     510       0.5445
     511       0.6098
     512       0.5393
     513       0.5518
     514       0.4436
     515       0.6188
     516       0.7196
     517       0.8405
     518       0.7560
     519       0.6428
     520       0.7161
     521       0.5259
     522       0.7515
     523       0.6449
     524       0.5254
     525       0.7507
     526       0.7534
     527       0.5318
     528       0.3857
     529       0.4986
     530       0.3744
     531       0.4998
     532       0.6449
     533       0.6331
     534       0.4644
     535       0.6781
     536       0.3800
     537       0.4767
     538       0.5414
     539       0.4231
     540       0.4842
     541       0.4862
     542       0.3996
     543       0.3043
     544       0.4603
     545       0.5096
     546       0.3982
     547       0.3915
     548       0.5415
     549       0.3890
     550       0.5339
     551       0.5005
     552       0.6241
     553       0.5519
     554       0.4918
     555       0.4336
     556       0.5993
     557       0.5886
     558       0.5929
     559       0.5140
     560       0.5737
     561       0.5594
     562       0.4433
     563       0.4340
     564       0.6393
     565       0.5387
     566       0.5771
     567       0.5022
     568       0.4628
     569       0.5390
     570       0.4382
     571       0.5010
     572       0.4234
     573       0.3651
     574       0.3920
     575       0.5705
     576       0.5177
     577       0.5167
     578       0.5460
     579       0.4876
     580       0.6578
     581       0.5742
     582       0.4730
     583       0.4463
     584       0.3644
     585       0.3939
     586       0.4260
     587       0.5460
     588       0.5808
     589       0.4796
     590       0.4156
     591       0.4759
     592       0.4409
     593       0.6079
     594       0.4214
     595       0.5038
     596       0.4811
     597       0.5106
     598       0.5919
     599       0.5447
     600       0.4923
     601       0.4039
     602       0.4186
     603       0.3753
     604       0.5132
     605       0.5283
     606       0.3785
     607       0.4028
     608       0.4405
     609       0.5018
     610       0.4101
     611       0.4528
     612       0.6074
     613       0.6697
     614       0.4790
     615       0.4608
     616       0.6006
     617       0.6817
     618       0.5436
     619       0.5738
     620       0.4232
     621       0.5651
     622       0.6670
     623       0.6208
     624       0.4286
     625       0.3884
     626       0.4399
     627       0.4601
     628       0.3333
     629       0.6411
     630       0.5237
     631       0.6440
     632       0.4955
     633       0.5453
     634       0.5334
     635       0.4984
     636       0.4358
     637       0.4770
     638       0.4869
     639       0.5327
     640       0.3878
     641       0.4622
     642       0.3006
     643       0.3285
     644       0.4218
     645       0.4284
     646       0.6163
     647       0.7085
     648       0.6897
     649       0.6471
     650       0.6187
     651       0.7068
     652       0.6013
     653       0.6917
     654       0.7467
     655       0.7538
     656       0.6911
     657       0.8831
     658       0.7180
     659       0.5959
     660       0.4868
     661       0.6052
     662       0.5679
     663       0.5936
     664       0.4483
     665       0.6423
     666       0.6358
     667       0.7272
     668       0.6185
     669       0.4043
     670       0.5849
     671       0.5286
     672       0.3994
     673       0.5523
     674       0.4404
     675       0.5453
     676       0.6291
     677       0.7290
     678       0.6918
     679       0.5555
     680       0.5957
     681       0.7776
     682       0.7172
     683       0.7242
     684       0.7229
     685       0.6439
     686       0.7927
     687       0.7815
     688       0.6595
     689       0.7293
     690       0.6152
     691       0.7385
     692       0.6469
     693       0.6266
     694       0.5982
     695       0.5461
     696       0.6691
     697       0.6280
     698       0.7495
     699       0.6558
     700       0.7654
     701       0.5841
     702       0.5250
     703       0.5005
     704       0.3699
     705       0.4413
     706       0.3523
     707       0.5029
     708       0.4626
     709       0.4455
     710       0.4218
     711       0.5984
     712       0.6879
     713       0.5953
     714       0.5022
     715       0.6184
     716       0.7533
     717       0.7072
     718       0.7789
     719       0.6977
     720       0.6620
     721       0.6451
     722       0.6126
     723       0.5170
     724       0.7492
     725       0.8621
     726       0.6156
     727       0.7433
     728       0.6334
     729       0.6400
     730       0.7168
     731       0.6994
     732       0.5895
     733       0.5924
     734       0.5503
     735       0.5489
     736       0.6062
     737       0.6525
     738       0.5508
     739       0.5260
     740       0.7139
     741       0.6496
     742       0.6360
     743       0.6915
     744       0.6773
     745       0.5773
     746       0.6013
     747       0.6922
     748       0.7038
     749       0.7328
     750       0.6996
     751       0.7466
     752       0.7790
     753       0.7913
     754       0.7096
     755       0.7332
     756       0.8549
     757       0.8248
     758       0.8670
     759       0.7619
     760       0.8644
     761       0.7493
     762       0.7774
     763       0.7825
     764       0.6523
     765       0.5453
     766       0.5898
     767       0.5446
     768       0.5997
     769       0.6258
     770       0.6301
     771       0.6664
     772       0.6689
     773       0.6037
     774       0.7024
     775       0.5899
     776       0.6875
     777       0.5519
     778       0.7342
     779       0.6325
     780       0.5135
     781       0.6764
     782       0.7098
     783       0.7272
     784       0.6942
     785       0.6229
     786       0.6172
     787       0.7516
     788       0.6798
     789       0.6481
     790       0.6016
     791       0.7001
     792       0.6767
     793       0.7243
     794       0.5978
     795       0.6794
     796       0.5502
     797       0.6820
     798       0.6823
     799       0.6505
     800       0.6505
     801       0.8760
     802       0.6719
     803       0.6523
     804       0.5313
     805       0.6293
     806       0.7069
     807       0.7930
     808       0.6347
     809       0.7159
     810       0.6782
     811       0.5066
     812       0.5707
     813       0.6541
     814       0.7376
     815       0.7271
     816       0.6553
     817       0.6818
     818       0.7413
     819       0.7637
     820       0.7789
     821       0.8920
     822       0.7437
     823       0.7668
     824       0.7711
     825       0.7097
     826       0.7749
     827       0.8630
     828       0.8423
     829       0.8173
     830       0.7203
     831       0.6443
     832       0.6753
     833       0.7180
     834       0.7595
     835       0.9449
     836       0.9651
     837       0.8659
     838       0.7975
     839       0.8712
     840       0.7370
     841       0.7894
     842       0.9772
     843       0.8560
     844       0.8123
     845       0.7593
     846       0.7510
     847       0.6567
     848       0.7143
     849       0.7965
     850       0.6363
     851       0.6426
     852       0.6843
     853       0.7552
     854       0.6939
     855       0.8509
     856       0.6887
     857       0.9031
     858       0.8010
     859       0.8704
     860       0.6411
     861       0.6328
     862       0.7239
     863       0.8124
     864       0.8299
     865       0.6580
     866       0.7624
     867       0.7372
     868       0.6678
     869       0.5514
     870       0.6435
     871       0.6544
     872       0.6109
     873       0.7076
     874       0.6581
     875       0.6434
     876       0.6211
     877       0.5206
     878       0.5213
     879       0.6989
     880       0.6689
     881       0.7889
     882       0.6249
     883       0.6069
     884       0.6744
     885       0.5341
     886       0.5755
     887       0.5220
     888       0.5125
     889       0.5622
     890       0.5350
     891       0.5120
     892       0.5058
     893       0.5321
     894       0.7084
     895       0.5679
     896       0.4903
     897       0.4813
     898       0.4796
     899       0.5667
     900       0.5634
     901       0.5299
     902       0.5997
     903       0.3487
     904       0.4162
     905       0.5323
     906       0.6951
     907       0.6692
     908       0.6826
     909       0.7509
     910       0.6010
     911       0.6504
     912       0.5433
     913       0.6385
     914       0.5114
     915       0.3481
     916       0.3999
     917       0.4798
     918       0.4422
     919       0.3909
     920       0.4940
     921       0.5043
     922       0.5496
     923       0.4968
     924       0.6998
     925       0.7307
     926       0.5823
     927       0.4800
     928       0.5661
     929       0.4889
     930       0.4823
     931       0.4254
     932       0.5942
     933       0.5868
     934       0.5452
     935       0.5996
     936       0.4464
     937       0.4884
     938       0.5316
     939       0.5089
     940       0.6048
     941       0.5076
     942       0.5873
     943       0.6180
     944       0.7526
     945       0.4352
     946       0.4552
     947       0.5422
     948       0.6751
     949       0.5054
     950       0.5395
     951       0.5534
     952       0.3584
     953       0.5552
     954       0.6407
     955       0.5454
     956       0.6135
     957       0.7045
     958       0.7592
     959       0.4753
     960       0.5114
     961       0.5481
     962       0.5703
     963       0.7473
     964       0.5365
     965       0.5876
     966       0.6476
     967       0.5408
     968       0.4498
     969       0.4695
     970       0.4372
     971       0.5349
     972       0.4206
     973       0.5997
     974       0.4842
     975       0.5321
     976       0.5755
     977       0.5239
     978       0.4788
     979       0.4460
     980       0.5784
     981       0.3960
     982       0.5212
     983       0.6871
     984       0.4249
     985       0.4581
     986       0.3700
     987       0.6396
     988       0.5797
     989       0.6174
     990       0.6047
     991       0.5747
     992       0.6423
     993       0.5045
     994       0.4549
     995       0.6013
     996       0.4998
     997       0.4661
     998       0.5164
     999       0.6514
    1000       0.5457
