#Frame         ligall
       1       0.0000
       2       0.5834
       3       0.7113
       4       0.9800
       5       0.7620
       6       0.6329
       7       0.5181
       8       1.1203
       9       0.7549
      10       0.6187
      11       0.9702
      12       1.0456
      13       0.7678
      14       0.7322
      15       0.9276
      16       0.8052
      17       0.6762
      18       0.6521
      19       0.7854
      20       0.7808
      21       0.6935
      22       0.8937
      23       0.8797
      24       0.8282
      25       0.9206
      26       0.8843
      27       0.8056
      28       1.0113
      29       1.0616
      30       1.1844
      31       0.9749
      32       0.9796
      33       0.9406
      34       1.0898
      35       1.1994
      36       1.0847
      37       1.1264
      38       1.2659
      39       1.2041
      40       1.2630
      41       1.2387
      42       1.1289
      43       1.1463
      44       1.0737
      45       1.1837
      46       1.1672
      47       1.1233
      48       0.7527
      49       0.6029
      50       0.9234
      51       0.9036
      52       0.8614
      53       1.0590
      54       0.8448
      55       0.9943
      56       0.6634
      57       0.8036
      58       0.8283
      59       0.7708
      60       1.0649
      61       0.8891
      62       1.0316
      63       1.2115
      64       1.0771
      65       1.2007
      66       1.2460
      67       1.0825
      68       1.2666
      69       1.0017
      70       1.2968
      71       1.2297
      72       0.9576
      73       1.2069
      74       1.3920
      75       1.0228
      76       1.1960
      77       1.1439
      78       1.0206
      79       1.1129
      80       1.0406
      81       0.9505
      82       1.2203
      83       1.0647
      84       1.0258
      85       1.2274
      86       1.4458
      87       1.0356
      88       1.1226
      89       1.3899
      90       0.9097
      91       1.2525
      92       1.1218
      93       1.0015
      94       1.0722
      95       1.0630
      96       1.3674
      97       1.1298
      98       0.9997
      99       1.1821
     100       0.7171
     101       0.5314
     102       0.6626
     103       1.0029
     104       1.1266
     105       1.0973
     106       0.5056
     107       1.0639
     108       0.9167
     109       0.9701
     110       0.7962
     111       0.5854
     112       0.7453
     113       1.2367
     114       1.2089
     115       1.3044
     116       0.8727
     117       0.8236
     118       0.7598
     119       0.8721
     120       0.6476
     121       1.1508
     122       0.8070
     123       1.0656
     124       1.1679
     125       1.0566
     126       0.8402
     127       0.7647
     128       1.0102
     129       1.3029
     130       1.0114
     131       1.1928
     132       1.2422
     133       1.6472
     134       1.3097
     135       1.2731
     136       0.7068
     137       0.7835
     138       1.1796
     139       0.9489
     140       1.0414
     141       1.1393
     142       0.8954
     143       0.9599
     144       1.2963
     145       1.6737
     146       2.0004
     147       1.5151
     148       0.9371
     149       1.0463
     150       1.1290
     151       0.8985
     152       0.7291
     153       0.8132
     154       0.7358
     155       0.8840
     156       0.9880
     157       0.8522
     158       0.5940
     159       0.6527
     160       0.9585
     161       1.1458
     162       1.1240
     163       1.2333
     164       1.1298
     165       1.1727
     166       1.2899
     167       1.2142
     168       1.2756
     169       1.3135
     170       1.0163
     171       1.1028
     172       1.0562
     173       0.7071
     174       0.4910
     175       0.6017
     176       1.0599
     177       1.3509
     178       0.6694
     179       0.3778
     180       1.1072
     181       1.1113
     182       0.7643
     183       0.8229
     184       0.5545
     185       0.7400
     186       0.9492
     187       1.1279
     188       1.3098
     189       0.9215
     190       0.6445
     191       1.0695
     192       0.6382
     193       1.3474
     194       0.9925
     195       1.0990
     196       1.1003
     197       1.1385
     198       1.2450
     199       1.2059
     200       1.2556
     201       1.2434
     202       1.2017
     203       1.4215
     204       1.1613
     205       1.1362
     206       1.4341
     207       1.2374
     208       0.5352
     209       1.2557
     210       1.1539
     211       1.1900
     212       1.1293
     213       1.7748
     214       1.5813
     215       0.7937
     216       0.6724
     217       0.7817
     218       0.6630
     219       0.9049
     220       0.7075
     221       0.6406
     222       0.7238
     223       1.1087
     224       1.2029
     225       1.1764
     226       1.1504
     227       1.3789
     228       1.2739
     229       1.1566
     230       1.1052
     231       1.1922
     232       1.0520
     233       1.1065
     234       1.1623
     235       1.1645
     236       1.1572
     237       0.6892
     238       0.8272
     239       0.6447
     240       0.8316
     241       1.1689
     242       1.3322
     243       0.8259
     244       0.6448
     245       1.1436
     246       1.0409
     247       1.2112
     248       1.2668
     249       0.9416
     250       1.2620
     251       1.1861
     252       0.9616
     253       1.3744
     254       1.2857
     255       1.5326
     256       0.6398
     257       0.6876
     258       0.7106
     259       1.1439
     260       1.1297
     261       0.9560
     262       0.9525
     263       1.0170
     264       1.0263
     265       1.0623
     266       1.1722
     267       1.1469
     268       1.2804
     269       1.2136
     270       1.2283
     271       1.0055
     272       0.9672
     273       1.0921
     274       1.2309
     275       1.0764
     276       1.0955
     277       1.2391
     278       1.0549
     279       0.7210
     280       0.7292
     281       0.9533
     282       1.1502
     283       0.8172
     284       1.2472
     285       0.9125
     286       0.7831
     287       0.7983
     288       1.2361
     289       1.1153
     290       1.1900
     291       1.0504
     292       1.3204
     293       1.2101
     294       1.2637
     295       1.0521
     296       1.2280
     297       1.2204
     298       1.2445
     299       1.0429
     300       1.3062
     301       1.1585
     302       1.1663
     303       1.7317
     304       1.6469
     305       1.8042
     306       1.7773
     307       1.8311
     308       1.6317
     309       1.9199
     310       2.0705
     311       1.5128
     312       1.2760
     313       1.1395
     314       1.2750
     315       1.2603
     316       1.3592
     317       1.5570
     318       1.0264
     319       1.2797
     320       1.2174
     321       1.1245
     322       1.1088
     323       1.3099
     324       1.0799
     325       0.8018
     326       0.6325
     327       0.8251
     328       0.9318
     329       1.1047
     330       1.1864
     331       1.0405
     332       1.2627
     333       1.1791
     334       1.1789
     335       1.1704
     336       1.2385
     337       1.1618
     338       1.1703
     339       1.3520
     340       1.1655
     341       1.0939
     342       1.3608
     343       1.1932
     344       1.1187
     345       0.9157
     346       0.7344
     347       0.7355
     348       0.7008
     349       0.7253
     350       0.7474
     351       1.2239
     352       1.4077
     353       1.5965
     354       1.4833
     355       1.4091
     356       1.6207
     357       1.7579
     358       1.9474
     359       1.8551
     360       1.7795
     361       2.0014
     362       1.8978
     363       1.8028
     364       2.0170
     365       1.9788
     366       1.8229
     367       1.9019
     368       1.8846
     369       1.7394
     370       2.1321
     371       1.8806
     372       1.9081
     373       1.9220
     374       2.1692
     375       1.8008
     376       1.8030
     377       1.9007
     378       1.9040
     379       1.9876
     380       1.8264
     381       1.8455
     382       1.9546
     383       1.8397
     384       1.7678
     385       1.8962
     386       1.9346
     387       1.8813
     388       1.7897
     389       1.8388
     390       1.9315
     391       1.7111
     392       2.0002
     393       1.9958
     394       1.9238
     395       2.0898
     396       2.0877
     397       2.1107
     398       1.7645
     399       1.4808
     400       1.4915
     401       1.5064
     402       1.5873
     403       1.7151
     404       1.6630
     405       1.6681
     406       1.5278
     407       1.7448
     408       1.6310
     409       1.5444
     410       1.9923
     411       1.7809
     412       1.9819
     413       1.7582
     414       1.8934
     415       1.6228
     416       1.8391
     417       1.5876
     418       1.6616
     419       1.6032
     420       1.7281
     421       1.7437
     422       1.5370
     423       1.6224
     424       1.6980
     425       1.6469
     426       1.7058
     427       1.8366
     428       1.5347
     429       1.6222
     430       1.6465
     431       1.7243
     432       1.5121
     433       1.5884
     434       0.7106
     435       0.8863
     436       0.7599
     437       0.9504
     438       1.1924
     439       0.7279
     440       1.2988
     441       1.3193
     442       1.4304
     443       1.1489
     444       1.0171
     445       1.2273
     446       1.0236
     447       1.1938
     448       1.0025
     449       0.6321
     450       1.0022
     451       0.7188
     452       0.9123
     453       1.2404
     454       1.3542
     455       0.7819
     456       1.2332
     457       1.4004
     458       0.8394
     459       0.8020
     460       0.8557
     461       0.7847
     462       1.0586
     463       1.2933
     464       1.2308
     465       0.9403
     466       1.1600
     467       0.7917
     468       1.1254
     469       0.9106
     470       1.2926
     471       1.0895
     472       1.2687
     473       1.2808
     474       1.1715
     475       0.9607
     476       0.7916
     477       0.7287
     478       0.5787
     479       1.2284
     480       1.2130
     481       1.1506
     482       1.2656
     483       1.4025
     484       1.2773
     485       1.2189
     486       1.2601
     487       1.1572
     488       0.9916
     489       1.1103
     490       1.3249
     491       1.1907
     492       1.1539
     493       1.0491
     494       1.1045
     495       1.1096
     496       0.9923
     497       1.2189
     498       0.9553
     499       1.2327
     500       1.0325
     501       1.1442
     502       1.4626
     503       1.1019
     504       1.0151
     505       0.9790
     506       1.2499
     507       1.2686
     508       1.3246
     509       1.6701
     510       1.8985
     511       2.0315
     512       1.9897
     513       1.8287
     514       1.1948
     515       0.6838
     516       0.9914
     517       0.9633
     518       1.3264
     519       1.2654
     520       1.2479
     521       1.1184
     522       1.2417
     523       1.2910
     524       1.0359
     525       1.1796
     526       1.4021
     527       0.9375
     528       1.1800
     529       1.0702
     530       0.6860
     531       0.6792
     532       1.1928
     533       1.2630
     534       1.3373
     535       1.1676
     536       1.5092
     537       1.3445
     538       1.4338
     539       0.7511
     540       0.7390
     541       1.2614
     542       1.1809
     543       1.2060
     544       1.0127
     545       0.9508
     546       0.9871
     547       0.7762
     548       0.9671
     549       1.0335
     550       1.2010
     551       1.2360
     552       1.1360
     553       1.1504
     554       1.2484
     555       1.0692
     556       0.9695
     557       0.9866
     558       1.0847
     559       0.9648
     560       0.9530
     561       0.9695
     562       1.2477
     563       1.4052
     564       1.4251
     565       1.2473
     566       1.2520
     567       0.9114
     568       1.0764
     569       1.1427
     570       0.9607
     571       1.1090
     572       0.9591
     573       0.9716
     574       1.1116
     575       0.9402
     576       0.8866
     577       1.2283
     578       1.1378
     579       1.0077
     580       1.0533
     581       0.5379
     582       0.8727
     583       0.9657
     584       1.2749
     585       1.2917
     586       0.9491
     587       1.2074
     588       1.2411
     589       1.3932
     590       1.4251
     591       0.7012
     592       1.1897
     593       1.4692
     594       1.3843
     595       1.3176
     596       1.5311
     597       1.3039
     598       1.2010
     599       0.7255
     600       0.8151
     601       0.5518
     602       0.6562
     603       0.8803
     604       0.8129
     605       0.8956
     606       0.9250
     607       1.2387
     608       1.3225
     609       1.4115
     610       0.8514
     611       0.7385
     612       1.2133
     613       1.0015
     614       1.0292
     615       1.4513
     616       1.4133
     617       1.4235
     618       1.5009
     619       1.2460
     620       0.9015
     621       1.3375
     622       1.0112
     623       1.1660
     624       1.2814
     625       1.1020
     626       1.4855
     627       1.2367
     628       1.2070
     629       0.9351
     630       1.3596
     631       1.3765
     632       0.8601
     633       1.4883
     634       1.5165
     635       1.6979
     636       1.3652
     637       0.8445
     638       1.2241
     639       1.0856
     640       0.9205
     641       1.1584
     642       1.8912
     643       2.0978
     644       1.8384
     645       1.8275
     646       1.7369
     647       1.5888
     648       1.9117
     649       1.8968
     650       1.7123
     651       1.7370
     652       1.9060
     653       1.8563
     654       1.8188
     655       1.6791
     656       1.9090
     657       1.7166
     658       1.2020
     659       1.0825
     660       0.9054
     661       1.1817
     662       1.1675
     663       1.1345
     664       1.3247
     665       1.3390
     666       1.5595
     667       1.9551
     668       1.8130
     669       1.8442
     670       2.1373
     671       1.8895
     672       1.8571
     673       1.8096
     674       1.9429
     675       1.8390
     676       2.0152
     677       1.7173
     678       1.7040
     679       0.8271
     680       1.2156
     681       1.0860
     682       2.0977
     683       2.0247
     684       2.0072
     685       1.7284
     686       1.9340
     687       1.5610
     688       2.0783
     689       2.0210
     690       1.3560
     691       1.4189
     692       1.4334
     693       1.2372
     694       1.2854
     695       1.6817
     696       1.8047
     697       1.8343
     698       1.7316
     699       1.8643
     700       1.7909
     701       1.8278
     702       1.7788
     703       1.8126
     704       1.7274
     705       1.9271
     706       1.8668
     707       1.8110
     708       1.6980
     709       1.7809
     710       1.8358
     711       1.8928
     712       1.7312
     713       1.8182
     714       1.6532
     715       1.2128
     716       1.3689
     717       1.1843
     718       1.0041
     719       0.9432
     720       1.1696
     721       1.2341
     722       1.0294
     723       1.3051
     724       1.1648
     725       0.7077
     726       1.2347
     727       1.1936
     728       1.2379
     729       1.0371
     730       0.7260
     731       0.8651
     732       0.7189
     733       1.0753
     734       1.2327
     735       1.0101
     736       1.0175
     737       1.3137
     738       1.1867
     739       1.4484
     740       1.1866
     741       1.1373
     742       1.5116
     743       1.8337
     744       1.8225
     745       1.6401
     746       1.7245
     747       1.7923
     748       1.8078
     749       0.9963
     750       1.4315
     751       1.2468
     752       1.1707
     753       1.2142
     754       1.3085
     755       1.2841
     756       1.1828
     757       1.2109
     758       1.0582
     759       1.2563
     760       1.4473
     761       1.4057
     762       1.5144
     763       1.2243
     764       1.1863
     765       1.3368
     766       1.0721
     767       1.0921
     768       1.2774
     769       1.2687
     770       1.3320
     771       0.9397
     772       1.1491
     773       1.1818
     774       1.3478
     775       1.3577
     776       0.9589
     777       1.1862
     778       1.4219
     779       1.1246
     780       1.2107
     781       1.2423
     782       1.0109
     783       1.2881
     784       1.2537
     785       1.0391
     786       1.0118
     787       0.9985
     788       1.2159
     789       0.9926
     790       1.2946
     791       1.1806
     792       0.8473
     793       0.8718
     794       1.3148
     795       1.3210
     796       1.0688
     797       1.0841
     798       1.0719
     799       0.8297
     800       1.0238
     801       0.8987
     802       0.8950
     803       0.8605
     804       1.1840
     805       0.9320
     806       1.0489
     807       0.9634
     808       1.1147
     809       1.5192
     810       1.3554
     811       1.0855
     812       1.0559
     813       0.6305
     814       0.7718
     815       1.2978
     816       1.3281
     817       1.1356
     818       1.4786
     819       0.9854
     820       0.7868
     821       0.9730
     822       1.2303
     823       1.0803
     824       1.2780
     825       0.9554
     826       0.9806
     827       1.0083
     828       1.0766
     829       1.2307
     830       1.3911
     831       0.9322
     832       0.8172
     833       1.3671
     834       1.2323
     835       1.6954
     836       1.4592
     837       1.7660
     838       1.5811
     839       1.8408
     840       1.8358
     841       1.8752
     842       1.8807
     843       1.5674
     844       0.9338
     845       0.8358
     846       1.1685
     847       1.6583
     848       1.9206
     849       1.2011
     850       1.1216
     851       1.2945
     852       1.2807
     853       1.2738
     854       1.5161
     855       1.5079
     856       1.6789
     857       1.0643
     858       1.2079
     859       1.4496
     860       0.9917
     861       1.1220
     862       1.4135
     863       1.2633
     864       1.3063
     865       1.0242
     866       0.9969
     867       1.1889
     868       1.3589
     869       1.1675
     870       1.0185
     871       1.0621
     872       1.4472
     873       1.1903
     874       1.1591
     875       0.8214
     876       1.0793
     877       0.5323
     878       0.6802
     879       0.9082
     880       0.8439
     881       0.8052
     882       0.8163
     883       0.7920
     884       1.1602
     885       0.6511
     886       1.1042
     887       0.8169
     888       1.1478
     889       1.1464
     890       1.2867
     891       1.1168
     892       1.0955
     893       1.1094
     894       0.8722
     895       1.0366
     896       1.4572
     897       0.7688
     898       1.3188
     899       1.1533
     900       1.1462
     901       1.0450
     902       1.0833
     903       1.1795
     904       0.9519
     905       1.3229
     906       0.9085
     907       1.1009
     908       1.8843
     909       1.3968
     910       1.4719
     911       1.1044
     912       1.2209
     913       1.4571
     914       1.7850
     915       1.7953
     916       1.1808
     917       1.2142
     918       1.7337
     919       1.7725
     920       1.6524
     921       2.0236
     922       1.9164
     923       1.1972
     924       1.2599
     925       0.9371
     926       1.2814
     927       1.4388
     928       1.2327
     929       1.3215
     930       1.2335
     931       1.1195
     932       1.3469
     933       1.1358
     934       1.3573
     935       1.2121
     936       1.6346
     937       1.1775
     938       1.8553
     939       1.5406
     940       1.2716
     941       1.0981
     942       0.9847
     943       0.8168
     944       1.1155
     945       1.4720
     946       1.7651
     947       1.6813
     948       1.9086
     949       2.0500
     950       1.7082
     951       1.8658
     952       1.9649
     953       2.0381
     954       2.0777
     955       1.9920
     956       1.9728
     957       2.0238
     958       1.9089
     959       1.8145
     960       1.7921
     961       1.9168
     962       1.9997
     963       1.7392
     964       1.3661
     965       1.2538
     966       1.2744
     967       1.3255
     968       1.6508
     969       1.0220
     970       1.5122
     971       1.3215
     972       1.3852
     973       1.4944
     974       1.2846
     975       1.2454
     976       1.3001
     977       1.3719
     978       0.8073
     979       1.2149
     980       1.3096
     981       1.1693
     982       1.1256
     983       1.0975
     984       1.2676
     985       1.4324
     986       0.9919
     987       1.1877
     988       1.6326
     989       1.6437
     990       1.4935
     991       0.9164
     992       0.9982
     993       1.5174
     994       1.4847
     995       1.3962
     996       1.5457
     997       1.3446
     998       1.2650
     999       1.4531
    1000       1.2938
