#Frame        fitcore
       1       0.0000
       2       0.5668
       3       0.5609
       4       0.6081
       5       0.6473
       6       0.6015
       7       0.5956
       8       0.6361
       9       0.6061
      10       0.6180
      11       0.6152
      12       0.7014
      13       0.7344
      14       0.7445
      15       0.6837
      16       0.7227
      17       0.6955
      18       0.7322
      19       0.7259
      20       0.7521
      21       0.8785
      22       0.9027
      23       0.9511
      24       0.9040
      25       0.8956
      26       0.9061
      27       1.0242
      28       0.9405
      29       0.8898
      30       0.9676
      31       0.9201
      32       0.9442
      33       0.9679
      34       0.9909
      35       0.9688
      36       0.9746
      37       0.9991
      38       0.9462
      39       0.9329
      40       0.9532
      41       0.9666
      42       1.0164
      43       0.9799
      44       0.9080
      45       0.9009
      46       0.9186
      47       0.9177
      48       0.8886
      49       0.9143
      50       0.9373
      51       0.9275
      52       1.0002
      53       0.8929
      54       0.9062
      55       0.9338
      56       0.8721
      57       0.9588
      58       1.0238
      59       0.9136
      60       0.9562
      61       0.9520
      62       0.8885
      63       0.8675
      64       0.9835
      65       0.9185
      66       1.0046
      67       0.9854
      68       0.9943
      69       0.9116
      70       0.9144
      71       0.9698
      72       0.9186
      73       0.8640
      74       0.8884
      75       0.9249
      76       0.9194
      77       0.9892
      78       0.9281
      79       0.9816
      80       0.8710
      81       0.9768
      82       0.9682
      83       0.9802
      84       1.0368
      85       1.0059
      86       1.0371
      87       0.9871
      88       0.9793
      89       0.9878
      90       1.0539
      91       1.0098
      92       0.8742
      93       0.9332
      94       0.9720
      95       0.9679
      96       1.0041
      97       0.9898
      98       0.9906
      99       0.9491
     100       0.9944
     101       0.9185
     102       0.9399
     103       0.9675
     104       0.9879
     105       1.0053
     106       0.9992
     107       0.9568
     108       0.9823
     109       0.9753
     110       0.9999
     111       0.9777
     112       0.9422
     113       0.9639
     114       1.0535
     115       1.0812
     116       1.0163
     117       1.1113
     118       1.0822
     119       1.0335
     120       1.0554
     121       1.0673
     122       1.0611
     123       0.9571
     124       0.9877
     125       1.0409
     126       1.0667
     127       1.0914
     128       1.1954
     129       1.0944
     130       1.0234
     131       1.0602
     132       0.9697
     133       1.0248
     134       1.0961
     135       1.0459
     136       0.9665
     137       0.9655
     138       0.9804
     139       0.9304
     140       1.0571
     141       1.0305
     142       1.0358
     143       0.9999
     144       1.0156
     145       1.0572
     146       1.0870
     147       1.0781
     148       1.0085
     149       1.0035
     150       1.0296
     151       0.9559
     152       1.0371
     153       0.9378
     154       1.0184
     155       1.0369
     156       1.0270
     157       1.0393
     158       1.0150
     159       0.9880
     160       1.0353
     161       1.0485
     162       1.0042
     163       0.9640
     164       0.9591
     165       0.9142
     166       0.9501
     167       0.9586
     168       1.0309
     169       1.0112
     170       1.0115
     171       1.0193
     172       0.9197
     173       0.8856
     174       0.9147
     175       0.9430
     176       0.9412
     177       0.9308
     178       0.9178
     179       0.9354
     180       0.9710
     181       0.9462
     182       0.9421
     183       0.9512
     184       0.9779
     185       0.9324
     186       1.0847
     187       1.0861
     188       1.0938
     189       0.9764
     190       1.0433
     191       1.0563
     192       1.1288
     193       1.0808
     194       1.1263
     195       1.0412
     196       1.0075
     197       1.1413
     198       1.0246
     199       0.9809
     200       0.9487
     201       1.0604
     202       1.0091
     203       1.0164
     204       1.0064
     205       0.9492
     206       0.8975
     207       0.9352
     208       0.9724
     209       0.9578
     210       0.9998
     211       0.9344
     212       0.9321
     213       0.9956
     214       1.0265
     215       1.1811
     216       1.0593
     217       1.0601
     218       1.0843
     219       1.0897
     220       1.0875
     221       1.0181
     222       1.0481
     223       1.0044
     224       0.9300
     225       1.0511
     226       1.0183
     227       1.0821
     228       1.1767
     229       1.0015
     230       1.1157
     231       1.0950
     232       1.0103
     233       1.0384
     234       1.0084
     235       1.0186
     236       1.0347
     237       0.9273
     238       0.9829
     239       1.0426
     240       1.0287
     241       0.9958
     242       0.9303
     243       0.9302
     244       1.0060
     245       1.0157
     246       1.0675
     247       1.0718
     248       1.0339
     249       0.9718
     250       0.9880
     251       0.9526
     252       0.9403
     253       1.0495
     254       0.9948
     255       1.0014
     256       0.9967
     257       0.9520
     258       1.0048
     259       0.9867
     260       1.0197
     261       0.9333
     262       0.9945
     263       1.0628
     264       1.0147
     265       1.0040
     266       1.0507
     267       0.9617
     268       0.9924
     269       1.0037
     270       0.9343
     271       1.0094
     272       1.0010
     273       0.9975
     274       1.0603
     275       1.0376
     276       1.0288
     277       1.0583
     278       0.9821
     279       1.0468
     280       0.9857
     281       1.0052
     282       1.0559
     283       1.0297
     284       0.9521
     285       0.9192
     286       0.9583
     287       0.9454
     288       1.0115
     289       1.0965
     290       0.9607
     291       1.0246
     292       0.9894
     293       0.9756
     294       0.9677
     295       0.9880
     296       0.9736
     297       0.9976
     298       0.9815
     299       0.9786
     300       0.9723
     301       0.9557
     302       0.9422
     303       0.9097
     304       0.9511
     305       1.0292
     306       0.9303
     307       0.9625
     308       0.9905
     309       0.9328
     310       0.9753
     311       0.9594
     312       0.9819
     313       1.1044
     314       1.0681
     315       1.0695
     316       1.0790
     317       1.0526
     318       1.0083
     319       0.9881
     320       1.0373
     321       1.0660
     322       1.1430
     323       1.0960
     324       1.0405
     325       1.0101
     326       1.0208
     327       1.0100
     328       1.0470
     329       0.9999
     330       1.0346
     331       1.0635
     332       1.0255
     333       1.0697
     334       1.0624
     335       1.0731
     336       1.0035
     337       1.1886
     338       1.0322
     339       1.0379
     340       1.0621
     341       1.0599
     342       1.0475
     343       1.0571
     344       1.0527
     345       0.9918
     346       1.0093
     347       0.9693
     348       0.9999
     349       0.9593
     350       1.0037
     351       1.0105
     352       1.0223
     353       1.0452
     354       1.0201
     355       1.0899
     356       1.0468
     357       1.0530
     358       1.1133
     359       1.0859
     360       0.9961
     361       1.0725
     362       0.9854
     363       1.0158
     364       1.0116
     365       1.0148
     366       1.0043
     367       0.9959
     368       1.0875
     369       1.0297
     370       0.9934
     371       1.0185
     372       0.9678
     373       1.0014
     374       1.0053
     375       0.9610
     376       1.0820
     377       1.0165
     378       0.9746
     379       0.9705
     380       0.9896
     381       1.0336
     382       1.0313
     383       1.0854
     384       1.0629
     385       1.1422
     386       0.9981
     387       1.0209
     388       1.0353
     389       1.1238
     390       1.0220
     391       1.0589
     392       0.9863
     393       0.9940
     394       0.9853
     395       1.0136
     396       1.0818
     397       1.0456
     398       1.0156
     399       1.0572
     400       1.0172
     401       1.0274
     402       1.0251
     403       1.0024
     404       1.0104
     405       1.0372
     406       0.9734
     407       1.1229
     408       1.0874
     409       0.9634
     410       1.0128
     411       0.9924
     412       0.9850
     413       0.9897
     414       0.9991
     415       1.0636
     416       1.0077
     417       1.0264
     418       1.0531
     419       1.0494
     420       1.0385
     421       1.0155
     422       1.0674
     423       0.9957
     424       1.0618
     425       0.9806
     426       0.9636
     427       1.0255
     428       1.0027
     429       1.0439
     430       1.0243
     431       0.9764
     432       0.9949
     433       0.9670
     434       0.9765
     435       0.9897
     436       1.0367
     437       1.0513
     438       1.0193
     439       1.0987
     440       1.0744
     441       1.0849
     442       1.1369
     443       1.1312
     444       1.1686
     445       1.1971
     446       1.1681
     447       1.1148
     448       1.0936
     449       1.1618
     450       1.2572
     451       1.1944
     452       1.1863
     453       1.1934
     454       1.0993
     455       1.1059
     456       1.1327
     457       1.1159
     458       1.1140
     459       1.0534
     460       0.9648
     461       1.0283
     462       1.0603
     463       1.0991
     464       1.0564
     465       1.0825
     466       1.0979
     467       1.1312
     468       1.1408
     469       1.1495
     470       1.1284
     471       1.0597
     472       1.1387
     473       1.1531
     474       1.1592
     475       1.0895
     476       1.0836
     477       1.1285
     478       1.1255
     479       1.0908
     480       1.0531
     481       1.0783
     482       0.9645
     483       1.1379
     484       1.0221
     485       1.0303
     486       1.0052
     487       1.0784
     488       1.0598
     489       1.1007
     490       1.1432
     491       1.0968
     492       1.0257
     493       1.0585
     494       1.1230
     495       1.1191
     496       1.0262
     497       1.0914
     498       1.0342
     499       1.0470
     500       0.9956
     501       0.9819
     502       1.0336
     503       1.0179
     504       0.9665
     505       0.9458
     506       0.9172
     507       0.9635
     508       1.0391
     509       1.0865
     510       1.0365
     511       1.0084
     512       1.0144
     513       0.9531
     514       0.9433
     515       0.9578
     516       0.9603
     517       0.9835
     518       0.9882
     519       1.0038
     520       0.8937
     521       0.9594
     522       0.9443
     523       0.9307
     524       0.9672
     525       0.9740
     526       1.0446
     527       1.0123
     528       0.9351
     529       0.9752
     530       1.0230
     531       1.0481
     532       0.9729
     533       0.9452
     534       0.9363
     535       1.0173
     536       0.9618
     537       0.9426
     538       0.9783
     539       1.0020
     540       0.9865
     541       0.9144
     542       1.0029
     543       0.9785
     544       0.9628
     545       1.0045
     546       0.9751
     547       0.9939
     548       0.9215
     549       0.9589
     550       0.9740
     551       1.0074
     552       1.0039
     553       1.0203
     554       1.0075
     555       0.9412
     556       0.9677
     557       0.9795
     558       1.0829
     559       1.0311
     560       1.0826
     561       1.0841
     562       1.0501
     563       1.0339
     564       1.0215
     565       1.0425
     566       1.0172
     567       1.1050
     568       1.0608
     569       1.1132
     570       1.0440
     571       1.0671
     572       1.0408
     573       0.9641
     574       0.9500
     575       0.9249
     576       0.9467
     577       0.9971
     578       0.9814
     579       1.0318
     580       1.0243
     581       0.9866
     582       0.9951
     583       0.9579
     584       1.0307
     585       1.0822
     586       1.1086
     587       1.0976
     588       1.0465
     589       1.0474
     590       1.0227
     591       1.0442
     592       1.0241
     593       1.1068
     594       1.1100
     595       1.0659
     596       0.9869
     597       1.0303
     598       1.0547
     599       1.0021
     600       1.0092
     601       1.0416
     602       1.0489
     603       1.0585
     604       1.0387
     605       1.0593
     606       1.0676
     607       1.0960
     608       1.1459
     609       1.1269
     610       1.1032
     611       1.0891
     612       1.1088
     613       1.0040
     614       1.0629
     615       1.0737
     616       1.1308
     617       1.0513
     618       1.0887
     619       1.1358
     620       1.0135
     621       1.0835
     622       1.0900
     623       1.0475
     624       1.0649
     625       1.1302
     626       1.1309
     627       1.1457
     628       1.0446
     629       1.0317
     630       1.0618
     631       1.0807
     632       1.0509
     633       1.0684
     634       1.1052
     635       1.1101
     636       1.1030
     637       1.0332
     638       1.1085
     639       1.1187
     640       1.0226
     641       1.0543
     642       0.9700
     643       1.0560
     644       1.0486
     645       1.0367
     646       1.0589
     647       1.0230
     648       1.0435
     649       1.0622
     650       1.0296
     651       1.0285
     652       0.9883
     653       1.0650
     654       1.1043
     655       1.1043
     656       1.0674
     657       1.0685
     658       1.0423
     659       1.0226
     660       1.0329
     661       1.0383
     662       1.1144
     663       1.1067
     664       1.0808
     665       1.1146
     666       1.1351
     667       1.1933
     668       1.2190
     669       1.2264
     670       1.1673
     671       1.1228
     672       1.0641
     673       1.0732
     674       1.0641
     675       1.1034
     676       1.1312
     677       1.0737
     678       1.1056
     679       1.0718
     680       1.0487
     681       1.1068
     682       1.1322
     683       1.0936
     684       1.0722
     685       1.0790
     686       1.1427
     687       1.1454
     688       1.1369
     689       1.1483
     690       1.1476
     691       1.1679
     692       1.1450
     693       1.1523
     694       1.0772
     695       1.0743
     696       1.1143
     697       1.1078
     698       1.1595
     699       1.1614
     700       1.1649
     701       1.1337
     702       1.1484
     703       1.0916
     704       1.1318
     705       1.2064
     706       1.1985
     707       1.1407
     708       1.2007
     709       1.1932
     710       1.1744
     711       1.0536
     712       1.0645
     713       1.0765
     714       1.0389
     715       1.0520
     716       0.9963
     717       1.0306
     718       1.0732
     719       1.1313
     720       1.1793
     721       1.1832
     722       1.1153
     723       1.0856
     724       1.0398
     725       1.0889
     726       1.1233
     727       1.0762
     728       1.1130
     729       1.0853
     730       1.0754
     731       1.1258
     732       1.1060
     733       1.1152
     734       1.1471
     735       1.1309
     736       1.2879
     737       1.2917
     738       1.2781
     739       1.2581
     740       1.2881
     741       1.2208
     742       1.2789
     743       1.2286
     744       1.2503
     745       1.1774
     746       1.2141
     747       1.2054
     748       1.1721
     749       1.1592
     750       1.2099
     751       1.1681
     752       1.1717
     753       1.1036
     754       1.1126
     755       1.1403
     756       1.1277
     757       1.1906
     758       1.2678
     759       1.1837
     760       1.1290
     761       1.1097
     762       1.1083
     763       1.1157
     764       1.1287
     765       1.1426
     766       1.0956
     767       1.1268
     768       1.1715
     769       1.1552
     770       1.1305
     771       1.1573
     772       1.0764
     773       1.1116
     774       1.0547
     775       1.0367
     776       1.0927
     777       1.0838
     778       1.1672
     779       1.1528
     780       1.1137
     781       1.1200
     782       1.0299
     783       1.1115
     784       1.1231
     785       1.1125
     786       1.1504
     787       1.1530
     788       1.0919
     789       1.0772
     790       1.0898
     791       1.1592
     792       1.1164
     793       1.0792
     794       1.1311
     795       1.2023
     796       1.1943
     797       1.1443
     798       1.1573
     799       1.1909
     800       1.2224
     801       1.2382
     802       1.2161
     803       1.1128
     804       1.1236
     805       1.0662
     806       1.0540
     807       1.1288
     808       1.0544
     809       1.1265
     810       1.1749
     811       1.1460
     812       1.1548
     813       1.1844
     814       1.1644
     815       1.2179
     816       1.1741
     817       1.2184
     818       1.1352
     819       1.1093
     820       1.1186
     821       1.1501
     822       1.1699
     823       1.0953
     824       1.1612
     825       1.1501
     826       1.2133
     827       1.2186
     828       1.2195
     829       1.2200
     830       1.2349
     831       1.2589
     832       1.2347
     833       1.2009
     834       1.1888
     835       1.2693
     836       1.2418
     837       1.2106
     838       1.1239
     839       1.1744
     840       1.2198
     841       1.1638
     842       1.1880
     843       1.1827
     844       1.2292
     845       1.2296
     846       1.2977
     847       1.2476
     848       1.1730
     849       1.2759
     850       1.1800
     851       1.2218
     852       1.2559
     853       1.1556
     854       1.2036
     855       1.1736
     856       1.1442
     857       1.1058
     858       1.1576
     859       1.0636
     860       1.0921
     861       1.0680
     862       1.1132
     863       1.1054
     864       1.0766
     865       1.0475
     866       1.1309
     867       1.1410
     868       1.1095
     869       1.1159
     870       1.1035
     871       1.0797
     872       1.1146
     873       1.1320
     874       1.2059
     875       1.1319
     876       1.1247
     877       1.1413
     878       1.0654
     879       1.1260
     880       1.1220
     881       1.0942
     882       1.0641
     883       1.0394
     884       1.0317
     885       1.0436
     886       1.0651
     887       1.0541
     888       1.0936
     889       1.0879
     890       1.0706
     891       1.1054
     892       1.1317
     893       1.1683
     894       1.1079
     895       1.1008
     896       1.1178
     897       1.0305
     898       1.0664
     899       1.0253
     900       1.0686
     901       1.0141
     902       1.0999
     903       1.1009
     904       1.0432
     905       1.1243
     906       1.1012
     907       1.1710
     908       1.1042
     909       1.1032
     910       1.0897
     911       1.1122
     912       1.0576
     913       1.1090
     914       1.0966
     915       1.0559
     916       1.0081
     917       1.0167
     918       1.0205
     919       1.0026
     920       1.0233
     921       1.0455
     922       1.0659
     923       1.0359
     924       1.0433
     925       0.9898
     926       1.0082
     927       1.0193
     928       1.0688
     929       1.1161
     930       1.0352
     931       0.9798
     932       1.0023
     933       1.0257
     934       1.0620
     935       1.0733
     936       1.0015
     937       1.0177
     938       1.1045
     939       1.0992
     940       1.2033
     941       1.0776
     942       1.1910
     943       1.1149
     944       1.1208
     945       1.1221
     946       1.1158
     947       1.1360
     948       1.1221
     949       1.0949
     950       1.1176
     951       1.0911
     952       1.0677
     953       1.0687
     954       1.0855
     955       1.0501
     956       1.1517
     957       1.0868
     958       1.0809
     959       1.0987
     960       1.0785
     961       1.0690
     962       1.1528
     963       1.1812
     964       1.1556
     965       1.1175
     966       1.1358
     967       1.0906
     968       1.0846
     969       1.0744
     970       1.1212
     971       1.0691
     972       1.0524
     973       1.1703
     974       1.0970
     975       1.1058
     976       1.0988
     977       1.0738
     978       1.0287
     979       1.1163
     980       1.0677
     981       1.0113
     982       1.0538
     983       1.0762
     984       1.0829
     985       0.9901
     986       1.0830
     987       1.0423
     988       0.9606
     989       1.0255
     990       1.0298
     991       1.0479
     992       0.9755
     993       0.9790
     994       1.0051
     995       0.9986
     996       0.9845
     997       0.9207
     998       0.9340
     999       0.9832
    1000       1.0332
