#Res        AtomicFlx
   1.000       2.6110
   2.000       1.2396
   3.000       0.7105
   4.000       0.6566
   5.000       0.5122
   6.000       0.4799
   7.000       0.3852
   8.000       0.3789
   9.000       0.4015
  10.000       0.4148
  11.000       0.4444
  12.000       0.3719
  13.000       0.3015
  14.000       0.3736
  15.000       0.3957
  16.000       0.3980
  17.000       0.4027
  18.000       0.4660
  19.000       0.4950
  20.000       0.5040
  21.000       0.5318
  22.000       0.6492
  23.000       0.6860
  24.000       0.7218
  25.000       0.7949
  26.000       0.6731
  27.000       0.6821
  28.000       0.5603
  29.000       0.5364
  30.000       0.4664
  31.000       0.4593
  32.000       0.4336
  33.000       0.4771
  34.000       0.4765
  35.000       0.5831
  36.000       0.5086
  37.000       0.4546
  38.000       0.4262
  39.000       0.3312
  40.000       0.3255
  41.000       0.4101
  42.000       0.4943
  43.000       0.5153
  44.000       0.7184
  45.000       0.8608
  46.000       0.9390
  47.000       1.2053
  48.000       1.1813
  49.000       0.8931
  50.000       0.7770
  51.000       0.6752
  52.000       0.6704
  53.000       0.5135
  54.000       0.4940
  55.000       0.4134
  56.000       0.4381
  57.000       0.5543
  58.000       0.4060
  59.000       0.4399
  60.000       0.5635
  61.000       0.6390
  62.000       0.7018
  63.000       0.5848
  64.000       0.5610
  65.000       0.4634
  66.000       0.4441
  67.000       0.5263
  68.000       0.5447
  69.000       0.5379
  70.000       0.6334
  71.000       0.6469
  72.000       0.6431
  73.000       0.5579
  74.000       0.6860
  75.000       0.6329
  76.000       0.7595
  77.000       0.6914
  78.000       0.6742
  79.000       0.6509
  80.000       0.6429
  81.000       0.8575
  82.000       0.8781
  83.000       0.8373
  84.000       0.6753
  85.000       0.6487
  86.000       0.5999
  87.000       0.5831
  88.000       0.6485
  89.000       0.7571
  90.000       1.1982
  91.000       1.7787
  92.000       1.6035
  93.000       1.2018
  94.000       0.9088
  95.000       0.7618
  96.000       0.7200
  97.000       0.7014
  98.000       0.7734
  99.000       0.8504
 100.000       0.8634
 101.000       0.7138
 102.000       0.7764
 103.000       0.9192
 104.000       0.8824
 105.000       1.2382
 106.000       1.0562
 107.000       1.0986
 108.000       0.9346
 109.000       0.8103
 110.000       0.8493
 111.000       0.8046
 112.000       0.7125
 113.000       0.7038
 114.000       0.7436
 115.000       0.6979
 116.000       0.6814
 117.000       0.6604
 118.000       0.6935
 119.000       0.6978
 120.000       0.6722
 121.000       0.6691
 122.000       0.7370
 123.000       0.7332
 124.000       0.7893
 125.000       0.9079
 126.000       0.9230
 127.000       0.8114
 128.000       0.8392
 129.000       0.9502
 130.000       1.0730
 131.000       0.8279
 132.000       0.7369
 133.000       0.8124
 134.000       0.8398
 135.000       0.9068
 136.000       1.1545
 137.000       1.0499
 138.000       0.8795
 139.000       1.0965
 140.000       1.0659
 141.000       0.8083
 142.000       0.7196
 143.000       0.8545
 144.000       0.7636
 145.000       0.6728
 146.000       0.6322
 147.000       0.7126
 148.000       0.7764
 149.000       0.7368
 150.000       0.7346
 151.000       0.8310
 152.000       0.8351
 153.000       0.7652
 154.000       0.7542
 155.000       0.8382
 156.000       0.8296
 157.000       0.9200
 158.000       0.9314
 159.000       0.8383
 160.000       0.8170
 161.000       0.8259
 162.000       0.6811
 163.000       0.6822
 164.000       0.5965
 165.000       0.5402
 166.000       0.5358
 167.000       0.4972
 168.000       0.4663
 169.000       0.4775
 170.000       0.5380
 171.000       0.5022
 172.000       0.4295
 173.000       0.5852
 174.000       0.5396
 175.000       0.6087
 176.000       0.6648
 177.000       0.6402
 178.000       0.5637
 179.000       0.5753
 180.000       0.5993
 181.000       0.6144
 182.000       0.5295
 183.000       0.5183
 184.000       0.5763
 185.000       0.5208
 186.000       0.4807
 187.000       0.5313
 188.000       0.5518
 189.000       0.4895
 190.000       0.5360
 191.000       0.6147
 192.000       0.6002
 193.000       0.6011
 194.000       0.6267
 195.000       0.5693
 196.000       0.5347
 197.000       0.6112
 198.000       0.6030
 199.000       0.5466
 200.000       0.8002
 201.000       0.6806
 202.000       0.5741
 203.000       0.5107
 204.000       0.4576
 205.000       0.5415
 206.000       0.5543
 207.000       0.5659
 208.000       0.6521
 209.000       0.8082
 210.000       0.9086
 211.000       0.8581
 212.000       0.7286
 213.000       0.7042
 214.000       0.6435
 215.000       0.5150
 216.000       0.5317
 217.000       0.6350
 218.000       0.5731
 219.000       0.5337
 220.000       0.6442
 221.000       0.7603
 222.000       0.7833
 223.000       0.7391
 224.000       0.9620
 225.000       0.9227
 226.000       0.7428
 227.000       0.6276
 228.000       0.6236
 229.000       0.5498
 230.000       0.5788
 231.000       0.5865
 232.000       0.5398
 233.000       0.5038
 234.000       0.5883
 235.000       0.5699
 236.000       0.5407
 237.000       0.5800
 238.000       0.5899
 239.000       0.7224
 240.000       0.8291
 241.000       0.8910
 242.000       0.7765
 243.000       0.5927
 244.000       0.6113
 245.000       0.5808
 246.000       0.6166
 247.000       0.6378
 248.000       0.7594
 249.000       0.8521
 250.000       0.9743
 251.000       0.8491
 252.000       0.7370
 253.000       0.6719
 254.000       0.6709
 255.000       0.6186
 256.000       0.6009
 257.000       0.5013
 258.000       0.4229
 259.000       0.3645
 260.000       0.3805
 261.000       0.3780
 262.000       0.4346
 263.000       0.4734
 264.000       0.5221
 265.000       0.5189
 266.000       0.4588
 267.000       0.4684
 268.000       0.5293
 269.000       0.5865
 270.000       0.5474
 271.000       0.6174
 272.000       0.6105
 273.000       0.6284
 274.000       0.6616
 275.000       0.7512
 276.000       0.6977
 277.000       0.6921
 278.000       0.7525
 279.000       0.6661
 280.000       0.5565
 281.000       0.6227
 282.000       0.6676
 283.000       0.6004
 284.000       0.5711
 285.000       0.6697
 286.000       0.7312
 287.000       0.5840
 288.000       0.5081
 289.000       0.4433
 290.000       0.4545
 291.000       0.4058
 292.000       0.3732
 293.000       0.4000
 294.000       0.4362
 295.000       0.6108
 296.000       0.6181
 297.000       0.5734
 298.000       0.5754
 299.000       0.6338
 300.000       0.7543
 301.000       0.7926
 302.000       0.6933
 303.000       0.7854
 304.000       0.6635
 305.000       0.7913
 306.000       1.0117
 307.000       0.9124
 308.000       0.7974
 309.000       0.6473
 310.000       0.6193
 311.000       0.5923
 312.000       0.6252
 313.000       0.6578
 314.000       0.5676
 315.000       0.6490
 316.000       0.8646
 317.000       0.7739
 318.000       0.9691
 319.000       1.1555
 320.000       0.7478
 321.000       0.7345
 322.000       0.4975
 323.000       0.4981
 324.000       0.4238
 325.000       0.3988
 326.000       0.4243
 327.000       0.4766
 328.000       0.5553
 329.000       0.7282
 330.000       0.9942
 331.000       1.3693
 332.000       1.2109
 333.000       0.9705
 334.000       0.7804
 335.000       0.6375
 336.000       0.5842
 337.000       0.4744
 338.000       0.4697
 339.000       0.4633
 340.000       0.4677
 341.000       0.3664
 342.000       0.3781
 343.000       0.4172
 344.000       0.4524
 345.000       0.5189
 346.000       0.4993
 347.000       0.4716
 348.000       0.5730
 349.000       0.7152
 350.000       0.7335
 351.000       0.7594
 352.000       1.1210
 353.000       1.3039
 354.000       1.4003
 355.000       1.2501
 356.000       1.1494
 357.000       1.0756
 358.000       0.8583
 359.000       0.7875
 360.000       0.8370
 361.000       0.8021
 362.000       0.6347
 363.000       0.6992
 364.000       0.7660
 365.000       0.6882
 366.000       0.6516
 367.000       0.7643
 368.000       0.8768
 369.000       0.8004
 370.000       0.8439
 371.000       1.0938
 372.000       0.9323
 373.000       1.0223
 374.000       0.8794
 375.000       0.7083
 376.000       0.8298
 377.000       0.8856
 378.000       0.6859
 379.000       0.7972
 380.000       0.7184
 381.000       0.6598
 382.000       0.6315
 383.000       0.7496
 384.000       0.6187
 385.000       0.6714
 386.000       0.7143
 387.000       1.0906
 388.000       1.6134
 389.000       1.1032
 390.000       1.0892
 391.000       0.6101
 392.000       0.5327
 393.000       0.6698
 394.000       0.5717
 395.000       0.4153
 396.000       0.4109
 397.000       0.4032
 398.000       0.4192
 399.000       0.5045
 400.000       0.5246
 401.000       0.6062
 402.000       0.6724
 403.000       0.7661
 404.000       0.7140
 405.000       0.7300
 406.000       0.8069
 407.000       0.8072
 408.000       0.7331
 409.000       0.7413
 410.000       0.6639
 411.000       0.5809
 412.000       0.5585
 413.000       0.5362
 414.000       0.5395
 415.000       0.5040
 416.000       0.5561
 417.000       0.6413
 418.000       0.5163
 419.000       0.4444
 420.000       0.3837
 421.000       0.3845
 422.000       0.3574
 423.000       0.3159
 424.000       0.3075
 425.000       0.3740
 426.000       0.3925
 427.000       0.4307
 428.000       0.5358
 429.000       0.4932
 430.000       0.4254
 431.000       0.3886
 432.000       0.3941
 433.000       0.3343
 434.000       0.3219
 435.000       0.3594
 436.000       0.3794
 437.000       0.3374
 438.000       0.3453
 439.000       0.3848
 440.000       0.3754
 441.000       0.3904
 442.000       0.3998
 443.000       0.4061
 444.000       0.4009
 445.000       0.4299
 446.000       0.4733
 447.000       0.4812
 448.000       0.5121
 449.000       0.6009
 450.000       0.6899
 451.000       0.7594
 452.000       0.8525
 453.000       0.9750
 454.000       0.9205
 455.000       0.8475
 456.000       0.9844
 457.000       1.0231
 458.000       1.1528
 459.000       0.9175
 460.000       0.6999
 461.000       0.8732
 462.000       0.8620
 463.000       0.8899
 464.000       0.6560
 465.000       0.8980
 466.000       0.9357
 467.000       0.8320
 468.000       1.1504
 469.000       0.9883
 470.000       0.8731
 471.000       1.0486
 472.000       1.2448
 473.000       1.0453
 474.000       1.0611
 475.000       1.0528
 476.000       1.5757
 477.000       1.8137
 478.000       2.0859
 479.000       2.1081
 480.000       2.1727
 481.000       1.6385
 482.000       1.6933
 483.000       1.6517
 484.000       1.1994
 485.000       1.1279
 486.000       1.0346
 487.000       0.9279
 488.000       1.0656
 489.000       1.0877
 490.000       0.9792
 491.000       1.0518
 492.000       1.1943
 493.000       1.2444
 494.000       1.3119
 495.000       1.4298
 496.000       1.6446
 497.000       1.8882
 498.000       2.0262
 499.000       2.1656
 500.000       2.3133
 501.000       2.3635
 502.000       2.7753
 503.000       3.1496
 504.000       3.1413
 505.000       3.2358
 506.000       3.7975
 507.000       3.8886
 508.000       3.7464
 509.000       4.0078
 510.000       4.8174
 511.000       4.9355
 512.000       5.2248
 513.000       5.7134
