#Frame         fadall
       1       0.0000
       2       0.2938
       3       0.4421
       4       0.3528
       5       0.4281
       6       0.5255
       7       0.4313
       8       0.5265
       9       0.6349
      10       0.5986
      11       0.5353
      12       0.5433
      13       0.5682
      14       0.6332
      15       0.5948
      16       0.5743
      17       0.5957
      18       0.5389
      19       0.6384
      20       0.6204
      21       0.6031
      22       0.5622
      23       0.5699
      24       0.5025
      25       0.5386
      26       0.5383
      27       0.5480
      28       0.5684
      29       0.6718
      30       0.5424
      31       0.6331
      32       0.5267
      33       0.5678
      34       0.4814
      35       0.5338
      36       0.4741
      37       0.6049
      38       0.5209
      39       0.4846
      40       0.5373
      41       0.4290
      42       0.6252
      43       0.5642
      44       0.5870
      45       0.6233
      46       0.7252
      47       0.6667
      48       0.5738
      49       0.6597
      50       0.5680
      51       0.6249
      52       0.6261
      53       0.4332
      54       0.4140
      55       0.3761
      56       0.5207
      57       0.3947
      58       0.5488
      59       0.5381
      60       0.4646
      61       0.4941
      62       0.4271
      63       0.3977
      64       0.3528
      65       0.3748
      66       0.4168
      67       0.4973
      68       0.5124
      69       0.3882
      70       0.3559
      71       0.3906
      72       0.4684
      73       0.3136
      74       0.5235
      75       0.3724
      76       0.4970
      77       0.4135
      78       0.4989
      79       0.3788
      80       0.3674
      81       0.3989
      82       0.3473
      83       0.4223
      84       0.3405
      85       0.3310
      86       0.5602
      87       0.4032
      88       0.3129
      89       0.4042
      90       0.2735
      91       0.3913
      92       0.3849
      93       0.2630
      94       0.3268
      95       0.2566
      96       0.2998
      97       0.4119
      98       0.3812
      99       0.4267
     100       0.3819
     101       0.3992
     102       0.3896
     103       0.4638
     104       0.4904
     105       0.3808
     106       0.4169
     107       0.4470
     108       0.3931
     109       0.4003
     110       0.4989
     111       0.4763
     112       0.4132
     113       0.4614
     114       0.5243
     115       0.4978
     116       0.4254
     117       0.4085
     118       0.5975
     119       0.3734
     120       0.4407
     121       0.4142
     122       0.4381
     123       0.5419
     124       0.4261
     125       0.5336
     126       0.5106
     127       0.3816
     128       0.4912
     129       0.4439
     130       0.4419
     131       0.5147
     132       0.5174
     133       0.5373
     134       0.4548
     135       0.4608
     136       0.4490
     137       0.5233
     138       0.4577
     139       0.4449
     140       0.6120
     141       0.4437
     142       0.4263
     143       0.3602
     144       0.5562
     145       0.4359
     146       0.5958
     147       0.6202
     148       0.5828
     149       0.5003
     150       0.5254
     151       0.6535
     152       0.5025
     153       0.5854
     154       0.5042
     155       0.7082
     156       0.5674
     157       0.5988
     158       0.5022
     159       0.5193
     160       0.4334
     161       0.4960
     162       0.4127
     163       0.4984
     164       0.5016
     165       0.5555
     166       0.5658
     167       0.5100
     168       0.5091
     169       0.6291
     170       0.5794
     171       0.6897
     172       0.5088
     173       0.5134
     174       0.4223
     175       0.5490
     176       0.4736
     177       0.4251
     178       0.5632
     179       0.4761
     180       0.5021
     181       0.4365
     182       0.4434
     183       0.3851
     184       0.5024
     185       0.4667
     186       0.4813
     187       0.3327
     188       0.3070
     189       0.3631
     190       0.4655
     191       0.4474
     192       0.4049
     193       0.4847
     194       0.5319
     195       0.5391
     196       0.5243
     197       0.3120
     198       0.4270
     199       0.5139
     200       0.6146
     201       0.6425
     202       0.5854
     203       0.6291
     204       0.6978
     205       0.6461
     206       0.4499
     207       0.4009
     208       0.5764
     209       0.5879
     210       0.5072
     211       0.4904
     212       0.5604
     213       0.5296
     214       0.5177
     215       0.5204
     216       0.6070
     217       0.5090
     218       0.3729
     219       0.4095
     220       0.5427
     221       0.5073
     222       0.4540
     223       0.4137
     224       0.3022
     225       0.5357
     226       0.5357
     227       0.5306
     228       0.5207
     229       0.4088
     230       0.3322
     231       0.5235
     232       0.4841
     233       0.5759
     234       0.5184
     235       0.4730
     236       0.5245
     237       0.4197
     238       0.3850
     239       0.4303
     240       0.4725
     241       0.5349
     242       0.4807
     243       0.4538
     244       0.5617
     245       0.4324
     246       0.5062
     247       0.4895
     248       0.5526
     249       0.4777
     250       0.5405
     251       0.4684
     252       0.4758
     253       0.5003
     254       0.5135
     255       0.5949
     256       0.4113
     257       0.5726
     258       0.5658
     259       0.4383
     260       0.4931
     261       0.4424
     262       0.3902
     263       0.4512
     264       0.4693
     265       0.4730
     266       0.4367
     267       0.3695
     268       0.5550
     269       0.6631
     270       0.5355
     271       0.5581
     272       0.4967
     273       0.4324
     274       0.4675
     275       0.4567
     276       0.4089
     277       0.4603
     278       0.5676
     279       0.3962
     280       0.5747
     281       0.5286
     282       0.6147
     283       0.6201
     284       0.7092
     285       0.6577
     286       0.6353
     287       0.6560
     288       0.5377
     289       0.4682
     290       0.5268
     291       0.4606
     292       0.4816
     293       0.5295
     294       0.4994
     295       0.5417
     296       0.5700
     297       0.5350
     298       0.5902
     299       0.6098
     300       0.6454
     301       0.6152
     302       0.7026
     303       0.6202
     304       0.6361
     305       0.4932
     306       0.5867
     307       0.5449
     308       0.4691
     309       0.5730
     310       0.4786
     311       0.5596
     312       0.5745
     313       0.4605
     314       0.5438
     315       0.5824
     316       0.5740
     317       0.4253
     318       0.4278
     319       0.5448
     320       0.6419
     321       0.6015
     322       0.5815
     323       0.5509
     324       0.5073
     325       0.4991
     326       0.5163
     327       0.4900
     328       0.5473
     329       0.4423
     330       0.6005
     331       0.5692
     332       0.5977
     333       0.6059
     334       0.5564
     335       0.6316
     336       0.5519
     337       0.4234
     338       0.4309
     339       0.4653
     340       0.4015
     341       0.4022
     342       0.3920
     343       0.5139
     344       0.4815
     345       0.5400
     346       0.4662
     347       0.4123
     348       0.6494
     349       0.7450
     350       0.6325
     351       0.5030
     352       0.5731
     353       0.5540
     354       0.3034
     355       0.3926
     356       0.4361
     357       0.3883
     358       0.5413
     359       0.5559
     360       0.5837
     361       0.5272
     362       0.4426
     363       0.4843
     364       0.4534
     365       0.4022
     366       0.4220
     367       0.4356
     368       0.5067
     369       0.4234
     370       0.5221
     371       0.6162
     372       0.5062
     373       0.6411
     374       0.5913
     375       0.6036
     376       0.4237
     377       0.4066
     378       0.3445
     379       0.4569
     380       0.4579
     381       0.4099
     382       0.3583
     383       0.4829
     384       0.4429
     385       0.4772
     386       0.4202
     387       0.4596
     388       0.5269
     389       0.4847
     390       0.5470
     391       0.4796
     392       0.4693
     393       0.4766
     394       0.4844
     395       0.5121
     396       0.5218
     397       0.6086
     398       0.6182
     399       0.5525
     400       0.5238
     401       0.6240
     402       0.5209
     403       0.5497
     404       0.6346
     405       0.4977
     406       0.4933
     407       0.5782
     408       0.5334
     409       0.4415
     410       0.3896
     411       0.3615
     412       0.4696
     413       0.5366
     414       0.4331
     415       0.4336
     416       0.3686
     417       0.5625
     418       0.4768
     419       0.4344
     420       0.5941
     421       0.5159
     422       0.5588
     423       0.4860
     424       0.5893
     425       0.5876
     426       0.6059
     427       0.6321
     428       0.5177
     429       0.3428
     430       0.4275
     431       0.4328
     432       0.5907
     433       0.5800
     434       0.4888
     435       0.6742
     436       0.5096
     437       0.4143
     438       0.4526
     439       0.5618
     440       0.6154
     441       0.4734
     442       0.6318
     443       0.5482
     444       0.4330
     445       0.4448
     446       0.4554
     447       0.5430
     448       0.3242
     449       0.4105
     450       0.5909
     451       0.3999
     452       0.5208
     453       0.6521
     454       0.6008
     455       0.5994
     456       0.5240
     457       0.6066
     458       0.5044
     459       0.5931
     460       0.4743
     461       0.6351
     462       0.6252
     463       0.4546
     464       0.6162
     465       0.5161
     466       0.5417
     467       0.6221
     468       0.6308
     469       0.5992
     470       0.6388
     471       0.6246
     472       0.5814
     473       0.6105
     474       0.6036
     475       0.7041
     476       0.4965
     477       0.5146
     478       0.6681
     479       0.4770
     480       0.5260
     481       0.6334
     482       0.5904
     483       0.3858
     484       0.6205
     485       0.4857
     486       0.3905
     487       0.6617
     488       0.6039
     489       0.4558
     490       0.6027
     491       0.6396
     492       0.4979
     493       0.5461
     494       0.4629
     495       0.6231
     496       0.5536
     497       0.4685
     498       0.4457
     499       0.6310
     500       0.6206
     501       0.6620
     502       0.5256
     503       0.5032
     504       0.6300
     505       0.6586
     506       0.6442
     507       0.7053
     508       0.7545
     509       0.6530
     510       0.4749
     511       0.6725
     512       0.7153
     513       0.8572
     514       0.6422
     515       0.6146
     516       0.7033
     517       0.5980
     518       0.5349
     519       0.5219
     520       0.5525
     521       0.5212
     522       0.5767
     523       0.5111
     524       0.5217
     525       0.6336
     526       0.5242
     527       0.5366
     528       0.4975
     529       0.5910
     530       0.6127
     531       0.6448
     532       0.6405
     533       0.6896
     534       0.6879
     535       0.7614
     536       0.6269
     537       0.6133
     538       0.6529
     539       0.5441
     540       0.5909
     541       0.6556
     542       0.7229
     543       0.5533
     544       0.4784
     545       0.5516
     546       0.5114
     547       0.4734
     548       0.6012
     549       0.5720
     550       0.6045
     551       0.5443
     552       0.6404
     553       0.6342
     554       0.6909
     555       0.6164
     556       0.6131
     557       0.5988
     558       0.5197
     559       0.4996
     560       0.4673
     561       0.5698
     562       0.5803
     563       0.5598
     564       0.5731
     565       0.5214
     566       0.6353
     567       0.4583
     568       0.6175
     569       0.6369
     570       0.5258
     571       0.5386
     572       0.5746
     573       0.5465
     574       0.5248
     575       0.4766
     576       0.4656
     577       0.4644
     578       0.4738
     579       0.5273
     580       0.6220
     581       0.4513
     582       0.5409
     583       0.5169
     584       0.5475
     585       0.5676
     586       0.5210
     587       0.6238
     588       0.7071
     589       0.6255
     590       0.6452
     591       0.4487
     592       0.6006
     593       0.6009
     594       0.6867
     595       0.7600
     596       0.7781
     597       0.6991
     598       0.5829
     599       0.5323
     600       0.5694
     601       0.6591
     602       0.7227
     603       0.6710
     604       0.7363
     605       0.6187
     606       0.6983
     607       0.6373
     608       0.5567
     609       0.6666
     610       0.6515
     611       0.6132
     612       0.5796
     613       0.5291
     614       0.7362
     615       0.6955
     616       0.7147
     617       0.6785
     618       0.7108
     619       0.8159
     620       0.6613
     621       0.6357
     622       0.6175
     623       0.8492
     624       0.7946
     625       0.6607
     626       0.7491
     627       0.6698
     628       0.5789
     629       0.5833
     630       0.5912
     631       0.5716
     632       0.5180
     633       0.5097
     634       0.5591
     635       0.6345
     636       0.6178
     637       0.7617
     638       0.8725
     639       0.7753
     640       0.7399
     641       0.6378
     642       0.5762
     643       0.6842
     644       0.6526
     645       0.7330
     646       0.7178
     647       0.6122
     648       0.7714
     649       0.7037
     650       0.7030
     651       0.7403
     652       0.6934
     653       0.6537
     654       0.6789
     655       0.4759
     656       0.4111
     657       0.5390
     658       0.4393
     659       0.5048
     660       0.3508
     661       0.4348
     662       0.3490
     663       0.5235
     664       0.5129
     665       0.5298
     666       0.4698
     667       0.5200
     668       0.4936
     669       0.5230
     670       0.4428
     671       0.5374
     672       0.5477
     673       0.4985
     674       0.4607
     675       0.5225
     676       0.6170
     677       0.5896
     678       0.5803
     679       0.6321
     680       0.6100
     681       0.5206
     682       0.5985
     683       0.6018
     684       0.6212
     685       0.6948
     686       0.6530
     687       0.5806
     688       0.5426
     689       0.5888
     690       0.4963
     691       0.4337
     692       0.5324
     693       0.5293
     694       0.5807
     695       0.6350
     696       0.5429
     697       0.5384
     698       0.5280
     699       0.6402
     700       0.5158
     701       0.5558
     702       0.5300
     703       0.4598
     704       0.4668
     705       0.5570
     706       0.5874
     707       0.5225
     708       0.5039
     709       0.5213
     710       0.4435
     711       0.5386
     712       0.5509
     713       0.4633
     714       0.5383
     715       0.5025
     716       0.6061
     717       0.5530
     718       0.5736
     719       0.4990
     720       0.5117
     721       0.5697
     722       0.5098
     723       0.4902
     724       0.5220
     725       0.4181
     726       0.4391
     727       0.5197
     728       0.4941
     729       0.5382
     730       0.5189
     731       0.5354
     732       0.5752
     733       0.4549
     734       0.6341
     735       0.5531
     736       0.4205
     737       0.5299
     738       0.5481
     739       0.5200
     740       0.5651
     741       0.5504
     742       0.5842
     743       0.4917
     744       0.4619
     745       0.6105
     746       0.4671
     747       0.5473
     748       0.5134
     749       0.5495
     750       0.6016
     751       0.7482
     752       0.7899
     753       0.7064
     754       0.7890
     755       0.6636
     756       0.7302
     757       0.6709
     758       0.8122
     759       0.7574
     760       0.6700
     761       0.6397
     762       0.6316
     763       0.6435
     764       0.7151
     765       0.7233
     766       0.6456
     767       0.5905
     768       0.6011
     769       0.4858
     770       0.4587
     771       0.4452
     772       0.4278
     773       0.4656
     774       0.5237
     775       0.4574
     776       0.5858
     777       0.6739
     778       0.5075
     779       0.5513
     780       0.5014
     781       0.3573
     782       0.4719
     783       0.4411
     784       0.5070
     785       0.4676
     786       0.4813
     787       0.6282
     788       0.4929
     789       0.6109
     790       0.5286
     791       0.6019
     792       0.5682
     793       0.5643
     794       0.6076
     795       0.5723
     796       0.5276
     797       0.5748
     798       0.5096
     799       0.4833
     800       0.5937
     801       0.5522
     802       0.5558
     803       0.5021
     804       0.5473
     805       0.6079
     806       0.5614
     807       0.5647
     808       0.4630
     809       0.4741
     810       0.5013
     811       0.5163
     812       0.4322
     813       0.4366
     814       0.4948
     815       0.5936
     816       0.5757
     817       0.4513
     818       0.4505
     819       0.3853
     820       0.5464
     821       0.4678
     822       0.5035
     823       0.5516
     824       0.4942
     825       0.5526
     826       0.4798
     827       0.5072
     828       0.5120
     829       0.5500
     830       0.4968
     831       0.5923
     832       0.4913
     833       0.5244
     834       0.4189
     835       0.4441
     836       0.4636
     837       0.3645
     838       0.4232
     839       0.4440
     840       0.5272
     841       0.4586
     842       0.6684
     843       0.5549
     844       0.5562
     845       0.4557
     846       0.5052
     847       0.5057
     848       0.4753
     849       0.4287
     850       0.5027
     851       0.4827
     852       0.5295
     853       0.4851
     854       0.5428
     855       0.4261
     856       0.4391
     857       0.3423
     858       0.3360
     859       0.4450
     860       0.5910
     861       0.4953
     862       0.5563
     863       0.5492
     864       0.5924
     865       0.5291
     866       0.5360
     867       0.5259
     868       0.5118
     869       0.5427
     870       0.5211
     871       0.5029
     872       0.4523
     873       0.5326
     874       0.6087
     875       0.5689
     876       0.5163
     877       0.5033
     878       0.4850
     879       0.4844
     880       0.4962
     881       0.5064
     882       0.4980
     883       0.5823
     884       0.4512
     885       0.4883
     886       0.4138
     887       0.3480
     888       0.5051
     889       0.6838
     890       0.7033
     891       0.6921
     892       0.6102
     893       0.5477
     894       0.5555
     895       0.5661
     896       0.5838
     897       0.6766
     898       0.5886
     899       0.5757
     900       0.6013
     901       0.6213
     902       0.4668
     903       0.5017
     904       0.5941
     905       0.6537
     906       0.5721
     907       0.6169
     908       0.5057
     909       0.6308
     910       0.6704
     911       0.7526
     912       0.7754
     913       0.7126
     914       0.7503
     915       0.6644
     916       0.5880
     917       0.5898
     918       0.5983
     919       0.7285
     920       0.6023
     921       0.5854
     922       0.6106
     923       0.5673
     924       0.6441
     925       0.4763
     926       0.4560
     927       0.5104
     928       0.4239
     929       0.5737
     930       0.4843
     931       0.5687
     932       0.5885
     933       0.7388
     934       0.6821
     935       0.6169
     936       0.7859
     937       0.6815
     938       0.6342
     939       0.6788
     940       0.5296
     941       0.5577
     942       0.7153
     943       0.8241
     944       0.7142
     945       0.4883
     946       0.6277
     947       0.5640
     948       0.5575
     949       0.5098
     950       0.5663
     951       0.4562
     952       0.4585
     953       0.4914
     954       0.4804
     955       0.5426
     956       0.5706
     957       0.6626
     958       0.6325
     959       0.5852
     960       0.6368
     961       0.6595
     962       0.6334
     963       0.5565
     964       0.5662
     965       0.5562
     966       0.5395
     967       0.5133
     968       0.5736
     969       0.6645
     970       0.5612
     971       0.7404
     972       0.6218
     973       0.6413
     974       0.6896
     975       0.6213
     976       0.6750
     977       0.6230
     978       0.5366
     979       0.5578
     980       0.4762
     981       0.6639
     982       0.6818
     983       0.6754
     984       0.5924
     985       0.4887
     986       0.5283
     987       0.6073
     988       0.6460
     989       0.5832
     990       0.6355
     991       0.6835
     992       0.6741
     993       0.7514
     994       0.7370
     995       0.5877
     996       0.5753
     997       0.6717
     998       0.7013
     999       0.6229
    1000       0.5631
