#Frame        fadcore
       1       0.0000
       2       0.2977
       3       0.4413
       4       0.3526
       5       0.4284
       6       0.5271
       7       0.4333
       8       0.5263
       9       0.6328
      10       0.5975
      11       0.5357
      12       0.5427
      13       0.5670
      14       0.6316
      15       0.5883
      16       0.5717
      17       0.5943
      18       0.5333
      19       0.6300
      20       0.6129
      21       0.5977
      22       0.5530
      23       0.5629
      24       0.4990
      25       0.5319
      26       0.5236
      27       0.5365
      28       0.5618
      29       0.6676
      30       0.5329
      31       0.6312
      32       0.5138
      33       0.5663
      34       0.4717
      35       0.5351
      36       0.4777
      37       0.5986
      38       0.5026
      39       0.4795
      40       0.5229
      41       0.4160
      42       0.6159
      43       0.5581
      44       0.5775
      45       0.6163
      46       0.7182
      47       0.6592
      48       0.5663
      49       0.6579
      50       0.5669
      51       0.6231
      52       0.6211
      53       0.4266
      54       0.4008
      55       0.3626
      56       0.5123
      57       0.3780
      58       0.5383
      59       0.5302
      60       0.4551
      61       0.4858
      62       0.4073
      63       0.3887
      64       0.3378
      65       0.3631
      66       0.4148
      67       0.4929
      68       0.5142
      69       0.3835
      70       0.3511
      71       0.3827
      72       0.4563
      73       0.2861
      74       0.5247
      75       0.3569
      76       0.4944
      77       0.4098
      78       0.4969
      79       0.3798
      80       0.3651
      81       0.3901
      82       0.3352
      83       0.4078
      84       0.3292
      85       0.3452
      86       0.5694
      87       0.4093
      88       0.3105
      89       0.4044
      90       0.2653
      91       0.3873
      92       0.3853
      93       0.2688
      94       0.3233
      95       0.2418
      96       0.3009
      97       0.4130
      98       0.3907
      99       0.4312
     100       0.3794
     101       0.3940
     102       0.3892
     103       0.4635
     104       0.4911
     105       0.3662
     106       0.4159
     107       0.4482
     108       0.3828
     109       0.3964
     110       0.5031
     111       0.4684
     112       0.4069
     113       0.4446
     114       0.5144
     115       0.4834
     116       0.4285
     117       0.4011
     118       0.5934
     119       0.3743
     120       0.4473
     121       0.4158
     122       0.4289
     123       0.5385
     124       0.4202
     125       0.5318
     126       0.5092
     127       0.3777
     128       0.4792
     129       0.4369
     130       0.4316
     131       0.5073
     132       0.5115
     133       0.5327
     134       0.4562
     135       0.4517
     136       0.4456
     137       0.5171
     138       0.4416
     139       0.4368
     140       0.6066
     141       0.4441
     142       0.4314
     143       0.3610
     144       0.5553
     145       0.4307
     146       0.5878
     147       0.6042
     148       0.5692
     149       0.4846
     150       0.5090
     151       0.6458
     152       0.4918
     153       0.5777
     154       0.5075
     155       0.7126
     156       0.5658
     157       0.6042
     158       0.5092
     159       0.5283
     160       0.4379
     161       0.4957
     162       0.4148
     163       0.5056
     164       0.5144
     165       0.5656
     166       0.5655
     167       0.5097
     168       0.5060
     169       0.6256
     170       0.5721
     171       0.6850
     172       0.5131
     173       0.5191
     174       0.4080
     175       0.5336
     176       0.4694
     177       0.4155
     178       0.5424
     179       0.4717
     180       0.4990
     181       0.4160
     182       0.4266
     183       0.3751
     184       0.4844
     185       0.4622
     186       0.4808
     187       0.3373
     188       0.3230
     189       0.3699
     190       0.4834
     191       0.4542
     192       0.4119
     193       0.4819
     194       0.5293
     195       0.5339
     196       0.5143
     197       0.3125
     198       0.4213
     199       0.5086
     200       0.6050
     201       0.6287
     202       0.5675
     203       0.6117
     204       0.6852
     205       0.6254
     206       0.4236
     207       0.3810
     208       0.5573
     209       0.5750
     210       0.4867
     211       0.4730
     212       0.5336
     213       0.5064
     214       0.4970
     215       0.4983
     216       0.5878
     217       0.4807
     218       0.3557
     219       0.3833
     220       0.5074
     221       0.4693
     222       0.4246
     223       0.4014
     224       0.2900
     225       0.5040
     226       0.5102
     227       0.5066
     228       0.4941
     229       0.3986
     230       0.3196
     231       0.5205
     232       0.4752
     233       0.5635
     234       0.5130
     235       0.4690
     236       0.5156
     237       0.4197
     238       0.3878
     239       0.4315
     240       0.4674
     241       0.5351
     242       0.4809
     243       0.4540
     244       0.5610
     245       0.4311
     246       0.4919
     247       0.4776
     248       0.5344
     249       0.4693
     250       0.5243
     251       0.4565
     252       0.4786
     253       0.5050
     254       0.4941
     255       0.5902
     256       0.4034
     257       0.5589
     258       0.5594
     259       0.4267
     260       0.4802
     261       0.4346
     262       0.3876
     263       0.4556
     264       0.4701
     265       0.4665
     266       0.4276
     267       0.3725
     268       0.5537
     269       0.6603
     270       0.5354
     271       0.5561
     272       0.4956
     273       0.4293
     274       0.4582
     275       0.4462
     276       0.3932
     277       0.4500
     278       0.5484
     279       0.3687
     280       0.5503
     281       0.5150
     282       0.5952
     283       0.5976
     284       0.6892
     285       0.6324
     286       0.6104
     287       0.6323
     288       0.5120
     289       0.4445
     290       0.5153
     291       0.4353
     292       0.4579
     293       0.5037
     294       0.4726
     295       0.5131
     296       0.5422
     297       0.5056
     298       0.5688
     299       0.5816
     300       0.6207
     301       0.5974
     302       0.6819
     303       0.5978
     304       0.6142
     305       0.4594
     306       0.5561
     307       0.5008
     308       0.4146
     309       0.5315
     310       0.4409
     311       0.5356
     312       0.5512
     313       0.4343
     314       0.5290
     315       0.5756
     316       0.5618
     317       0.4133
     318       0.4279
     319       0.5387
     320       0.6325
     321       0.5877
     322       0.5660
     323       0.5331
     324       0.4929
     325       0.4830
     326       0.4964
     327       0.4768
     328       0.5336
     329       0.4259
     330       0.5699
     331       0.5347
     332       0.5620
     333       0.5860
     334       0.5330
     335       0.6123
     336       0.5311
     337       0.3991
     338       0.4199
     339       0.4411
     340       0.3854
     341       0.3858
     342       0.3843
     343       0.4955
     344       0.4589
     345       0.5245
     346       0.4474
     347       0.3757
     348       0.6285
     349       0.7186
     350       0.5948
     351       0.4708
     352       0.5419
     353       0.5239
     354       0.2733
     355       0.3552
     356       0.4188
     357       0.3895
     358       0.5288
     359       0.5418
     360       0.5804
     361       0.5109
     362       0.4279
     363       0.4767
     364       0.4472
     365       0.3930
     366       0.4261
     367       0.4393
     368       0.5151
     369       0.4212
     370       0.5225
     371       0.6099
     372       0.5118
     373       0.6370
     374       0.5829
     375       0.6008
     376       0.4145
     377       0.4004
     378       0.3351
     379       0.4491
     380       0.4555
     381       0.4075
     382       0.3557
     383       0.4944
     384       0.4488
     385       0.4844
     386       0.4213
     387       0.4621
     388       0.5183
     389       0.4798
     390       0.5516
     391       0.4630
     392       0.4649
     393       0.4602
     394       0.4739
     395       0.4916
     396       0.4836
     397       0.5753
     398       0.5977
     399       0.5219
     400       0.4894
     401       0.5913
     402       0.4847
     403       0.5074
     404       0.5972
     405       0.4639
     406       0.4618
     407       0.5480
     408       0.4868
     409       0.3979
     410       0.3512
     411       0.3316
     412       0.4430
     413       0.5029
     414       0.4047
     415       0.4168
     416       0.3472
     417       0.5442
     418       0.4639
     419       0.4167
     420       0.5836
     421       0.5123
     422       0.5550
     423       0.4826
     424       0.5777
     425       0.5700
     426       0.5939
     427       0.6166
     428       0.5174
     429       0.3429
     430       0.4261
     431       0.4268
     432       0.5904
     433       0.5732
     434       0.4769
     435       0.6666
     436       0.4984
     437       0.4058
     438       0.4526
     439       0.5539
     440       0.6130
     441       0.4682
     442       0.6298
     443       0.5385
     444       0.4071
     445       0.4318
     446       0.4380
     447       0.5252
     448       0.2988
     449       0.3957
     450       0.5707
     451       0.3896
     452       0.4990
     453       0.6287
     454       0.5791
     455       0.5778
     456       0.4995
     457       0.5776
     458       0.4560
     459       0.5587
     460       0.4359
     461       0.6034
     462       0.5930
     463       0.4151
     464       0.5868
     465       0.4898
     466       0.5015
     467       0.5919
     468       0.6032
     469       0.5636
     470       0.6046
     471       0.5992
     472       0.5532
     473       0.5782
     474       0.5755
     475       0.6765
     476       0.4651
     477       0.4933
     478       0.6507
     479       0.4441
     480       0.5040
     481       0.6143
     482       0.5686
     483       0.3586
     484       0.6025
     485       0.4760
     486       0.3651
     487       0.6459
     488       0.5757
     489       0.4239
     490       0.5733
     491       0.6048
     492       0.4679
     493       0.5231
     494       0.4290
     495       0.6088
     496       0.5439
     497       0.4330
     498       0.4247
     499       0.6110
     500       0.5937
     501       0.6423
     502       0.4990
     503       0.4683
     504       0.5914
     505       0.6242
     506       0.6187
     507       0.6783
     508       0.7351
     509       0.6162
     510       0.4376
     511       0.6410
     512       0.6845
     513       0.8234
     514       0.5943
     515       0.5697
     516       0.6625
     517       0.5643
     518       0.5009
     519       0.4942
     520       0.5296
     521       0.4883
     522       0.5431
     523       0.4754
     524       0.4891
     525       0.6132
     526       0.5023
     527       0.5110
     528       0.4671
     529       0.5544
     530       0.5750
     531       0.6031
     532       0.6003
     533       0.6502
     534       0.6467
     535       0.7308
     536       0.5848
     537       0.5784
     538       0.6191
     539       0.5045
     540       0.5459
     541       0.6178
     542       0.7041
     543       0.5281
     544       0.4418
     545       0.5256
     546       0.4919
     547       0.4363
     548       0.5718
     549       0.5387
     550       0.5776
     551       0.5080
     552       0.6135
     553       0.6219
     554       0.6683
     555       0.5965
     556       0.5907
     557       0.5686
     558       0.4828
     559       0.4534
     560       0.4278
     561       0.5334
     562       0.5534
     563       0.5224
     564       0.5427
     565       0.4963
     566       0.6109
     567       0.4372
     568       0.6004
     569       0.6177
     570       0.5106
     571       0.5133
     572       0.5476
     573       0.5262
     574       0.5021
     575       0.4371
     576       0.4280
     577       0.4335
     578       0.4245
     579       0.4957
     580       0.5933
     581       0.4044
     582       0.5064
     583       0.4739
     584       0.5117
     585       0.5396
     586       0.4754
     587       0.5817
     588       0.6723
     589       0.5852
     590       0.6090
     591       0.4070
     592       0.5613
     593       0.5536
     594       0.6451
     595       0.7187
     596       0.7342
     597       0.6513
     598       0.5421
     599       0.4911
     600       0.5377
     601       0.6174
     602       0.6865
     603       0.6378
     604       0.7003
     605       0.5844
     606       0.6630
     607       0.5990
     608       0.5132
     609       0.6275
     610       0.6119
     611       0.5802
     612       0.5434
     613       0.4983
     614       0.7034
     615       0.6547
     616       0.6819
     617       0.6409
     618       0.6675
     619       0.7766
     620       0.6215
     621       0.5995
     622       0.5819
     623       0.8155
     624       0.7589
     625       0.6240
     626       0.7141
     627       0.6347
     628       0.5323
     629       0.5443
     630       0.5549
     631       0.5403
     632       0.4839
     633       0.4821
     634       0.5362
     635       0.6169
     636       0.5985
     637       0.7295
     638       0.8470
     639       0.7579
     640       0.7115
     641       0.5991
     642       0.5425
     643       0.6570
     644       0.6257
     645       0.7053
     646       0.6842
     647       0.5768
     648       0.7362
     649       0.6601
     650       0.6654
     651       0.7095
     652       0.6621
     653       0.6237
     654       0.6500
     655       0.4353
     656       0.3839
     657       0.5120
     658       0.4066
     659       0.4869
     660       0.3282
     661       0.4184
     662       0.3376
     663       0.5006
     664       0.4828
     665       0.4994
     666       0.4365
     667       0.4732
     668       0.4590
     669       0.4857
     670       0.3990
     671       0.5002
     672       0.5228
     673       0.4579
     674       0.4432
     675       0.4903
     676       0.5866
     677       0.5490
     678       0.5496
     679       0.5950
     680       0.5783
     681       0.4770
     682       0.5599
     683       0.5534
     684       0.5839
     685       0.6593
     686       0.6053
     687       0.5389
     688       0.4982
     689       0.5501
     690       0.4580
     691       0.3993
     692       0.4843
     693       0.4874
     694       0.5371
     695       0.6010
     696       0.5029
     697       0.5010
     698       0.4932
     699       0.6142
     700       0.4771
     701       0.5129
     702       0.4922
     703       0.4200
     704       0.4340
     705       0.5214
     706       0.5556
     707       0.4992
     708       0.4752
     709       0.4865
     710       0.4069
     711       0.4996
     712       0.5207
     713       0.4417
     714       0.5121
     715       0.4735
     716       0.5745
     717       0.5063
     718       0.5405
     719       0.4747
     720       0.4804
     721       0.5409
     722       0.4820
     723       0.4529
     724       0.4856
     725       0.3965
     726       0.4143
     727       0.4900
     728       0.4660
     729       0.5185
     730       0.4952
     731       0.5215
     732       0.5524
     733       0.4257
     734       0.6070
     735       0.5299
     736       0.3944
     737       0.5106
     738       0.5295
     739       0.4999
     740       0.5387
     741       0.5315
     742       0.5558
     743       0.4669
     744       0.4426
     745       0.5898
     746       0.4387
     747       0.5251
     748       0.4895
     749       0.5280
     750       0.5826
     751       0.7305
     752       0.7678
     753       0.6836
     754       0.7675
     755       0.6343
     756       0.6998
     757       0.6395
     758       0.7910
     759       0.7327
     760       0.6419
     761       0.6078
     762       0.6017
     763       0.6131
     764       0.6904
     765       0.6944
     766       0.6287
     767       0.5658
     768       0.5783
     769       0.4673
     770       0.4462
     771       0.4399
     772       0.4131
     773       0.4523
     774       0.5083
     775       0.4455
     776       0.5707
     777       0.6603
     778       0.4977
     779       0.5377
     780       0.4791
     781       0.3474
     782       0.4536
     783       0.4200
     784       0.4907
     785       0.4423
     786       0.4609
     787       0.6119
     788       0.4640
     789       0.5889
     790       0.4887
     791       0.5732
     792       0.5386
     793       0.5310
     794       0.5704
     795       0.5376
     796       0.4906
     797       0.5480
     798       0.4940
     799       0.4647
     800       0.5598
     801       0.5235
     802       0.5260
     803       0.4715
     804       0.5208
     805       0.5810
     806       0.5322
     807       0.5380
     808       0.4404
     809       0.4442
     810       0.4724
     811       0.4880
     812       0.4076
     813       0.4165
     814       0.4724
     815       0.5773
     816       0.5603
     817       0.4338
     818       0.4390
     819       0.3643
     820       0.5225
     821       0.4485
     822       0.4923
     823       0.5319
     824       0.4662
     825       0.5269
     826       0.4600
     827       0.4874
     828       0.4827
     829       0.5200
     830       0.4755
     831       0.5720
     832       0.4762
     833       0.5125
     834       0.4067
     835       0.4303
     836       0.4569
     837       0.3742
     838       0.4307
     839       0.4458
     840       0.5175
     841       0.4454
     842       0.6621
     843       0.5418
     844       0.5420
     845       0.4485
     846       0.4802
     847       0.4974
     848       0.4587
     849       0.4062
     850       0.4832
     851       0.4603
     852       0.5040
     853       0.4465
     854       0.5185
     855       0.4093
     856       0.4226
     857       0.3216
     858       0.3204
     859       0.4168
     860       0.5648
     861       0.4654
     862       0.5297
     863       0.5068
     864       0.5484
     865       0.4893
     866       0.5099
     867       0.4837
     868       0.4725
     869       0.5018
     870       0.4852
     871       0.4720
     872       0.4273
     873       0.5010
     874       0.5771
     875       0.5436
     876       0.4856
     877       0.4644
     878       0.4547
     879       0.4506
     880       0.4640
     881       0.4746
     882       0.4629
     883       0.5484
     884       0.4181
     885       0.4544
     886       0.3852
     887       0.3085
     888       0.4735
     889       0.6665
     890       0.6773
     891       0.6639
     892       0.5793
     893       0.5074
     894       0.5171
     895       0.5213
     896       0.5444
     897       0.6477
     898       0.5628
     899       0.5385
     900       0.5679
     901       0.5858
     902       0.4311
     903       0.4775
     904       0.5607
     905       0.6224
     906       0.5428
     907       0.5924
     908       0.4829
     909       0.6165
     910       0.6500
     911       0.7234
     912       0.7555
     913       0.6869
     914       0.7387
     915       0.6435
     916       0.5583
     917       0.5646
     918       0.5740
     919       0.7060
     920       0.5624
     921       0.5498
     922       0.5754
     923       0.5354
     924       0.6210
     925       0.4511
     926       0.4283
     927       0.4948
     928       0.3984
     929       0.5634
     930       0.4766
     931       0.5523
     932       0.5632
     933       0.7210
     934       0.6697
     935       0.5879
     936       0.7621
     937       0.6451
     938       0.6060
     939       0.6481
     940       0.5017
     941       0.5286
     942       0.6950
     943       0.8047
     944       0.6951
     945       0.4651
     946       0.6099
     947       0.5488
     948       0.5376
     949       0.4922
     950       0.5409
     951       0.4269
     952       0.4342
     953       0.4641
     954       0.4428
     955       0.5130
     956       0.5435
     957       0.6363
     958       0.6033
     959       0.5632
     960       0.6114
     961       0.6344
     962       0.6089
     963       0.5277
     964       0.5392
     965       0.5388
     966       0.5161
     967       0.4942
     968       0.5499
     969       0.6401
     970       0.5443
     971       0.7216
     972       0.6033
     973       0.6181
     974       0.6595
     975       0.5941
     976       0.6388
     977       0.5956
     978       0.5016
     979       0.5337
     980       0.4530
     981       0.6417
     982       0.6602
     983       0.6497
     984       0.5638
     985       0.4614
     986       0.5100
     987       0.5794
     988       0.6217
     989       0.5744
     990       0.6378
     991       0.6650
     992       0.6583
     993       0.7229
     994       0.7062
     995       0.5619
     996       0.5409
     997       0.6428
     998       0.6765
     999       0.5985
    1000       0.5434
