#Frame        ligcore
       1       0.0000
       2       0.9040
       3       1.3676
       4       1.6021
       5       0.9973
       6       1.4936
       7       1.1872
       8       1.5104
       9       1.4182
      10       1.3464
      11       1.4203
      12       1.4749
      13       1.9863
      14       1.4816
      15       1.5595
      16       1.3010
      17       1.5220
      18       1.2140
      19       1.3308
      20       1.6992
      21       1.3062
      22       1.1550
      23       1.4067
      24       1.4663
      25       1.0531
      26       1.3133
      27       1.5489
      28       1.9412
      29       1.5582
      30       1.0010
      31       1.2003
      32       1.6672
      33       1.3363
      34       1.8635
      35       1.2740
      36       1.5831
      37       1.6820
      38       1.7159
      39       1.9077
      40       1.4226
      41       1.3384
      42       1.5938
      43       1.2728
      44       1.7407
      45       2.3534
      46       1.7754
      47       1.7738
      48       1.9015
      49       1.4998
      50       1.8273
      51       1.7093
      52       1.6760
      53       1.2112
      54       1.8643
      55       1.7887
      56       1.7151
      57       1.4205
      58       1.2640
      59       1.0021
      60       1.6360
      61       1.5512
      62       1.3370
      63       1.7347
      64       1.3471
      65       1.5187
      66       1.3385
      67       1.0746
      68       1.0691
      69       1.4668
      70       1.2161
      71       1.4453
      72       1.1257
      73       1.2001
      74       1.0319
      75       1.5923
      76       2.0635
      77       1.7239
      78       1.3663
      79       1.9217
      80       1.6353
      81       1.0498
      82       1.0195
      83       1.2487
      84       1.4973
      85       1.4963
      86       1.5719
      87       0.9987
      88       1.0731
      89       1.1681
      90       1.1308
      91       1.3534
      92       1.2221
      93       1.9474
      94       1.3360
      95       1.2135
      96       1.4775
      97       1.3449
      98       1.3493
      99       1.1638
     100       1.1287
     101       1.1763
     102       1.0231
     103       1.2081
     104       1.2605
     105       0.9819
     106       1.2346
     107       1.2320
     108       1.1946
     109       1.0974
     110       1.7007
     111       1.3961
     112       1.6145
     113       1.8398
     114       1.5131
     115       1.5841
     116       1.4456
     117       1.7357
     118       1.3280
     119       1.2774
     120       1.5026
     121       1.5726
     122       1.3464
     123       1.4049
     124       1.5554
     125       1.8628
     126       1.3584
     127       1.6294
     128       1.6766
     129       1.7786
     130       1.8238
     131       1.5281
     132       1.3894
     133       1.9022
     134       1.5339
     135       1.5868
     136       1.5857
     137       1.6570
     138       1.6871
     139       2.1858
     140       1.9392
     141       1.7669
     142       1.7019
     143       1.5700
     144       1.3832
     145       1.3798
     146       1.7045
     147       1.6101
     148       1.6487
     149       1.5928
     150       1.8423
     151       1.3484
     152       1.5032
     153       1.3932
     154       1.2310
     155       1.7117
     156       1.7927
     157       1.4078
     158       1.6964
     159       1.6079
     160       1.4723
     161       1.6270
     162       1.1983
     163       1.4752
     164       1.6803
     165       1.6123
     166       1.5608
     167       1.2915
     168       1.4479
     169       1.1902
     170       1.4977
     171       1.5885
     172       1.6266
     173       1.6929
     174       1.5845
     175       1.8007
     176       1.7323
     177       1.7665
     178       1.9857
     179       1.5370
     180       1.4723
     181       1.5502
     182       1.8976
     183       1.6995
     184       1.8020
     185       1.3537
     186       1.4926
     187       1.5365
     188       2.1531
     189       2.7674
     190       2.9028
     191       2.1213
     192       3.2862
     193       3.5392
     194       2.6515
     195       2.5836
     196       2.0250
     197       1.5238
     198       1.2563
     199       1.1919
     200       1.4796
     201       1.5519
     202       1.3748
     203       1.6544
     204       1.9153
     205       1.3254
     206       1.1015
     207       0.8692
     208       1.2733
     209       1.3349
     210       1.6204
     211       1.4363
     212       1.7212
     213       1.4662
     214       2.0332
     215       1.7216
     216       1.6842
     217       2.1880
     218       1.7471
     219       1.7553
     220       1.6064
     221       1.6296
     222       1.7451
     223       1.5795
     224       1.2372
     225       1.6669
     226       1.6046
     227       1.7094
     228       1.6775
     229       1.4666
     230       1.6818
     231       1.5872
     232       1.7624
     233       1.9259
     234       2.1767
     235       1.4711
     236       1.6024
     237       1.4341
     238       1.4217
     239       1.9639
     240       1.7572
     241       1.8731
     242       1.8558
     243       1.0445
     244       1.7189
     245       2.1576
     246       1.9312
     247       1.2793
     248       1.6538
     249       1.7302
     250       1.7562
     251       2.1920
     252       1.8126
     253       2.1181
     254       2.7367
     255       2.5536
     256       2.2306
     257       2.3822
     258       2.2103
     259       2.8225
     260       2.6698
     261       2.5181
     262       2.6607
     263       3.2506
     264       2.1981
     265       2.3411
     266       1.8615
     267       2.6185
     268       2.2607
     269       1.9711
     270       2.7387
     271       2.4097
     272       2.2460
     273       2.2757
     274       2.1383
     275       2.3786
     276       1.9862
     277       1.7399
     278       1.9567
     279       1.9228
     280       1.3242
     281       1.9907
     282       2.2095
     283       1.5901
     284       1.9257
     285       1.9182
     286       1.8781
     287       1.6168
     288       1.2358
     289       1.5199
     290       1.5558
     291       2.5070
     292       2.2381
     293       1.8672
     294       1.7847
     295       1.7479
     296       1.7972
     297       1.6029
     298       1.9546
     299       1.6382
     300       2.2111
     301       1.4731
     302       1.6864
     303       1.9006
     304       2.0128
     305       1.6599
     306       2.2695
     307       2.0285
     308       1.6175
     309       2.2309
     310       2.3066
     311       2.0319
     312       1.4654
     313       1.6456
     314       2.3023
     315       2.2696
     316       2.1061
     317       1.7420
     318       1.5169
     319       1.8142
     320       2.2828
     321       1.3372
     322       2.4610
     323       1.7831
     324       1.4938
     325       2.0676
     326       1.6659
     327       1.5112
     328       1.8381
     329       1.4869
     330       1.9516
     331       1.9273
     332       2.0119
     333       1.9898
     334       1.7725
     335       2.0820
     336       2.4289
     337       1.9166
     338       2.5579
     339       2.2434
     340       1.7552
     341       1.6607
     342       1.6824
     343       1.9811
     344       2.3442
     345       1.9609
     346       1.9482
     347       1.6723
     348       2.0634
     349       2.1382
     350       1.6577
     351       2.1057
     352       2.3893
     353       2.0311
     354       1.8194
     355       1.7202
     356       1.5386
     357       1.5592
     358       1.9442
     359       1.5828
     360       1.9147
     361       2.1445
     362       1.9303
     363       1.5869
     364       1.5225
     365       1.7731
     366       1.3869
     367       2.2284
     368       1.9655
     369       1.7461
     370       1.7570
     371       1.4746
     372       1.9359
     373       1.9767
     374       2.0331
     375       2.2557
     376       1.6447
     377       1.7483
     378       1.8351
     379       1.7471
     380       1.3527
     381       1.9363
     382       1.5717
     383       2.1178
     384       2.6368
     385       1.4282
     386       1.5019
     387       1.5671
     388       1.9423
     389       1.9900
     390       2.4816
     391       1.6495
     392       1.9339
     393       1.5094
     394       1.8053
     395       2.3516
     396       2.4185
     397       2.3006
     398       2.3604
     399       2.2005
     400       2.4463
     401       1.8508
     402       1.8099
     403       1.2883
     404       1.7359
     405       1.8539
     406       1.9189
     407       1.6590
     408       1.8466
     409       1.8475
     410       1.6309
     411       2.1931
     412       2.1508
     413       1.8613
     414       2.2959
     415       1.9902
     416       2.7684
     417       1.8776
     418       2.3673
     419       1.5335
     420       1.6861
     421       1.8811
     422       1.8590
     423       1.6749
     424       1.8903
     425       1.7972
     426       2.6128
     427       1.9056
     428       1.7262
     429       1.5525
     430       1.9240
     431       2.1653
     432       1.6547
     433       1.3242
     434       1.8458
     435       2.1490
     436       1.8023
     437       2.1547
     438       1.4716
     439       1.4238
     440       1.8631
     441       2.2278
     442       2.1452
     443       1.9318
     444       1.8814
     445       1.8544
     446       2.1306
     447       1.6298
     448       1.8836
     449       2.2771
     450       2.0661
     451       1.8305
     452       1.6163
     453       1.9220
     454       1.9060
     455       1.8284
     456       2.3261
     457       2.0527
     458       2.2145
     459       2.2751
     460       1.6868
     461       2.0067
     462       2.1062
     463       1.8088
     464       2.1596
     465       1.7311
     466       1.5836
     467       2.2531
     468       2.2693
     469       2.1676
     470       2.2722
     471       2.3541
     472       2.0349
     473       2.2857
     474       2.2418
     475       2.2954
     476       2.3394
     477       1.9344
     478       2.2620
     479       1.9466
     480       2.2605
     481       2.4131
     482       2.4123
     483       2.0054
     484       2.1654
     485       2.1002
     486       2.0048
     487       2.1735
     488       2.4212
     489       2.4760
     490       2.1558
     491       2.0040
     492       2.1453
     493       2.1614
     494       2.4138
     495       2.5331
     496       2.2599
     497       1.9732
     498       1.8649
     499       2.2991
     500       2.3913
     501       2.3478
     502       2.2546
     503       2.1489
     504       2.4809
     505       2.0049
     506       1.9440
     507       1.8971
     508       2.3773
     509       1.9828
     510       2.1917
     511       2.3502
     512       1.7378
     513       1.6935
     514       2.2393
     515       2.4646
     516       2.2258
     517       2.0352
     518       1.9331
     519       2.0618
     520       2.3865
     521       1.6634
     522       1.8494
     523       1.8438
     524       1.8810
     525       1.6135
     526       1.7992
     527       1.9726
     528       2.1625
     529       2.3517
     530       2.4154
     531       1.8083
     532       1.9391
     533       2.1325
     534       2.1824
     535       1.9985
     536       2.2803
     537       1.8494
     538       1.8666
     539       1.7556
     540       1.8331
     541       1.3856
     542       1.8413
     543       2.5542
     544       2.5796
     545       1.7360
     546       2.2069
     547       2.0411
     548       2.1994
     549       2.0171
     550       2.3764
     551       2.3189
     552       2.2402
     553       2.3513
     554       1.8404
     555       1.9815
     556       1.8850
     557       1.5596
     558       1.2385
     559       2.4208
     560       1.9819
     561       1.7166
     562       1.6790
     563       2.2203
     564       1.9924
     565       1.8511
     566       1.5619
     567       1.8107
     568       1.7092
     569       1.4643
     570       2.6573
     571       1.7571
     572       2.1615
     573       1.9717
     574       2.4683
     575       1.9217
     576       2.1090
     577       1.6002
     578       1.9553
     579       1.9111
     580       1.9389
     581       2.4510
     582       2.1020
     583       2.2661
     584       1.7035
     585       1.8549
     586       2.1390
     587       1.8830
     588       1.9047
     589       2.1230
     590       2.0348
     591       2.1742
     592       1.9826
     593       1.7407
     594       1.6431
     595       1.6147
     596       1.9296
     597       2.0137
     598       2.2106
     599       2.3250
     600       1.8953
     601       2.1890
     602       2.0143
     603       2.1583
     604       1.6805
     605       2.0470
     606       1.9085
     607       1.8446
     608       2.0580
     609       1.9215
     610       1.2814
     611       1.3847
     612       2.1837
     613       1.7919
     614       1.6372
     615       2.0891
     616       1.8340
     617       1.8033
     618       1.3833
     619       1.6993
     620       2.0383
     621       2.4759
     622       1.6517
     623       2.5852
     624       1.6415
     625       1.4783
     626       1.6838
     627       1.6504
     628       1.4155
     629       1.1782
     630       1.4347
     631       1.8107
     632       1.7726
     633       1.8784
     634       1.7487
     635       1.3220
     636       1.6638
     637       0.7475
     638       1.8338
     639       1.6344
     640       1.2104
     641       1.5740
     642       2.3238
     643       1.7904
     644       1.7254
     645       2.2951
     646       2.2321
     647       1.6404
     648       1.9761
     649       1.7103
     650       1.8997
     651       1.8199
     652       2.2948
     653       1.9738
     654       1.4611
     655       1.5271
     656       1.5418
     657       2.3944
     658       1.6232
     659       1.6371
     660       1.3259
     661       1.3792
     662       1.8283
     663       1.9395
     664       1.6347
     665       2.1360
     666       1.9009
     667       1.7791
     668       1.5654
     669       1.7286
     670       0.8378
     671       1.6614
     672       1.6398
     673       1.4356
     674       1.7190
     675       2.3582
     676       1.2387
     677       2.1313
     678       2.1634
     679       2.3054
     680       1.5158
     681       1.7426
     682       1.7498
     683       1.5044
     684       2.0289
     685       1.8279
     686       1.8838
     687       1.7244
     688       1.7898
     689       1.8671
     690       1.7202
     691       1.5589
     692       1.9526
     693       1.6667
     694       1.5980
     695       2.3458
     696       1.5428
     697       1.7685
     698       1.3248
     699       1.8114
     700       1.8307
     701       1.9870
     702       1.9657
     703       1.6945
     704       1.9409
     705       1.8067
     706       2.1304
     707       1.6349
     708       1.6849
     709       1.9975
     710       1.9639
     711       1.5603
     712       1.6926
     713       1.9190
     714       2.2203
     715       1.6893
     716       2.0105
     717       2.0954
     718       2.2274
     719       1.8298
     720       2.3154
     721       1.9280
     722       1.8362
     723       1.9340
     724       1.6167
     725       1.9180
     726       1.5628
     727       2.0233
     728       1.7946
     729       1.8696
     730       2.1119
     731       2.3005
     732       2.0600
     733       1.8791
     734       1.9372
     735       1.9609
     736       1.8985
     737       2.0055
     738       2.1726
     739       1.7965
     740       1.7872
     741       1.9750
     742       1.8351
     743       1.7754
     744       1.9732
     745       1.9137
     746       1.6140
     747       1.8189
     748       2.0077
     749       1.7449
     750       2.0113
     751       1.9902
     752       1.6068
     753       1.4188
     754       1.6963
     755       1.7739
     756       1.6750
     757       1.6010
     758       1.9742
     759       1.9214
     760       1.8564
     761       1.6407
     762       1.6820
     763       1.6461
     764       1.4226
     765       2.7042
     766       1.5953
     767       1.3769
     768       1.6004
     769       1.8051
     770       1.7184
     771       1.5095
     772       1.8687
     773       1.5128
     774       1.8051
     775       1.9148
     776       1.5030
     777       1.5583
     778       1.5495
     779       1.9476
     780       2.0885
     781       1.8662
     782       1.9925
     783       1.8136
     784       2.0589
     785       2.0765
     786       1.7171
     787       1.7530
     788       2.0306
     789       1.8798
     790       2.0086
     791       1.9503
     792       1.7046
     793       1.6135
     794       1.5497
     795       1.9286
     796       1.6478
     797       1.4068
     798       1.7867
     799       2.0062
     800       1.8015
     801       2.2396
     802       1.7572
     803       1.8264
     804       1.6198
     805       1.9881
     806       1.6363
     807       1.7985
     808       1.8780
     809       1.2423
     810       1.5664
     811       1.5293
     812       1.8344
     813       2.0623
     814       1.7563
     815       1.7959
     816       1.7795
     817       1.9169
     818       1.7513
     819       1.4768
     820       1.2492
     821       1.4894
     822       1.6955
     823       2.0203
     824       1.6970
     825       1.6010
     826       1.4607
     827       2.0153
     828       1.7934
     829       2.1469
     830       1.5494
     831       1.5695
     832       1.7795
     833       1.7074
     834       1.0451
     835       1.9903
     836       1.4714
     837       1.4634
     838       1.3969
     839       1.3672
     840       1.7809
     841       1.7642
     842       1.8043
     843       1.5710
     844       1.8121
     845       1.6747
     846       1.9378
     847       1.8039
     848       2.1798
     849       1.7487
     850       1.9745
     851       1.9993
     852       1.8188
     853       1.7764
     854       2.0439
     855       1.7405
     856       1.8665
     857       1.6459
     858       1.7579
     859       1.6011
     860       1.7718
     861       1.3904
     862       1.7826
     863       1.6120
     864       1.3820
     865       1.9867
     866       1.7344
     867       1.9490
     868       2.2046
     869       1.8073
     870       2.0338
     871       1.8161
     872       1.9155
     873       2.2972
     874       2.3307
     875       2.0966
     876       1.9452
     877       1.7758
     878       1.8784
     879       2.0422
     880       1.9913
     881       1.9538
     882       2.0679
     883       1.7056
     884       1.8168
     885       1.9794
     886       2.0486
     887       2.1038
     888       1.8327
     889       1.9226
     890       2.2064
     891       1.7494
     892       1.6661
     893       2.1947
     894       2.1105
     895       1.7441
     896       1.6203
     897       1.4530
     898       1.9970
     899       1.7852
     900       1.3675
     901       1.2309
     902       0.9602
     903       1.1963
     904       1.3021
     905       1.2774
     906       1.7779
     907       1.6486
     908       1.4416
     909       1.4424
     910       1.1505
     911       1.3600
     912       1.5113
     913       1.7153
     914       1.3911
     915       1.7184
     916       1.4862
     917       1.6728
     918       1.4419
     919       1.6573
     920       1.4663
     921       1.2893
     922       1.6517
     923       1.3870
     924       1.5131
     925       1.1599
     926       1.5274
     927       1.5772
     928       1.8586
     929       1.4251
     930       1.3778
     931       1.4741
     932       1.6682
     933       1.5947
     934       1.4497
     935       1.3608
     936       1.4819
     937       1.4392
     938       1.1491
     939       0.9245
     940       1.0176
     941       1.0980
     942       1.4548
     943       1.0083
     944       1.3734
     945       0.9226
     946       0.9464
     947       1.2255
     948       0.8028
     949       0.9408
     950       1.2639
     951       1.1539
     952       1.0349
     953       0.7509
     954       1.0101
     955       0.8986
     956       0.9864
     957       0.9916
     958       2.1355
     959       0.9366
     960       1.1263
     961       1.1704
     962       1.2635
     963       0.9385
     964       0.8669
     965       1.0932
     966       1.0281
     967       1.1667
     968       0.9775
     969       0.9074
     970       1.1122
     971       1.3134
     972       1.3815
     973       1.1641
     974       1.0401
     975       1.6843
     976       0.9868
     977       1.4360
     978       1.8289
     979       1.3122
     980       1.1799
     981       1.1345
     982       1.0434
     983       1.6714
     984       1.5822
     985       1.5367
     986       1.2535
     987       1.5835
     988       1.3398
     989       1.3022
     990       1.3003
     991       1.4580
     992       1.2441
     993       1.3565
     994       1.1810
     995       1.3237
     996       1.3518
     997       1.2002
     998       1.5169
     999       1.3889
    1000       1.1953
