#Frame        fitcore
       1       0.0000
       2       0.5550
       3       0.6398
       4       0.6517
       5       0.7325
       6       0.7633
       7       0.7167
       8       0.7279
       9       0.7735
      10       0.8122
      11       0.8078
      12       0.7860
      13       0.7767
      14       0.7567
      15       0.8819
      16       0.7916
      17       0.7955
      18       0.8119
      19       0.8880
      20       0.7999
      21       0.7989
      22       0.8319
      23       0.9618
      24       1.0485
      25       0.8869
      26       0.9812
      27       0.9855
      28       0.9343
      29       0.9511
      30       0.9559
      31       0.9424
      32       1.0337
      33       1.1104
      34       1.0559
      35       1.1240
      36       1.1548
      37       1.2236
      38       1.2249
      39       1.2270
      40       1.2884
      41       1.2937
      42       1.2803
      43       1.3099
      44       1.3254
      45       1.2571
      46       1.2411
      47       1.2317
      48       1.2143
      49       1.1718
      50       1.1743
      51       1.1928
      52       1.2568
      53       1.1648
      54       1.2505
      55       1.2023
      56       1.2983
      57       1.2842
      58       1.2489
      59       1.0993
      60       1.1896
      61       1.1503
      62       1.1817
      63       1.2658
      64       1.1525
      65       1.0642
      66       1.0798
      67       1.1189
      68       1.2534
      69       1.1663
      70       1.1171
      71       1.2185
      72       1.3347
      73       1.4049
      74       1.4393
      75       1.4801
      76       1.4889
      77       1.4327
      78       1.4013
      79       1.4495
      80       1.4066
      81       1.4225
      82       1.3641
      83       1.2622
      84       1.2124
      85       1.3602
      86       1.3508
      87       1.3068
      88       1.3616
      89       1.3481
      90       1.4608
      91       1.4932
      92       1.4145
      93       1.4426
      94       1.3509
      95       1.2763
      96       1.3133
      97       1.4190
      98       1.4354
      99       1.4238
     100       1.5185
     101       1.4011
     102       1.3760
     103       1.4346
     104       1.5048
     105       1.4522
     106       1.4550
     107       1.5513
     108       1.5856
     109       1.4974
     110       1.5035
     111       1.4074
     112       1.4336
     113       1.4792
     114       1.6104
     115       1.5493
     116       1.5501
     117       1.6180
     118       1.4840
     119       1.6211
     120       1.4738
     121       1.3179
     122       1.3514
     123       1.4142
     124       1.3854
     125       1.4064
     126       1.3135
     127       1.3835
     128       1.3805
     129       1.3905
     130       1.3353
     131       1.4041
     132       1.5026
     133       1.3609
     134       1.4220
     135       1.4753
     136       1.5005
     137       1.5381
     138       1.5553
     139       1.5404
     140       1.5127
     141       1.3800
     142       1.4501
     143       1.3746
     144       1.3201
     145       1.4878
     146       1.4462
     147       1.3799
     148       1.4678
     149       1.3888
     150       1.3696
     151       1.4993
     152       1.4849
     153       1.4881
     154       1.4899
     155       1.4546
     156       1.4011
     157       1.4753
     158       1.6095
     159       1.6695
     160       1.6140
     161       1.5454
     162       1.5961
     163       1.6575
     164       1.6635
     165       1.7196
     166       1.6691
     167       1.6813
     168       1.5614
     169       1.5991
     170       1.6845
     171       1.6711
     172       1.5710
     173       1.6626
     174       1.6936
     175       1.7008
     176       1.6017
     177       1.7463
     178       1.7810
     179       1.8299
     180       1.8627
     181       1.8425
     182       1.7785
     183       1.7042
     184       1.6937
     185       1.6644
     186       1.6482
     187       1.6843
     188       1.5943
     189       1.7377
     190       1.7403
     191       1.6942
     192       1.7750
     193       1.7588
     194       1.7586
     195       1.7667
     196       1.6618
     197       1.6634
     198       1.7028
     199       1.6285
     200       1.6431
     201       1.6515
     202       1.6469
     203       1.7195
     204       1.6453
     205       1.6228
     206       1.7000
     207       1.6623
     208       1.8036
     209       1.7732
     210       1.6908
     211       1.7815
     212       1.8493
     213       1.8906
     214       1.9220
     215       1.9575
     216       1.9732
     217       1.9747
     218       1.9039
     219       1.9423
     220       2.0604
     221       1.9584
     222       1.8648
     223       1.9779
     224       1.9194
     225       1.8649
     226       1.8102
     227       1.7502
     228       1.7178
     229       1.5837
     230       1.6996
     231       1.6459
     232       1.6580
     233       1.7278
     234       1.6050
     235       1.6684
     236       1.7366
     237       1.6761
     238       1.6159
     239       1.7378
     240       1.7536
     241       1.6866
     242       1.5506
     243       1.5689
     244       1.5783
     245       1.7779
     246       1.7471
     247       1.7159
     248       1.6313
     249       1.7364
     250       1.7958
     251       1.7719
     252       1.7438
     253       1.7964
     254       1.8568
     255       1.8302
     256       1.7576
     257       1.6716
     258       1.7098
     259       1.7209
     260       1.6976
     261       1.8384
     262       1.8262
     263       1.7827
     264       1.7544
     265       1.8074
     266       1.7769
     267       1.6836
     268       1.6382
     269       1.7119
     270       1.6950
     271       1.7302
     272       1.7798
     273       1.6939
     274       1.7500
     275       1.8432
     276       1.8300
     277       1.7890
     278       1.7577
     279       1.8170
     280       1.7363
     281       1.8475
     282       1.9118
     283       1.8681
     284       1.8276
     285       1.8911
     286       1.8766
     287       1.9227
     288       1.7707
     289       1.8419
     290       1.9934
     291       2.0382
     292       2.1145
     293       1.9783
     294       2.0439
     295       1.9779
     296       2.0237
     297       1.9899
     298       1.9088
     299       1.9706
     300       2.0265
     301       1.9441
     302       2.0389
     303       2.0085
     304       2.1295
     305       2.1088
     306       1.9842
     307       2.0522
     308       2.0872
     309       2.1127
     310       1.9673
     311       1.9616
     312       1.9323
     313       1.9454
     314       1.9364
     315       1.8244
     316       1.8889
     317       1.8209
     318       1.8050
     319       1.8190
     320       1.8968
     321       1.8644
     322       1.9067
     323       1.8781
     324       1.9338
     325       1.8778
     326       1.9033
     327       1.8890
     328       1.9953
     329       2.0305
     330       2.0615
     331       2.1070
     332       2.1426
     333       2.1083
     334       2.0750
     335       2.0705
     336       2.1667
     337       2.0835
     338       2.0814
     339       2.1060
     340       2.1822
     341       2.2874
     342       2.3062
     343       2.2378
     344       2.1762
     345       2.2430
     346       2.2032
     347       2.1490
     348       2.1855
     349       2.1918
     350       2.2261
     351       2.1908
     352       2.1976
     353       2.1061
     354       2.1786
     355       1.9971
     356       2.0954
     357       2.1139
     358       2.1410
     359       2.0137
     360       2.0407
     361       2.0445
     362       2.0588
     363       1.9195
     364       2.0707
     365       1.9328
     366       2.0137
     367       2.0053
     368       1.9409
     369       1.9142
     370       1.9402
     371       1.8955
     372       1.9920
     373       1.8793
     374       1.9277
     375       1.9449
     376       1.8950
     377       1.9252
     378       1.8948
     379       1.9367
     380       1.9713
     381       1.9186
     382       1.9199
     383       1.9231
     384       1.8813
     385       1.8606
     386       1.8146
     387       1.7869
     388       2.0840
     389       2.1491
     390       2.0958
     391       2.1100
     392       2.0319
     393       2.0329
     394       1.9224
     395       2.0637
     396       2.2529
     397       2.1495
     398       2.1024
     399       2.1122
     400       2.1612
     401       2.1424
     402       2.0665
     403       2.1599
     404       2.0706
     405       2.1104
     406       2.2061
     407       1.9890
     408       2.0009
     409       1.9878
     410       2.1062
     411       2.0878
     412       2.1188
     413       1.9537
     414       1.9151
     415       1.9355
     416       2.0843
     417       1.9869
     418       1.9909
     419       1.9916
     420       2.1035
     421       2.1849
     422       2.1409
     423       2.0962
     424       2.0342
     425       2.1597
     426       2.1064
     427       1.8982
     428       1.9772
     429       2.0072
     430       1.9428
     431       2.0515
     432       1.9254
     433       1.8335
     434       1.9366
     435       1.9004
     436       1.9927
     437       2.0421
     438       2.0836
     439       1.9348
     440       1.8785
     441       1.8376
     442       1.9145
     443       1.8859
     444       1.9334
     445       2.0833
     446       2.1035
     447       2.0065
     448       2.0615
     449       2.1422
     450       2.1128
     451       1.9985
     452       2.0187
     453       2.0787
     454       2.1393
     455       2.1481
     456       2.0449
     457       2.1266
     458       2.2594
     459       2.1759
     460       2.1517
     461       2.0713
     462       2.1404
     463       2.1486
     464       2.0929
     465       2.1605
     466       2.2966
     467       2.2012
     468       2.2247
     469       2.2343
     470       2.2129
     471       2.2600
     472       2.2261
     473       2.1357
     474       2.1187
     475       2.1899
     476       2.2630
     477       2.2997
     478       2.1748
     479       2.1503
     480       2.1520
     481       2.1899
     482       2.1634
     483       2.0861
     484       2.1115
     485       2.2185
     486       2.1011
     487       1.9938
     488       2.0020
     489       1.8790
     490       2.1020
     491       2.0755
     492       2.2942
     493       2.1766
     494       2.0682
     495       2.1657
     496       2.1699
     497       2.0913
     498       2.1246
     499       2.1265
     500       2.0978
     501       2.1413
     502       2.0607
     503       2.0759
     504       2.0755
     505       2.0228
     506       2.0848
     507       2.1553
     508       2.1793
     509       2.2019
     510       2.2696
     511       2.2583
     512       2.2278
     513       2.2498
     514       2.2890
     515       2.1913
     516       2.2443
     517       2.1224
     518       2.1402
     519       1.9234
     520       1.8408
     521       1.9010
     522       1.8779
     523       1.8982
     524       1.9390
     525       1.8949
     526       1.9876
     527       1.9138
     528       2.0114
     529       1.9280
     530       1.9481
     531       2.2126
     532       2.2690
     533       2.2044
     534       2.1048
     535       2.0673
     536       2.0250
     537       2.0806
     538       2.1025
     539       1.9942
     540       2.0406
     541       2.0371
     542       2.0205
     543       1.9836
     544       1.9633
     545       1.8370
     546       1.8275
     547       1.9663
     548       2.0758
     549       2.0460
     550       2.1326
     551       2.1103
     552       2.2332
     553       2.2074
     554       2.0762
     555       2.1599
     556       2.0721
     557       2.0240
     558       1.9127
     559       2.1101
     560       1.9456
     561       1.9041
     562       1.8026
     563       1.8459
     564       1.9852
     565       1.9535
     566       1.9356
     567       1.9776
     568       1.9456
     569       1.9998
     570       2.0134
     571       2.1170
     572       2.0432
     573       1.9878
     574       2.0642
     575       1.9847
     576       1.9289
     577       1.9287
     578       1.8825
     579       1.9154
     580       1.9486
     581       2.0459
     582       2.1002
     583       2.0882
     584       2.0873
     585       2.0390
     586       2.1280
     587       2.0620
     588       2.0873
     589       2.1189
     590       2.0580
     591       2.0949
     592       2.0008
     593       2.1006
     594       2.1040
     595       2.0298
     596       2.0385
     597       2.0363
     598       2.1252
     599       2.1559
     600       2.0927
     601       2.1651
     602       2.2346
     603       2.1504
     604       2.1504
     605       2.0531
     606       2.1481
     607       2.0863
     608       2.0099
     609       1.9318
     610       1.9893
     611       1.9918
     612       2.0666
     613       2.1609
     614       2.1342
     615       2.0204
     616       2.1533
     617       2.2322
     618       2.2181
     619       2.1461
     620       2.2143
     621       2.1611
     622       2.0995
     623       2.1028
     624       2.1608
     625       2.1988
     626       2.1614
     627       2.1230
     628       1.9897
     629       1.9807
     630       2.0450
     631       2.0336
     632       2.0229
     633       2.0556
     634       2.0161
     635       1.9602
     636       2.0210
     637       2.0651
     638       2.1464
     639       2.1072
     640       2.0404
     641       2.1144
     642       2.0824
     643       2.0604
     644       1.9453
     645       2.0094
     646       2.0392
     647       2.2209
     648       2.1788
     649       2.0805
     650       1.9370
     651       2.0049
     652       2.0336
     653       1.9051
     654       1.9871
     655       2.0811
     656       1.9956
     657       1.9733
     658       1.9941
     659       2.0330
     660       2.0669
     661       2.0446
     662       2.0146
     663       2.0655
     664       2.0208
     665       1.9622
     666       1.9958
     667       1.9530
     668       2.0535
     669       2.1470
     670       1.9425
     671       2.0353
     672       2.0918
     673       2.0687
     674       2.0705
     675       1.9704
     676       2.1199
     677       2.1662
     678       2.1264
     679       2.1149
     680       2.1137
     681       2.1943
     682       2.2212
     683       2.0873
     684       2.3558
     685       2.3563
     686       2.2709
     687       2.2885
     688       2.2123
     689       2.0755
     690       2.0678
     691       2.0974
     692       2.1541
     693       2.1274
     694       2.0324
     695       2.0417
     696       2.0332
     697       1.9658
     698       1.9306
     699       1.9091
     700       1.9554
     701       1.8702
     702       2.0298
     703       2.0739
     704       2.0554
     705       1.9776
     706       1.9306
     707       1.9003
     708       1.8476
     709       1.9729
     710       2.0660
     711       2.0725
     712       2.0340
     713       2.0300
     714       1.9915
     715       1.9520
     716       2.1228
     717       2.1473
     718       2.1753
     719       2.2853
     720       2.2405
     721       2.2338
     722       2.2971
     723       2.2212
     724       2.2423
     725       2.1677
     726       2.1307
     727       2.0335
     728       2.0855
     729       2.0262
     730       2.0585
     731       2.0462
     732       2.0179
     733       1.9432
     734       1.9682
     735       1.8524
     736       1.9491
     737       1.7792
     738       1.7915
     739       1.7420
     740       1.6964
     741       1.7337
     742       1.7051
     743       1.7731
     744       1.8373
     745       1.7931
     746       1.7230
     747       1.8798
     748       1.8495
     749       1.8486
     750       1.7830
     751       1.8163
     752       1.7964
     753       1.7391
     754       1.7608
     755       1.8030
     756       1.8161
     757       1.9427
     758       1.7203
     759       1.8924
     760       1.8751
     761       1.9837
     762       1.8141
     763       1.8141
     764       1.7959
     765       1.7597
     766       1.8397
     767       1.8166
     768       1.7623
     769       1.7301
     770       1.7512
     771       1.7352
     772       1.7902
     773       1.7373
     774       1.6672
     775       1.6839
     776       1.7584
     777       1.7767
     778       1.8132
     779       1.8015
     780       1.8451
     781       1.9367
     782       1.9092
     783       1.8817
     784       1.9117
     785       1.9251
     786       1.9359
     787       1.9430
     788       1.8392
     789       1.8912
     790       1.8184
     791       1.7755
     792       1.7574
     793       1.7637
     794       1.7844
     795       1.7986
     796       1.8048
     797       1.7485
     798       1.7145
     799       1.7036
     800       1.7635
     801       1.7794
     802       1.7045
     803       1.7103
     804       1.5930
     805       1.6731
     806       1.6802
     807       1.6982
     808       1.6343
     809       1.6643
     810       1.5983
     811       1.6263
     812       1.5741
     813       1.6285
     814       1.6489
     815       1.5637
     816       1.5477
     817       1.5373
     818       1.5602
     819       1.6251
     820       1.7314
     821       1.6639
     822       1.6580
     823       1.6457
     824       1.7082
     825       1.7545
     826       1.7473
     827       1.7684
     828       1.8145
     829       1.7448
     830       1.9489
     831       2.1061
     832       1.9969
     833       1.8808
     834       1.7596
     835       1.5461
     836       1.6399
     837       1.7625
     838       1.6316
     839       1.6959
     840       1.6778
     841       1.7292
     842       1.8378
     843       1.8680
     844       1.8379
     845       1.9089
     846       1.9341
     847       1.8429
     848       1.8494
     849       1.9484
     850       1.9459
     851       2.0437
     852       2.0192
     853       1.9805
     854       1.9766
     855       1.9819
     856       1.9575
     857       1.9525
     858       1.7510
     859       1.8157
     860       1.8411
     861       1.8112
     862       1.7663
     863       1.7907
     864       1.7618
     865       1.8073
     866       1.8452
     867       1.8170
     868       1.7177
     869       1.7384
     870       1.8503
     871       1.8813
     872       1.9031
     873       1.8304
     874       1.9836
     875       1.8829
     876       1.8118
     877       1.7511
     878       1.7107
     879       1.7334
     880       1.7866
     881       1.7639
     882       1.6933
     883       1.7424
     884       1.7787
     885       1.8145
     886       1.7894
     887       1.7558
     888       1.7994
     889       1.8887
     890       1.8840
     891       1.9359
     892       1.7879
     893       1.8782
     894       1.7917
     895       1.8440
     896       1.7609
     897       1.6540
     898       1.6876
     899       1.8116
     900       1.8219
     901       1.6118
     902       1.7176
     903       1.8310
     904       1.7553
     905       1.9510
     906       1.9467
     907       1.9606
     908       1.9864
     909       1.9708
     910       1.9028
     911       1.8525
     912       1.9738
     913       1.8923
     914       1.8688
     915       1.8151
     916       1.7468
     917       1.8036
     918       1.8435
     919       1.8383
     920       1.7729
     921       1.7904
     922       1.7501
     923       1.7051
     924       1.7797
     925       1.7231
     926       1.7545
     927       1.7599
     928       1.6689
     929       1.7386
     930       1.8297
     931       1.8253
     932       1.7878
     933       1.9352
     934       1.9272
     935       1.8088
     936       1.7871
     937       1.8520
     938       1.6955
     939       1.7416
     940       1.7479
     941       1.7040
     942       1.8839
     943       1.8860
     944       1.8291
     945       1.7850
     946       1.7830
     947       1.7942
     948       1.9232
     949       1.8472
     950       1.8326
     951       1.8108
     952       1.6981
     953       1.7457
     954       1.7576
     955       1.7642
     956       1.6961
     957       1.7103
     958       1.8382
     959       1.7543
     960       1.7249
     961       1.7250
     962       1.7451
     963       1.5996
     964       1.6381
     965       1.6137
     966       1.4986
     967       1.6121
     968       1.6010
     969       1.5621
     970       1.6052
     971       1.7966
     972       1.7606
     973       1.7484
     974       1.7189
     975       1.6873
     976       1.7304
     977       1.6598
     978       1.8955
     979       1.8149
     980       1.8077
     981       1.7971
     982       1.8326
     983       1.9263
     984       1.7151
     985       1.7428
     986       1.8260
     987       1.7311
     988       1.7635
     989       1.5893
     990       1.6017
     991       1.6055
     992       1.7353
     993       1.7659
     994       1.7599
     995       1.7133
     996       1.6859
     997       1.6917
     998       1.7117
     999       1.6235
    1000       1.5820
