#Res        AtomicFlx
   1.000       2.9898
   2.000       1.1742
   3.000       0.6475
   4.000       0.5518
   5.000       0.4488
   6.000       0.4634
   7.000       0.3973
   8.000       0.3930
   9.000       0.3996
  10.000       0.4372
  11.000       0.4485
  12.000       0.3395
  13.000       0.3093
  14.000       0.3882
  15.000       0.3805
  16.000       0.3879
  17.000       0.3896
  18.000       0.4073
  19.000       0.4492
  20.000       0.4609
  21.000       0.4780
  22.000       0.5457
  23.000       0.6238
  24.000       0.6348
  25.000       0.7180
  26.000       0.6291
  27.000       0.5895
  28.000       0.4967
  29.000       0.4622
  30.000       0.4150
  31.000       0.3912
  32.000       0.3767
  33.000       0.4061
  34.000       0.4351
  35.000       0.5471
  36.000       0.5200
  37.000       0.4583
  38.000       0.4340
  39.000       0.3316
  40.000       0.3396
  41.000       0.4339
  42.000       0.4381
  43.000       0.5468
  44.000       0.7330
  45.000       0.7984
  46.000       1.2303
  47.000       1.3454
  48.000       1.2254
  49.000       1.1604
  50.000       1.1400
  51.000       0.6770
  52.000       0.5629
  53.000       0.4607
  54.000       0.4269
  55.000       0.4652
  56.000       0.7733
  57.000       0.5262
  58.000       0.4802
  59.000       0.5030
  60.000       0.6216
  61.000       0.5785
  62.000       0.5678
  63.000       0.4914
  64.000       0.5145
  65.000       0.4354
  66.000       0.4220
  67.000       0.5175
  68.000       0.4790
  69.000       0.4564
  70.000       0.5375
  71.000       0.5586
  72.000       0.5372
  73.000       0.5072
  74.000       0.5726
  75.000       0.5249
  76.000       0.6040
  77.000       0.5630
  78.000       0.5690
  79.000       0.6120
  80.000       0.6292
  81.000       0.5949
  82.000       0.6331
  83.000       0.7590
  84.000       0.6984
  85.000       0.6944
  86.000       0.5805
  87.000       0.5726
  88.000       0.5935
  89.000       0.6208
  90.000       0.8555
  91.000       1.2249
  92.000       1.1595
  93.000       0.8548
  94.000       0.6894
  95.000       0.6838
  96.000       0.7091
  97.000       0.6922
  98.000       0.7400
  99.000       0.8360
 100.000       0.8558
 101.000       0.7616
 102.000       0.7731
 103.000       0.9542
 104.000       1.1948
 105.000       1.4562
 106.000       1.2008
 107.000       1.2594
 108.000       0.9670
 109.000       0.9096
 110.000       1.0814
 111.000       0.8722
 112.000       0.6106
 113.000       0.8174
 114.000       0.8698
 115.000       0.6445
 116.000       0.5853
 117.000       0.5939
 118.000       0.5888
 119.000       0.5625
 120.000       0.5313
 121.000       0.5522
 122.000       0.6043
 123.000       0.5580
 124.000       0.6000
 125.000       0.6824
 126.000       0.7965
 127.000       0.6324
 128.000       0.7479
 129.000       0.7618
 130.000       0.7479
 131.000       0.6647
 132.000       0.5655
 133.000       0.6208
 134.000       0.7091
 135.000       0.6824
 136.000       0.7743
 137.000       0.7161
 138.000       0.6203
 139.000       0.8027
 140.000       0.7108
 141.000       0.5538
 142.000       0.5073
 143.000       0.6839
 144.000       0.6564
 145.000       0.5325
 146.000       0.5254
 147.000       0.5308
 148.000       0.5499
 149.000       0.5849
 150.000       0.5762
 151.000       0.7064
 152.000       0.8433
 153.000       0.8226
 154.000       0.6847
 155.000       0.9302
 156.000       0.9587
 157.000       1.1388
 158.000       1.1607
 159.000       0.7477
 160.000       0.5555
 161.000       0.5743
 162.000       0.5879
 163.000       0.4942
 164.000       0.5029
 165.000       0.5300
 166.000       0.5341
 167.000       0.5011
 168.000       0.5002
 169.000       0.5805
 170.000       0.6675
 171.000       0.6802
 172.000       0.5147
 173.000       0.5489
 174.000       0.5223
 175.000       0.5239
 176.000       0.5628
 177.000       0.5687
 178.000       0.5290
 179.000       0.4467
 180.000       0.4498
 181.000       0.4414
 182.000       0.4226
 183.000       0.4159
 184.000       0.4479
 185.000       0.4153
 186.000       0.4030
 187.000       0.4570
 188.000       0.4804
 189.000       0.4446
 190.000       0.5104
 191.000       0.5985
 192.000       0.5499
 193.000       0.5241
 194.000       0.5151
 195.000       0.4995
 196.000       0.5188
 197.000       0.5674
 198.000       0.5127
 199.000       0.5269
 200.000       0.6411
 201.000       0.5550
 202.000       0.5292
 203.000       0.5076
 204.000       0.4941
 205.000       0.5523
 206.000       0.5547
 207.000       0.5562
 208.000       0.5387
 209.000       0.5533
 210.000       0.6219
 211.000       0.6065
 212.000       0.5726
 213.000       0.6343
 214.000       0.5619
 215.000       0.4900
 216.000       0.4433
 217.000       0.4872
 218.000       0.4656
 219.000       0.4295
 220.000       0.4811
 221.000       0.6125
 222.000       0.5882
 223.000       0.5745
 224.000       0.7071
 225.000       0.7540
 226.000       0.6103
 227.000       0.5037
 228.000       0.4874
 229.000       0.4875
 230.000       0.5317
 231.000       0.5478
 232.000       0.4816
 233.000       0.4393
 234.000       0.5224
 235.000       0.5264
 236.000       0.5156
 237.000       0.5529
 238.000       0.6278
 239.000       0.6540
 240.000       0.7340
 241.000       0.8652
 242.000       0.6496
 243.000       0.5456
 244.000       0.5451
 245.000       0.5455
 246.000       0.5597
 247.000       0.5575
 248.000       0.6690
 249.000       0.7414
 250.000       0.8573
 251.000       0.7195
 252.000       0.6719
 253.000       0.6323
 254.000       0.6244
 255.000       0.5952
 256.000       0.5983
 257.000       0.5066
 258.000       0.4411
 259.000       0.4046
 260.000       0.4494
 261.000       0.4099
 262.000       0.4617
 263.000       0.5495
 264.000       0.7452
 265.000       0.8167
 266.000       0.5166
 267.000       0.7408
 268.000       0.7413
 269.000       0.6626
 270.000       0.5522
 271.000       0.5968
 272.000       0.5975
 273.000       0.6132
 274.000       0.6589
 275.000       0.7767
 276.000       0.7814
 277.000       0.8702
 278.000       0.9596
 279.000       0.8722
 280.000       0.7697
 281.000       0.7905
 282.000       0.7468
 283.000       0.6703
 284.000       0.6702
 285.000       0.7812
 286.000       0.7042
 287.000       0.4894
 288.000       0.4852
 289.000       0.4519
 290.000       0.5064
 291.000       0.4212
 292.000       0.3667
 293.000       0.3590
 294.000       0.3693
 295.000       0.4248
 296.000       0.4537
 297.000       0.5119
 298.000       0.6037
 299.000       0.6909
 300.000       0.8156
 301.000       0.8577
 302.000       0.7634
 303.000       0.7654
 304.000       0.6371
 305.000       0.7316
 306.000       0.9107
 307.000       0.8404
 308.000       0.7793
 309.000       0.6848
 310.000       0.5954
 311.000       0.6263
 312.000       0.6917
 313.000       0.7027
 314.000       0.5654
 315.000       0.6122
 316.000       0.8826
 317.000       0.9838
 318.000       1.2298
 319.000       1.4216
 320.000       0.8838
 321.000       1.0025
 322.000       0.6663
 323.000       0.6535
 324.000       0.5776
 325.000       0.4911
 326.000       0.5653
 327.000       0.5478
 328.000       0.5613
 329.000       0.6698
 330.000       0.8758
 331.000       1.2092
 332.000       1.2544
 333.000       1.1505
 334.000       0.9155
 335.000       0.7135
 336.000       0.6831
 337.000       0.5485
 338.000       0.5236
 339.000       0.4280
 340.000       0.5250
 341.000       0.4788
 342.000       0.4571
 343.000       0.4700
 344.000       0.5040
 345.000       0.6433
 346.000       0.6017
 347.000       0.5087
 348.000       0.8099
 349.000       0.9364
 350.000       0.8499
 351.000       0.8453
 352.000       1.3365
 353.000       1.0071
 354.000       0.8855
 355.000       0.8775
 356.000       0.9228
 357.000       0.9302
 358.000       0.7597
 359.000       0.6651
 360.000       0.7918
 361.000       0.7873
 362.000       0.6100
 363.000       0.6587
 364.000       0.7767
 365.000       0.6997
 366.000       0.6494
 367.000       0.7658
 368.000       0.8666
 369.000       0.7473
 370.000       0.7486
 371.000       0.9160
 372.000       0.9197
 373.000       0.9276
 374.000       0.8486
 375.000       0.7381
 376.000       0.7948
 377.000       0.8471
 378.000       0.7385
 379.000       0.7728
 380.000       0.6952
 381.000       0.5687
 382.000       0.5373
 383.000       0.4671
 384.000       0.4461
 385.000       0.4579
 386.000       0.4800
 387.000       0.6320
 388.000       1.0384
 389.000       0.5929
 390.000       0.7423
 391.000       0.4162
 392.000       0.5296
 393.000       0.5960
 394.000       0.7895
 395.000       0.6815
 396.000       0.6972
 397.000       0.5666
 398.000       0.4092
 399.000       0.5038
 400.000       0.4731
 401.000       0.5498
 402.000       0.5561
 403.000       0.6311
 404.000       0.6118
 405.000       0.5634
 406.000       0.5874
 407.000       0.7045
 408.000       0.7969
 409.000       0.9080
 410.000       0.9455
 411.000       0.8016
 412.000       0.8082
 413.000       0.6839
 414.000       0.6792
 415.000       0.5406
 416.000       0.6214
 417.000       0.6330
 418.000       0.5228
 419.000       0.4709
 420.000       0.4467
 421.000       0.4537
 422.000       0.4043
 423.000       0.3429
 424.000       0.3155
 425.000       0.4180
 426.000       0.4147
 427.000       0.4114
 428.000       0.6803
 429.000       0.4424
 430.000       0.3776
 431.000       0.3705
 432.000       0.4010
 433.000       0.3647
 434.000       0.3640
 435.000       0.3684
 436.000       0.3741
 437.000       0.3262
 438.000       0.3392
 439.000       0.3863
 440.000       0.4178
 441.000       0.4009
 442.000       0.4049
 443.000       0.4357
 444.000       0.4426
 445.000       0.4528
 446.000       0.4891
 447.000       0.5164
 448.000       0.5172
 449.000       0.6198
 450.000       0.7015
 451.000       0.7151
 452.000       0.8036
 453.000       0.9881
 454.000       1.0092
 455.000       1.0086
 456.000       1.1864
 457.000       1.1369
 458.000       1.3360
 459.000       1.1345
 460.000       0.8892
 461.000       1.3612
 462.000       1.4747
 463.000       1.2194
 464.000       0.7967
 465.000       0.9729
 466.000       0.9129
 467.000       1.0744
 468.000       1.1800
 469.000       1.0150
 470.000       0.8138
 471.000       0.9595
 472.000       1.1140
 473.000       0.8537
 474.000       0.8544
 475.000       0.8756
 476.000       1.7472
 477.000       1.6777
 478.000       1.9811
 479.000       2.7191
 480.000       2.4137
 481.000       1.6126
 482.000       2.4503
 483.000       2.8278
 484.000       1.9476
 485.000       1.8065
 486.000       1.6860
 487.000       1.2182
 488.000       1.7369
 489.000       1.9348
 490.000       1.6187
 491.000       1.9204
 492.000       2.5835
 493.000       2.7715
 494.000       2.9181
 495.000       3.4646
 496.000       4.0325
 497.000       4.2321
 498.000       4.6476
 499.000       5.7573
