#Frame        ligcore
       1       0.0000
       2       0.6562
       3       0.9326
       4       0.7977
       5       0.5789
       6       1.4092
       7       1.0081
       8       0.7740
       9       1.2810
      10       0.4398
      11       0.5128
      12       0.4332
      13       0.7911
      14       0.7303
      15       0.5584
      16       0.7590
      17       0.7690
      18       0.6550
      19       0.7741
      20       1.3811
      21       0.7823
      22       0.4590
      23       0.7861
      24       0.8878
      25       0.8091
      26       0.6949
      27       1.2730
      28       0.9292
      29       1.7082
      30       2.2248
      31       0.5806
      32       1.1401
      33       0.8012
      34       0.8913
      35       0.3231
      36       0.6454
      37       1.4623
      38       1.2288
      39       1.2759
      40       0.5523
      41       0.6737
      42       0.4463
      43       3.3297
      44       3.5999
      45       3.1194
      46       3.6587
      47       2.9038
      48       3.0849
      49       2.2389
      50       2.1708
      51       1.3379
      52       3.1026
      53       3.7879
      54       4.0083
      55       3.3299
      56       3.9428
      57       3.7192
      58       3.4022
      59       3.3465
      60       3.6588
      61       3.6631
      62       3.9479
      63       3.9783
      64       3.1327
      65       3.7480
      66       3.5273
      67       3.7059
      68       2.7199
      69       3.3658
      70       3.4383
      71       3.3989
      72       3.5978
      73       3.3107
      74       3.1674
      75       3.3258
      76       3.0226
      77       3.8405
      78       3.1215
      79       3.7993
      80       3.7267
      81       3.3659
      82       3.2813
      83       3.4287
      84       3.1952
      85       3.5581
      86       3.5074
      87       3.7381
      88       3.1162
      89       3.2388
      90       3.0544
      91       3.2046
      92       3.0664
      93       2.8338
      94       3.3415
      95       3.4153
      96       2.7554
      97       2.9086
      98       3.0152
      99       2.8385
     100       3.1185
     101       2.8710
     102       3.4008
     103       2.8628
     104       3.2210
     105       2.8763
     106       3.6343
     107       3.4633
     108       3.1969
     109       2.9545
     110       2.7423
     111       3.1392
     112       3.0919
     113       3.0657
     114       3.3338
     115       3.3298
     116       3.1877
     117       3.0824
     118       2.9564
     119       3.6323
     120       3.9198
     121       3.6560
     122       3.2009
     123       3.2022
     124       3.2673
     125       2.9715
     126       2.8902
     127       3.1083
     128       3.0289
     129       3.1160
     130       3.2471
     131       3.1690
     132       2.8296
     133       2.8859
     134       3.1291
     135       3.4715
     136       3.1535
     137       4.1657
     138       3.5630
     139       3.0664
     140       3.5968
     141       3.3787
     142       3.3845
     143       3.1862
     144       3.1119
     145       3.5973
     146       3.3543
     147       3.0774
     148       3.2547
     149       2.9975
     150       3.4550
     151       3.3315
     152       3.3346
     153       3.4938
     154       3.4322
     155       2.9778
     156       3.6607
     157       3.5113
     158       3.6032
     159       3.2016
     160       3.2407
     161       3.3909
     162       3.0968
     163       3.5067
     164       3.2585
     165       3.5056
     166       3.4684
     167       3.5700
     168       3.4346
     169       3.0592
     170       3.2872
     171       2.9373
     172       3.3149
     173       3.5830
     174       3.1686
     175       3.3799
     176       3.2700
     177       3.7084
     178       3.5195
     179       3.4158
     180       3.6471
     181       3.6310
     182       3.4426
     183       3.1450
     184       3.8869
     185       3.2293
     186       3.0130
     187       3.4496
     188       3.3669
     189       3.3794
     190       3.5321
     191       3.1987
     192       3.2638
     193       3.3944
     194       3.1924
     195       3.2878
     196       3.8023
     197       3.7931
     198       3.4020
     199       3.4854
     200       2.9392
     201       3.0895
     202       3.1252
     203       3.3959
     204       3.2631
     205       3.3872
     206       4.1316
     207       2.9419
     208       3.3742
     209       3.2783
     210       3.5184
     211       3.6501
     212       3.1682
     213       3.2476
     214       3.5139
     215       3.9071
     216       3.7648
     217       3.3609
     218       3.4943
     219       3.6633
     220       3.6288
     221       3.6583
     222       3.4467
     223       3.4351
     224       3.6285
     225       3.2577
     226       3.3451
     227       3.5061
     228       3.3331
     229       3.4897
     230       3.1578
     231       3.1821
     232       3.2569
     233       3.3723
     234       3.4625
     235       3.7464
     236       3.0320
     237       3.5992
     238       3.3623
     239       3.5710
     240       3.2191
     241       3.3029
     242       3.6520
     243       3.8086
     244       3.0200
     245       3.3373
     246       3.2747
     247       3.3009
     248       4.0143
     249       3.7105
     250       3.6810
     251       3.6029
     252       3.6137
     253       3.3775
     254       3.5043
     255       3.9134
     256       3.3631
     257       3.3840
     258       3.7029
     259       3.3688
     260       3.0728
     261       3.5006
     262       3.1923
     263       2.7311
     264       3.2134
     265       3.3853
     266       2.9661
     267       3.2324
     268       3.0983
     269       3.6883
     270       3.0514
     271       2.9250
     272       3.3359
     273       3.4389
     274       3.6929
     275       3.3473
     276       3.7437
     277       2.9513
     278       3.5300
     279       3.3133
     280       3.7983
     281       3.6210
     282       3.7655
     283       3.8920
     284       3.4259
     285       3.3690
     286       3.3632
     287       3.2512
     288       3.3637
     289       3.6771
     290       3.5653
     291       3.4708
     292       3.5297
     293       3.1274
     294       3.5921
     295       3.3075
     296       3.5627
     297       3.3366
     298       3.6331
     299       3.5053
     300       3.3423
     301       3.1310
     302       3.5264
     303       3.5285
     304       3.6768
     305       3.2975
     306       3.4120
     307       3.0289
     308       3.4942
     309       3.6724
     310       3.7777
     311       3.3104
     312       3.8748
     313       3.0368
     314       3.3034
     315       3.3491
     316       3.7829
     317       3.5434
     318       3.3247
     319       3.5323
     320       3.5232
     321       3.5888
     322       3.9005
     323       3.4585
     324       3.4154
     325       3.4072
     326       3.8138
     327       3.2406
     328       3.6396
     329       3.5648
     330       3.1116
     331       3.1637
     332       3.3096
     333       3.1878
     334       3.7605
     335       3.4794
     336       3.4946
     337       3.5713
     338       3.7973
     339       3.2315
     340       3.2542
     341       3.4122
     342       3.3041
     343       3.7206
     344       3.5301
     345       3.5496
     346       3.2172
     347       3.6143
     348       3.5539
     349       3.4556
     350       3.8558
     351       3.1856
     352       3.2679
     353       3.1000
     354       3.4482
     355       3.4174
     356       2.8273
     357       3.0481
     358       3.2944
     359       3.2716
     360       3.1723
     361       3.6350
     362       3.4663
     363       3.4890
     364       2.5855
     365       2.9548
     366       3.2406
     367       3.2677
     368       2.7670
     369       2.9087
     370       3.2402
     371       3.3191
     372       3.3840
     373       3.6333
     374       3.6185
     375       3.1531
     376       3.4414
     377       3.1375
     378       3.3954
     379       2.5433
     380       2.8718
     381       3.2227
     382       2.5967
     383       3.4204
     384       2.8119
     385       3.5886
     386       3.1786
     387       3.3717
     388       2.9079
     389       2.8703
     390       3.3663
     391       3.3363
     392       3.3817
     393       3.2746
     394       3.3884
     395       3.4639
     396       3.3640
     397       3.0289
     398       3.2602
     399       3.4387
     400       2.9765
     401       2.7771
     402       3.0666
     403       3.2734
     404       3.0644
     405       3.0346
     406       3.3398
     407       2.8571
     408       3.1716
     409       3.7630
     410       3.1221
     411       2.9079
     412       3.0251
     413       3.0627
     414       3.2052
     415       3.4124
     416       2.9354
     417       3.2755
     418       3.1672
     419       3.3081
     420       3.0971
     421       3.0836
     422       3.5906
     423       3.3974
     424       3.5270
     425       3.4202
     426       3.7003
     427       3.2423
     428       3.5954
     429       3.6319
     430       3.3975
     431       3.2893
     432       3.2973
     433       3.5320
     434       3.3961
     435       3.2953
     436       3.3109
     437       2.9029
     438       3.0479
     439       2.8833
     440       3.3688
     441       3.3810
     442       3.4783
     443       3.3851
     444       3.3477
     445       3.4904
     446       2.9544
     447       3.3099
     448       2.8112
     449       2.8861
     450       3.2451
     451       2.9047
     452       3.3654
     453       3.5065
     454       3.0765
     455       2.6405
     456       2.9097
     457       3.0539
     458       3.1104
     459       2.8701
     460       2.5679
     461       2.8994
     462       2.7028
     463       2.8915
     464       2.6789
     465       3.5362
     466       3.4444
     467       3.4777
     468       3.2393
     469       2.7162
     470       2.5426
     471       2.2651
     472       1.9144
     473       2.1789
     474       2.9070
     475       2.3445
     476       2.1684
     477       2.3936
     478       2.2009
     479       2.6533
     480       2.3566
     481       2.4457
     482       2.8536
     483       2.7306
     484       2.6148
     485       2.1759
     486       2.5780
     487       2.3305
     488       3.3942
     489       2.9256
     490       2.9359
     491       3.4631
     492       3.0836
     493       2.6008
     494       3.3829
     495       3.4713
     496       3.3354
     497       3.1193
     498       3.5982
     499       3.4513
     500       3.5627
     501       3.1487
     502       2.9194
     503       3.5530
     504       2.8661
     505       2.6324
     506       2.6234
     507       3.0638
     508       2.8973
     509       2.2582
     510       2.9313
     511       2.3335
     512       3.1934
     513       2.7064
     514       2.9335
     515       3.2577
     516       3.5589
     517       3.3276
     518       3.5027
     519       3.7661
     520       3.3466
     521       3.4618
     522       2.8962
     523       3.4776
     524       3.1683
     525       3.3384
     526       3.0415
     527       3.7262
     528       3.3984
     529       4.1374
     530       2.8229
     531       2.6345
     532       3.1712
     533       3.0150
     534       3.1231
     535       3.0687
     536       2.4758
     537       2.4932
     538       3.1492
     539       2.9286
     540       2.9674
     541       2.7287
     542       3.0051
     543       2.2529
     544       2.8645
     545       2.9144
     546       2.8236
     547       2.9810
     548       2.5270
     549       3.0237
     550       3.2412
     551       2.4846
     552       3.0068
     553       2.6463
     554       2.9383
     555       2.7428
     556       3.3027
     557       3.2646
     558       2.9389
     559       2.7736
     560       3.4642
     561       3.4044
     562       2.4836
     563       2.8393
     564       3.1724
     565       3.1522
     566       2.4889
     567       2.3121
     568       3.5105
     569       3.2534
     570       3.3124
     571       2.9093
     572       2.4608
     573       3.1016
     574       3.5395
     575       3.2452
     576       3.1305
     577       2.9518
     578       3.2861
     579       2.4856
     580       3.6260
     581       3.8660
     582       3.1675
     583       3.1392
     584       3.6466
     585       2.9736
     586       3.0037
     587       2.8859
     588       3.0781
     589       3.0672
     590       3.1340
     591       3.1302
     592       2.8895
     593       3.4014
     594       3.2363
     595       3.1348
     596       3.0402
     597       2.8742
     598       3.1656
     599       3.3807
     600       3.4413
     601       3.3048
     602       3.0205
     603       3.0338
     604       3.0423
     605       3.2980
     606       3.2495
     607       3.0102
     608       3.6007
     609       3.5163
     610       2.8634
     611       2.9364
     612       2.8605
     613       2.7198
     614       2.5110
     615       2.4272
     616       2.6117
     617       2.1282
     618       3.0209
     619       2.5145
     620       2.5630
     621       2.7347
     622       3.0902
     623       2.4947
     624       2.3817
     625       2.6221
     626       2.5820
     627       2.7063
     628       2.5366
     629       2.4340
     630       2.3522
     631       2.1721
     632       2.2430
     633       2.6838
     634       3.1888
     635       2.6314
     636       2.7135
     637       2.2834
     638       2.1779
     639       2.0296
     640       2.1859
     641       2.1640
     642       1.7994
     643       2.4790
     644       2.1833
     645       2.0503
     646       2.3816
     647       2.3267
     648       2.5682
     649       1.5540
     650       2.2322
     651       2.3091
     652       2.4281
     653       2.4862
     654       1.6782
     655       2.3289
     656       2.1138
     657       2.2013
     658       2.4530
     659       2.5934
     660       2.3224
     661       2.4707
     662       2.5115
     663       1.8985
     664       1.9300
     665       2.7467
     666       2.1575
     667       2.5265
     668       2.2502
     669       2.5856
     670       2.2547
     671       2.3809
     672       2.2854
     673       2.1531
     674       2.1912
     675       2.1771
     676       2.3170
     677       2.3027
     678       2.3994
     679       2.4904
     680       1.8151
     681       2.4532
     682       2.0537
     683       2.7634
     684       2.7210
     685       2.4062
     686       2.3893
     687       2.4378
     688       2.0419
     689       2.4768
     690       3.0607
     691       2.6459
     692       2.4032
     693       1.9478
     694       2.4567
     695       2.4299
     696       2.5214
     697       2.1201
     698       2.6485
     699       2.3676
     700       2.4273
     701       2.9060
     702       2.9580
     703       2.4883
     704       2.3845
     705       2.1935
     706       2.4880
     707       2.2721
     708       2.4927
     709       2.4872
     710       2.6077
     711       2.5744
     712       2.4277
     713       2.4554
     714       2.4854
     715       2.5203
     716       2.2610
     717       2.4284
     718       2.6325
     719       2.3186
     720       2.4870
     721       2.1692
     722       2.3188
     723       2.1200
     724       2.5021
     725       2.2682
     726       2.1883
     727       2.2729
     728       2.3949
     729       2.6300
     730       2.1944
     731       2.4588
     732       2.1104
     733       2.8266
     734       2.2567
     735       2.0026
     736       2.1885
     737       2.1978
     738       2.0604
     739       1.8578
     740       2.5071
     741       1.6083
     742       1.9700
     743       2.1850
     744       2.1090
     745       1.8084
     746       2.4479
     747       2.2668
     748       1.6531
     749       2.0569
     750       2.5675
     751       2.6240
     752       2.0891
     753       1.9940
     754       2.1705
     755       2.3768
     756       1.9993
     757       2.9818
     758       2.5702
     759       2.0052
     760       2.0843
     761       2.7349
     762       2.8459
     763       2.0871
     764       2.4496
     765       2.9097
     766       2.3654
     767       2.6162
     768       2.3651
     769       2.4680
     770       2.4401
     771       2.5661
     772       2.4493
     773       2.6083
     774       2.4113
     775       2.8889
     776       2.4950
     777       2.4672
     778       2.4947
     779       2.5758
     780       2.3301
     781       2.4079
     782       2.4595
     783       1.8900
     784       3.0441
     785       2.4411
     786       2.0348
     787       2.3832
     788       2.1837
     789       2.3481
     790       2.6127
     791       2.4222
     792       2.7290
     793       2.3827
     794       2.2095
     795       2.4608
     796       2.4176
     797       2.4630
     798       2.2674
     799       2.1589
     800       2.8547
     801       2.2521
     802       2.5701
     803       2.3239
     804       2.3934
     805       2.4719
     806       2.1243
     807       2.7835
     808       2.5782
     809       2.9938
     810       2.0878
     811       2.5496
     812       2.4121
     813       2.7204
     814       2.8795
     815       2.3075
     816       2.4304
     817       2.5057
     818       2.9435
     819       2.4288
     820       2.7927
     821       2.2450
     822       3.0625
     823       2.7105
     824       2.9396
     825       2.6638
     826       2.7357
     827       2.5255
     828       2.6659
     829       2.5984
     830       2.7393
     831       2.6682
     832       2.3228
     833       2.6615
     834       2.8376
     835       2.5238
     836       2.6527
     837       2.9818
     838       2.5825
     839       2.9197
     840       2.6292
     841       3.0553
     842       2.6979
     843       2.8099
     844       2.5720
     845       2.4281
     846       2.7469
     847       2.4195
     848       2.8269
     849       2.2110
     850       2.3692
     851       2.2012
     852       2.7769
     853       2.6734
     854       2.7208
     855       2.4836
     856       2.4359
     857       2.5812
     858       2.5472
     859       1.9874
     860       2.2906
     861       2.1751
     862       2.2920
     863       2.7793
     864       2.5897
     865       2.6719
     866       2.6672
     867       2.6566
     868       2.3655
     869       2.1554
     870       2.4648
     871       2.4495
     872       2.3613
     873       2.2410
     874       2.6325
     875       2.6066
     876       2.4384
     877       2.4604
     878       2.6193
     879       1.8036
     880       2.4379
     881       2.4084
     882       2.6077
     883       2.6166
     884       2.4165
     885       2.6821
     886       2.5929
     887       2.0712
     888       2.6477
     889       2.2737
     890       2.7005
     891       2.2213
     892       2.7533
     893       2.2634
     894       2.4462
     895       2.5309
     896       2.7643
     897       2.1822
     898       2.3346
     899       2.7345
     900       2.4173
     901       3.1420
     902       2.5059
     903       2.5107
     904       2.4672
     905       2.6662
     906       2.8860
     907       2.4466
     908       2.9791
     909       2.7356
     910       2.3599
     911       2.4057
     912       2.1831
     913       2.5689
     914       2.4765
     915       2.4592
     916       3.0254
     917       2.3983
     918       2.5532
     919       2.7324
     920       2.8041
     921       2.9114
     922       2.2587
     923       2.8127
     924       2.8648
     925       2.5886
     926       2.7457
     927       2.1899
     928       2.5080
     929       2.2671
     930       2.4794
     931       1.9530
     932       2.0385
     933       2.4617
     934       2.5353
     935       2.6785
     936       2.4900
     937       3.0707
     938       2.8786
     939       2.4440
     940       2.7955
     941       2.4197
     942       2.6180
     943       2.8491
     944       3.1223
     945       2.7433
     946       2.5373
     947       2.5303
     948       2.1974
     949       2.7128
     950       2.5197
     951       3.0112
     952       2.4475
     953       2.5171
     954       3.0185
     955       2.8268
     956       3.0991
     957       2.5154
     958       2.6933
     959       2.2534
     960       2.4635
     961       2.8932
     962       2.9997
     963       2.3727
     964       2.4909
     965       2.6692
     966       2.9541
     967       2.4267
     968       2.1363
     969       2.3471
     970       2.8698
     971       2.1950
     972       2.9970
     973       2.0827
     974       2.7734
     975       2.7165
     976       3.0629
     977       1.7542
     978       2.8570
     979       2.4437
     980       2.6925
     981       2.9349
     982       2.5728
     983       2.6116
     984       2.6788
     985       2.5885
     986       2.3895
     987       2.5507
     988       2.3536
     989       2.3749
     990       2.7353
     991       2.1681
     992       2.3136
     993       2.1612
     994       2.0810
     995       2.3534
     996       2.3236
     997       2.0906
     998       2.5078
     999       2.3978
    1000       2.4043
