#Frame         fitall
       1       0.0000
       2       0.6404
       3       0.6230
       4       0.7230
       5       0.6745
       6       0.7444
       7       0.7038
       8       0.6930
       9       0.7054
      10       0.7965
      11       0.7652
      12       0.6930
      13       0.7209
      14       0.7374
      15       0.7428
      16       0.7127
      17       0.6764
      18       0.6804
      19       0.7556
      20       0.7899
      21       0.7734
      22       0.7255
      23       0.7176
      24       0.7565
      25       0.7566
      26       0.7230
      27       0.7788
      28       0.7756
      29       0.7712
      30       0.7775
      31       0.7443
      32       0.7631
      33       0.7844
      34       0.8068
      35       0.7313
      36       0.7149
      37       0.7494
      38       0.7254
      39       0.8053
      40       0.7835
      41       0.8097
      42       0.7253
      43       0.7823
      44       0.7434
      45       0.7290
      46       0.7829
      47       0.8304
      48       0.7689
      49       0.8100
      50       0.8296
      51       0.8423
      52       0.8499
      53       0.9233
      54       0.8547
      55       0.7596
      56       0.7913
      57       0.8119
      58       0.8148
      59       0.8943
      60       0.8819
      61       0.8877
      62       0.8812
      63       0.8213
      64       0.9085
      65       0.9290
      66       0.8688
      67       0.8729
      68       0.9191
      69       1.0215
      70       0.9579
      71       0.9428
      72       0.9283
      73       0.8696
      74       0.8714
      75       0.8658
      76       0.8698
      77       0.8585
      78       0.9570
      79       0.8563
      80       0.8933
      81       0.8860
      82       0.8768
      83       0.9827
      84       0.9572
      85       0.9536
      86       1.0336
      87       0.9685
      88       1.0279
      89       0.9742
      90       0.9195
      91       0.8087
      92       0.8866
      93       0.9105
      94       0.8964
      95       0.8864
      96       0.8754
      97       0.9572
      98       0.9473
      99       0.9572
     100       0.9735
     101       0.9030
     102       0.9368
     103       1.0026
     104       0.9753
     105       0.9894
     106       0.9114
     107       0.9485
     108       0.9102
     109       0.9421
     110       0.9368
     111       0.8756
     112       0.9270
     113       0.9670
     114       0.9935
     115       1.0355
     116       1.0087
     117       1.0158
     118       1.0171
     119       1.0089
     120       1.0797
     121       1.1492
     122       1.0312
     123       1.1989
     124       1.2149
     125       1.1392
     126       1.1710
     127       1.2223
     128       1.1568
     129       1.2169
     130       1.1346
     131       1.1114
     132       1.0991
     133       1.0828
     134       1.0399
     135       1.1832
     136       1.1890
     137       1.1899
     138       1.2018
     139       1.0581
     140       1.1039
     141       1.1052
     142       1.1225
     143       1.0612
     144       1.2010
     145       1.2574
     146       1.2398
     147       1.2476
     148       1.3459
     149       1.3988
     150       1.5256
     151       1.6314
     152       1.6337
     153       1.4931
     154       1.4292
     155       1.4266
     156       1.5356
     157       1.5230
     158       1.3776
     159       1.2486
     160       1.2565
     161       1.2418
     162       1.2049
     163       1.2807
     164       1.2005
     165       1.2083
     166       1.3189
     167       1.2449
     168       1.3797
     169       1.4286
     170       1.3172
     171       1.3826
     172       1.3520
     173       1.3867
     174       1.4665
     175       1.5011
     176       1.3879
     177       1.3635
     178       1.4959
     179       1.5645
     180       1.5566
     181       1.4994
     182       1.5114
     183       1.4765
     184       1.3328
     185       1.3220
     186       1.1938
     187       1.1744
     188       1.2076
     189       1.3265
     190       1.2990
     191       1.3054
     192       1.2620
     193       1.3368
     194       1.1506
     195       1.1829
     196       1.1619
     197       1.1737
     198       1.2731
     199       1.3221
     200       1.2297
     201       1.2984
     202       1.3499
     203       1.4300
     204       1.4647
     205       1.3024
     206       1.2223
     207       1.0688
     208       1.0196
     209       1.0317
     210       1.0921
     211       1.1617
     212       1.1957
     213       1.1031
     214       1.1289
     215       1.0969
     216       1.0750
     217       1.2165
     218       1.1614
     219       1.1486
     220       1.0106
     221       0.9820
     222       1.2164
     223       1.1991
     224       1.1943
     225       1.2423
     226       1.2332
     227       1.2353
     228       1.3443
     229       1.1826
     230       1.1611
     231       1.1468
     232       1.1266
     233       1.0439
     234       1.1491
     235       1.0828
     236       1.0398
     237       1.0057
     238       0.9807
     239       0.9862
     240       1.0772
     241       1.0175
     242       0.9653
     243       0.9012
     244       0.9835
     245       0.9541
     246       0.9279
     247       1.0004
     248       1.0233
     249       1.0418
     250       1.0491
     251       1.0202
     252       1.0340
     253       1.0947
     254       1.1466
     255       1.1403
     256       1.0959
     257       1.1851
     258       1.1541
     259       1.1893
     260       1.1643
     261       1.0852
     262       0.9498
     263       0.9880
     264       1.0467
     265       0.9732
     266       1.0576
     267       1.1059
     268       1.1382
     269       1.2440
     270       1.2534
     271       1.3588
     272       1.3237
     273       1.3518
     274       1.2800
     275       1.1916
     276       1.3286
     277       1.2671
     278       1.3410
     279       1.2614
     280       1.2880
     281       1.2734
     282       1.1426
     283       1.2016
     284       1.2671
     285       1.1400
     286       1.2646
     287       1.2633
     288       1.2975
     289       1.2243
     290       1.2466
     291       1.1903
     292       1.2392
     293       1.3482
     294       1.3473
     295       1.3604
     296       1.3387
     297       1.2387
     298       1.2366
     299       1.2120
     300       1.1879
     301       1.2282
     302       1.2412
     303       1.3229
     304       1.2177
     305       1.1841
     306       1.1823
     307       1.1639
     308       1.1911
     309       1.2479
     310       1.2560
     311       1.4337
     312       1.3884
     313       1.2928
     314       1.2056
     315       1.2439
     316       1.2466
     317       1.2602
     318       1.2832
     319       1.4683
     320       1.4612
     321       1.6125
     322       1.4501
     323       1.4830
     324       1.4577
     325       1.5772
     326       1.5760
     327       1.5709
     328       1.6199
     329       1.5358
     330       1.5306
     331       1.5072
     332       1.4575
     333       1.5815
     334       1.6165
     335       1.5767
     336       1.4709
     337       1.5192
     338       1.6080
     339       1.5557
     340       1.4238
     341       1.4046
     342       1.4111
     343       1.4577
     344       1.3091
     345       1.5585
     346       1.4737
     347       1.3611
     348       1.2828
     349       1.2836
     350       1.2952
     351       1.2722
     352       1.1142
     353       1.1753
     354       1.1884
     355       1.2358
     356       1.1910
     357       1.2883
     358       1.2489
     359       1.2875
     360       1.2023
     361       1.2696
     362       1.3186
     363       1.2412
     364       1.1508
     365       1.3198
     366       1.3249
     367       1.3703
     368       1.2678
     369       1.4506
     370       1.4225
     371       1.4862
     372       1.4370
     373       1.4987
     374       1.5403
     375       1.5745
     376       1.4819
     377       1.4077
     378       1.3755
     379       1.4082
     380       1.4251
     381       1.4440
     382       1.4443
     383       1.2904
     384       1.2587
     385       1.3449
     386       1.2433
     387       1.2733
     388       1.3532
     389       1.2906
     390       1.3174
     391       1.3099
     392       1.3111
     393       1.3199
     394       1.3842
     395       1.3779
     396       1.2286
     397       1.1966
     398       1.0819
     399       1.1284
     400       1.2935
     401       1.1926
     402       1.2355
     403       1.1692
     404       1.1550
     405       1.2050
     406       1.2055
     407       1.2324
     408       1.2728
     409       1.3105
     410       1.3225
     411       1.2797
     412       1.3719
     413       1.1920
     414       1.2769
     415       1.3702
     416       1.3080
     417       1.2858
     418       1.3910
     419       1.2637
     420       1.3096
     421       1.4352
     422       1.4421
     423       1.4190
     424       1.4610
     425       1.5459
     426       1.4851
     427       1.5689
     428       1.5558
     429       1.5234
     430       1.6599
     431       1.5899
     432       1.6144
     433       1.5705
     434       1.4784
     435       1.4732
     436       1.6110
     437       1.5772
     438       1.6946
     439       1.5417
     440       1.5824
     441       1.5136
     442       1.6445
     443       1.6419
     444       1.6628
     445       1.6614
     446       1.6523
     447       1.6787
     448       1.6584
     449       1.5973
     450       1.4899
     451       1.5583
     452       1.4693
     453       1.4719
     454       1.6089
     455       1.5143
     456       1.6450
     457       1.6285
     458       1.6277
     459       1.6160
     460       1.5878
     461       1.5659
     462       1.5334
     463       1.6345
     464       1.7091
     465       1.6970
     466       1.7490
     467       1.8015
     468       1.7120
     469       1.6921
     470       1.6926
     471       1.5769
     472       1.4681
     473       1.4904
     474       1.6604
     475       1.6975
     476       1.7664
     477       1.7950
     478       1.9516
     479       1.8254
     480       1.7249
     481       1.7087
     482       1.8006
     483       1.7266
     484       1.5780
     485       1.6990
     486       1.5909
     487       1.6662
     488       1.8142
     489       1.6820
     490       1.7697
     491       1.5975
     492       1.5619
     493       1.6018
     494       1.5846
     495       1.4713
     496       1.5501
     497       1.5218
     498       1.5499
     499       1.5237
     500       1.5930
     501       1.5568
     502       1.5678
     503       1.5571
     504       1.6772
     505       1.6519
     506       1.5319
     507       1.5313
     508       1.4113
     509       1.4118
     510       1.4538
     511       1.4311
     512       1.4738
     513       1.5269
     514       1.4289
     515       1.4660
     516       1.5071
     517       1.4978
     518       1.4911
     519       1.5714
     520       1.5213
     521       1.4295
     522       1.3829
     523       1.4863
     524       1.5220
     525       1.5272
     526       1.3895
     527       1.4081
     528       1.4592
     529       1.4118
     530       1.5016
     531       1.4226
     532       1.4812
     533       1.4418
     534       1.4465
     535       1.4103
     536       1.4776
     537       1.3610
     538       1.3723
     539       1.2882
     540       1.3763
     541       1.4764
     542       1.4445
     543       1.4292
     544       1.5256
     545       1.4682
     546       1.4520
     547       1.6322
     548       1.7131
     549       1.6402
     550       1.5554
     551       1.6173
     552       1.5916
     553       1.5297
     554       1.4605
     555       1.4941
     556       1.4718
     557       1.4965
     558       1.4422
     559       1.4973
     560       1.4550
     561       1.6880
     562       1.6961
     563       1.6573
     564       1.7260
     565       1.7276
     566       1.6811
     567       1.5592
     568       1.5792
     569       1.5846
     570       1.5617
     571       1.4483
     572       1.4787
     573       1.3981
     574       1.3970
     575       1.4026
     576       1.3975
     577       1.3811
     578       1.4019
     579       1.5144
     580       1.4492
     581       1.5491
     582       1.5292
     583       1.5194
     584       1.4917
     585       1.5117
     586       1.3621
     587       1.4043
     588       1.4410
     589       1.4245
     590       1.4839
     591       1.4624
     592       1.5216
     593       1.4522
     594       1.4316
     595       1.3536
     596       1.3844
     597       1.4336
     598       1.3479
     599       1.4342
     600       1.3488
     601       1.3232
     602       1.3223
     603       1.3645
     604       1.2832
     605       1.2152
     606       1.2001
     607       1.2678
     608       1.1576
     609       1.1438
     610       1.2750
     611       1.2250
     612       1.1866
     613       1.1187
     614       1.0708
     615       1.1075
     616       1.0820
     617       1.0435
     618       1.0327
     619       1.0501
     620       0.9972
     621       1.0162
     622       1.1243
     623       1.1209
     624       1.0735
     625       1.0879
     626       1.1266
     627       1.1027
     628       1.0178
     629       1.0159
     630       1.0435
     631       1.0046
     632       0.9880
     633       1.0438
     634       1.0194
     635       1.0384
     636       1.0575
     637       1.0351
     638       1.0534
     639       1.0204
     640       1.1323
     641       1.1277
     642       1.0868
     643       1.0935
     644       1.0915
     645       0.9977
     646       1.0645
     647       1.1474
     648       1.0923
     649       1.1063
     650       1.1741
     651       1.2185
     652       1.1867
     653       1.2945
     654       1.2402
     655       1.2863
     656       1.1815
     657       1.2568
     658       1.2111
     659       1.2285
     660       1.1938
     661       1.1236
     662       1.0625
     663       1.0658
     664       1.0512
     665       1.0873
     666       1.1702
     667       1.0327
     668       1.0233
     669       1.1592
     670       1.0246
     671       1.1220
     672       1.0760
     673       1.0801
     674       1.0694
     675       1.0658
     676       1.0417
     677       0.9861
     678       1.0070
     679       0.9975
     680       1.0405
     681       0.9590
     682       0.9783
     683       0.9719
     684       1.0229
     685       1.0187
     686       0.9628
     687       1.0082
     688       1.0633
     689       1.0150
     690       0.9653
     691       0.9681
     692       1.0056
     693       1.0182
     694       1.0406
     695       0.9893
     696       1.0358
     697       1.0374
     698       0.9758
     699       1.0055
     700       1.0484
     701       1.0263
     702       0.9921
     703       1.0162
     704       1.0068
     705       1.0135
     706       1.0526
     707       1.0307
     708       1.1131
     709       1.0470
     710       1.0302
     711       0.9880
     712       1.0840
     713       1.1194
     714       1.0383
     715       1.0995
     716       1.1093
     717       1.0644
     718       1.1306
     719       1.1430
     720       1.1597
     721       1.1375
     722       1.0543
     723       1.0618
     724       1.1119
     725       1.1669
     726       1.0990
     727       1.1169
     728       1.0627
     729       1.0954
     730       1.0596
     731       1.1573
     732       1.1753
     733       1.1720
     734       1.0717
     735       1.1119
     736       1.0831
     737       1.0782
     738       1.2076
     739       1.1503
     740       1.0934
     741       1.0934
     742       1.0460
     743       1.0932
     744       1.1911
     745       1.1162
     746       1.0859
     747       1.0484
     748       1.1610
     749       1.1283
     750       1.0934
     751       1.1316
     752       1.0557
     753       1.0634
     754       1.0462
     755       1.0798
     756       1.0576
     757       1.0466
     758       1.0375
     759       1.0400
     760       1.0659
     761       1.0994
     762       1.1103
     763       1.0718
     764       1.0668
     765       1.0496
     766       1.0577
     767       1.1763
     768       1.1740
     769       1.0819
     770       1.1146
     771       1.1022
     772       1.0960
     773       1.1118
     774       1.1108
     775       1.1571
     776       1.1830
     777       1.2072
     778       1.2522
     779       1.2247
     780       1.3981
     781       1.3397
     782       1.3552
     783       1.3087
     784       1.2168
     785       1.0968
     786       1.1943
     787       1.0668
     788       1.0883
     789       1.1251
     790       1.1234
     791       1.1336
     792       1.1390
     793       1.0904
     794       1.0801
     795       1.0772
     796       1.1107
     797       1.0967
     798       1.1810
     799       1.1689
     800       1.1223
     801       1.1221
     802       1.0570
     803       1.0627
     804       1.1450
     805       1.1592
     806       1.1662
     807       1.1425
     808       1.1966
     809       1.1637
     810       1.1636
     811       1.2414
     812       1.2010
     813       1.1915
     814       1.1404
     815       1.0519
     816       1.1374
     817       1.2638
     818       1.1524
     819       1.1791
     820       1.2095
     821       1.2891
     822       1.2243
     823       1.1369
     824       1.1349
     825       1.1470
     826       1.1802
     827       1.1471
     828       1.1751
     829       1.0750
     830       1.1087
     831       1.1442
     832       1.1351
     833       1.1752
     834       1.1491
     835       1.1310
     836       1.1048
     837       1.1086
     838       1.0696
     839       1.0733
     840       1.0935
     841       1.0894
     842       1.0734
     843       1.1161
     844       0.9858
     845       1.0754
     846       1.1185
     847       1.1894
     848       1.1745
     849       1.1460
     850       1.1365
     851       1.2080
     852       1.0892
     853       1.0295
     854       1.1070
     855       1.1121
     856       1.1468
     857       1.0722
     858       1.1703
     859       1.0579
     860       1.0923
     861       1.0825
     862       1.1084
     863       1.0595
     864       1.1235
     865       1.0822
     866       1.0676
     867       1.1047
     868       1.1648
     869       1.0955
     870       1.1216
     871       1.1436
     872       1.1846
     873       1.2441
     874       1.1908
     875       1.1941
     876       1.0659
     877       1.1417
     878       1.1715
     879       1.2598
     880       1.2845
     881       1.1910
     882       1.1234
     883       1.0654
     884       1.1786
     885       1.1677
     886       1.1222
     887       1.1790
     888       1.2056
     889       1.3070
     890       1.3047
     891       1.3608
     892       1.4495
     893       1.2670
     894       1.3000
     895       1.2464
     896       1.1426
     897       1.1854
     898       1.1943
     899       1.1248
     900       1.1775
     901       1.0942
     902       1.2031
     903       1.2265
     904       1.1867
     905       1.1833
     906       1.1320
     907       1.1579
     908       1.2378
     909       1.2179
     910       1.1520
     911       1.2160
     912       1.2880
     913       1.3939
     914       1.3029
     915       1.2326
     916       1.2903
     917       1.3619
     918       1.2905
     919       1.2460
     920       1.2369
     921       1.3447
     922       1.2616
     923       1.2435
     924       1.1535
     925       1.1643
     926       1.0769
     927       1.1647
     928       1.1604
     929       1.1923
     930       1.1527
     931       1.1356
     932       1.1468
     933       1.0925
     934       1.1862
     935       1.1915
     936       1.2521
     937       1.1437
     938       1.1400
     939       1.1419
     940       1.1851
     941       1.1552
     942       1.1231
     943       1.2150
     944       1.1894
     945       1.2725
     946       1.2543
     947       1.2120
     948       1.1797
     949       1.1643
     950       1.1948
     951       1.2049
     952       1.1571
     953       1.0588
     954       1.0960
     955       1.1293
     956       1.1865
     957       1.1780
     958       1.1886
     959       1.1531
     960       1.1724
     961       1.2749
     962       1.2062
     963       1.1032
     964       1.2233
     965       1.1438
     966       1.1271
     967       1.0513
     968       1.0736
     969       1.1035
     970       1.1907
     971       1.2756
     972       1.2844
     973       1.2865
     974       1.3963
     975       1.3280
     976       1.4395
     977       1.4340
     978       1.4016
     979       1.3128
     980       1.2097
     981       1.2390
     982       1.2410
     983       1.2287
     984       1.2749
     985       1.1690
     986       1.1123
     987       1.1054
     988       1.1812
     989       1.0796
     990       1.1283
     991       1.1066
     992       1.0842
     993       1.0987
     994       1.0604
     995       1.1111
     996       1.0814
     997       1.1332
     998       1.0558
     999       1.0504
    1000       1.0694
