#Res        AtomicFlx
   1.000       2.5401
   2.000       1.0640
   3.000       0.6533
   4.000       0.5592
   5.000       0.4078
   6.000       0.3747
   7.000       0.3455
   8.000       0.3606
   9.000       0.3995
  10.000       0.4181
  11.000       0.4434
  12.000       0.3229
  13.000       0.2901
  14.000       0.4012
  15.000       0.3720
  16.000       0.3672
  17.000       0.3625
  18.000       0.3794
  19.000       0.4168
  20.000       0.4060
  21.000       0.4320
  22.000       0.5096
  23.000       0.5542
  24.000       0.5674
  25.000       0.7116
  26.000       0.6433
  27.000       0.5798
  28.000       0.4610
  29.000       0.4196
  30.000       0.3713
  31.000       0.3610
  32.000       0.3674
  33.000       0.4108
  34.000       0.4281
  35.000       0.5287
  36.000       0.5116
  37.000       0.4580
  38.000       0.4532
  39.000       0.3404
  40.000       0.3228
  41.000       0.3974
  42.000       0.4515
  43.000       0.4976
  44.000       0.8068
  45.000       0.9948
  46.000       1.0282
  47.000       1.1605
  48.000       1.0150
  49.000       0.8758
  50.000       0.7781
  51.000       0.6836
  52.000       0.6680
  53.000       0.4814
  54.000       0.4322
  55.000       0.3881
  56.000       0.4306
  57.000       0.5141
  58.000       0.4223
  59.000       0.4117
  60.000       0.4818
  61.000       0.5032
  62.000       0.5418
  63.000       0.4475
  64.000       0.4580
  65.000       0.4058
  66.000       0.3829
  67.000       0.4281
  68.000       0.4203
  69.000       0.4243
  70.000       0.4920
  71.000       0.5546
  72.000       0.5396
  73.000       0.4960
  74.000       0.6175
  75.000       0.5335
  76.000       0.5859
  77.000       0.5280
  78.000       0.4463
  79.000       0.4783
  80.000       0.5923
  81.000       0.5400
  82.000       0.6204
  83.000       0.6788
  84.000       0.6867
  85.000       0.7419
  86.000       0.6281
  87.000       0.6027
  88.000       0.6419
  89.000       0.6660
  90.000       0.7698
  91.000       1.0482
  92.000       1.0209
  93.000       0.8743
  94.000       0.7766
  95.000       0.7145
  96.000       0.7204
  97.000       0.6731
  98.000       0.7293
  99.000       0.8985
 100.000       0.7521
 101.000       0.6641
 102.000       0.6603
 103.000       0.7589
 104.000       0.7656
 105.000       0.9831
 106.000       0.9049
 107.000       0.9710
 108.000       0.9058
 109.000       0.7524
 110.000       0.6920
 111.000       0.6254
 112.000       0.5846
 113.000       0.6125
 114.000       0.6078
 115.000       0.5791
 116.000       0.5640
 117.000       0.5886
 118.000       0.5690
 119.000       0.5410
 120.000       0.5245
 121.000       0.4928
 122.000       0.5199
 123.000       0.6200
 124.000       0.6751
 125.000       0.7355
 126.000       0.7024
 127.000       0.5645
 128.000       0.6324
 129.000       0.9084
 130.000       0.8224
 131.000       0.6148
 132.000       0.5167
 133.000       0.5855
 134.000       0.6607
 135.000       0.6636
 136.000       0.8506
 137.000       0.7587
 138.000       0.6180
 139.000       0.7222
 140.000       0.6711
 141.000       0.5281
 142.000       0.4750
 143.000       0.5581
 144.000       0.5388
 145.000       0.4870
 146.000       0.4635
 147.000       0.5167
 148.000       0.5754
 149.000       0.5489
 150.000       0.5827
 151.000       0.7509
 152.000       0.8369
 153.000       0.6528
 154.000       0.6973
 155.000       0.7295
 156.000       0.7764
 157.000       0.8885
 158.000       0.8171
 159.000       0.6630
 160.000       0.6580
 161.000       0.6100
 162.000       0.5592
 163.000       0.5309
 164.000       0.5426
 165.000       0.5443
 166.000       0.5322
 167.000       0.4989
 168.000       0.4955
 169.000       0.5011
 170.000       0.5705
 171.000       0.5649
 172.000       0.5661
 173.000       0.6816
 174.000       0.5962
 175.000       0.5031
 176.000       0.5259
 177.000       0.5214
 178.000       0.4470
 179.000       0.4237
 180.000       0.4266
 181.000       0.4342
 182.000       0.4213
 183.000       0.4173
 184.000       0.4075
 185.000       0.3932
 186.000       0.3940
 187.000       0.4163
 188.000       0.4039
 189.000       0.3843
 190.000       0.4653
 191.000       0.5347
 192.000       0.5001
 193.000       0.4505
 194.000       0.4771
 195.000       0.4805
 196.000       0.7231
 197.000       0.8129
 198.000       0.8240
 199.000       0.7785
 200.000       0.5555
 201.000       0.4771
 202.000       0.5014
 203.000       0.5483
 204.000       0.5333
 205.000       0.4241
 206.000       0.4149
 207.000       0.4567
 208.000       0.4650
 209.000       0.5434
 210.000       0.5053
 211.000       0.5202
 212.000       0.5354
 213.000       0.6236
 214.000       0.5619
 215.000       0.4933
 216.000       0.4693
 217.000       0.5396
 218.000       0.5025
 219.000       0.4510
 220.000       0.5131
 221.000       0.6311
 222.000       0.6251
 223.000       0.5703
 224.000       0.7021
 225.000       0.6900
 226.000       0.5205
 227.000       0.4595
 228.000       0.4668
 229.000       0.4710
 230.000       0.4977
 231.000       0.5436
 232.000       0.4770
 233.000       0.4254
 234.000       0.5145
 235.000       0.5065
 236.000       0.5086
 237.000       0.5408
 238.000       0.5334
 239.000       0.6658
 240.000       0.8747
 241.000       1.0995
 242.000       0.6978
 243.000       0.5110
 244.000       0.5037
 245.000       0.4850
 246.000       0.5001
 247.000       0.5259
 248.000       0.6395
 249.000       0.7158
 250.000       0.8316
 251.000       0.6156
 252.000       0.6127
 253.000       0.5340
 254.000       0.5794
 255.000       0.5161
 256.000       0.5385
 257.000       0.4536
 258.000       0.4000
 259.000       0.3459
 260.000       0.3898
 261.000       0.3975
 262.000       0.4675
 263.000       0.5674
 264.000       0.6768
 265.000       0.6452
 266.000       0.5110
 267.000       0.5986
 268.000       0.6448
 269.000       0.6626
 270.000       0.5600
 271.000       0.5902
 272.000       0.5744
 273.000       0.6021
 274.000       0.6454
 275.000       0.7015
 276.000       0.6807
 277.000       0.7541
 278.000       0.8463
 279.000       0.7771
 280.000       0.6735
 281.000       0.6564
 282.000       0.6186
 283.000       0.5665
 284.000       0.5530
 285.000       0.6064
 286.000       0.5836
 287.000       0.4730
 288.000       0.5215
 289.000       0.5313
 290.000       0.5488
 291.000       0.6041
 292.000       0.6769
 293.000       0.5339
 294.000       0.3776
 295.000       0.3836
 296.000       0.4179
 297.000       0.4493
 298.000       0.5134
 299.000       0.6237
 300.000       0.8202
 301.000       0.9124
 302.000       0.8154
 303.000       0.7674
 304.000       0.6664
 305.000       0.8657
 306.000       1.0362
 307.000       0.9701
 308.000       0.9483
 309.000       0.7578
 310.000       0.6018
 311.000       0.5720
 312.000       0.5858
 313.000       0.6004
 314.000       0.5590
 315.000       0.5630
 316.000       0.7456
 317.000       0.9691
 318.000       1.2355
 319.000       1.2896
 320.000       0.8375
 321.000       0.7778
 322.000       0.5359
 323.000       0.5958
 324.000       0.4727
 325.000       0.4307
 326.000       0.5271
 327.000       0.5671
 328.000       0.5338
 329.000       0.6449
 330.000       0.7443
 331.000       1.0382
 332.000       1.0353
 333.000       0.9837
 334.000       0.8650
 335.000       0.6892
 336.000       0.6375
 337.000       0.5117
 338.000       0.4537
 339.000       0.3937
 340.000       0.4643
 341.000       0.4205
 342.000       0.4727
 343.000       0.6770
 344.000       0.9762
 345.000       1.0280
 346.000       0.8594
 347.000       0.9926
 348.000       1.3571
 349.000       1.3063
 350.000       0.9669
 351.000       1.0998
 352.000       1.2909
 353.000       1.1166
 354.000       1.0710
 355.000       0.8759
 356.000       0.8590
 357.000       0.9078
 358.000       0.7756
 359.000       0.6375
 360.000       0.7262
 361.000       0.7512
 362.000       0.5992
 363.000       0.5780
 364.000       0.6592
 365.000       0.6030
 366.000       0.5913
 367.000       0.6586
 368.000       0.7415
 369.000       0.6722
 370.000       0.6924
 371.000       0.8572
 372.000       0.8281
 373.000       0.8308
 374.000       0.7602
 375.000       0.6511
 376.000       0.7080
 377.000       0.8014
 378.000       0.6711
 379.000       0.6680
 380.000       0.6165
 381.000       0.5353
 382.000       0.5506
 383.000       0.5461
 384.000       0.4882
 385.000       0.5357
 386.000       0.4918
 387.000       0.8592
 388.000       0.8726
 389.000       0.7463
 390.000       0.7782
 391.000       0.4651
 392.000       0.4420
 393.000       0.7088
 394.000       0.6388
 395.000       0.5370
 396.000       0.4987
 397.000       0.4491
 398.000       0.4324
 399.000       0.4544
 400.000       0.4296
 401.000       0.4635
 402.000       0.4736
 403.000       0.5420
 404.000       0.5087
 405.000       0.4925
 406.000       0.5530
 407.000       0.5998
 408.000       0.5792
 409.000       0.5576
 410.000       0.5678
 411.000       0.5771
 412.000       0.6696
 413.000       0.5177
 414.000       0.5251
 415.000       0.4718
 416.000       0.5477
 417.000       0.5959
 418.000       0.4684
 419.000       0.4300
 420.000       0.3744
 421.000       0.3897
 422.000       0.3601
 423.000       0.3260
 424.000       0.3013
 425.000       0.3705
 426.000       0.3834
 427.000       0.4120
 428.000       0.7311
 429.000       0.4808
 430.000       0.3842
 431.000       0.3665
 432.000       0.3853
 433.000       0.3561
 434.000       0.3372
 435.000       0.3465
 436.000       0.3547
 437.000       0.3174
 438.000       0.3307
 439.000       0.3764
 440.000       0.3454
 441.000       0.3673
 442.000       0.3646
 443.000       0.3633
 444.000       0.3663
 445.000       0.3881
 446.000       0.4098
 447.000       0.4062
 448.000       0.4351
 449.000       0.5150
 450.000       0.5775
 451.000       0.6013
 452.000       0.6825
 453.000       0.8753
 454.000       0.8863
 455.000       0.8549
 456.000       1.0392
 457.000       0.9905
 458.000       1.0904
 459.000       0.8097
 460.000       0.6620
 461.000       0.7774
 462.000       0.9667
 463.000       0.8553
 464.000       0.6309
 465.000       0.7352
 466.000       0.7484
 467.000       0.7065
 468.000       1.0771
 469.000       0.8922
 470.000       0.6730
 471.000       0.7752
 472.000       0.9235
 473.000       0.8688
 474.000       1.1209
 475.000       1.1141
 476.000       2.6428
 477.000       3.2519
 478.000       2.8789
 479.000       1.8966
 480.000       1.4212
 481.000       1.2573
 482.000       1.5604
 483.000       1.5465
 484.000       1.0227
 485.000       1.1874
 486.000       1.2782
 487.000       0.9363
 488.000       1.4701
 489.000       1.8452
 490.000       1.5739
 491.000       1.6279
 492.000       2.3794
 493.000       2.7351
 494.000       2.7589
 495.000       3.1042
 496.000       3.8019
 497.000       4.3810
 498.000       4.9751
 499.000       5.7558
