#Frame         ligrms
       1       0.0000
       2       0.7128
       3       0.6943
       4       0.9707
       5       1.0620
       6       1.7189
       7       1.5006
       8       1.4952
       9       1.4697
      10       1.5565
      11       1.5242
      12       1.9387
      13       1.6353
      14       1.0349
      15       1.6818
      16       1.5815
      17       1.9045
      18       1.9190
      19       1.9728
      20       2.2205
      21       2.3052
      22       1.9672
      23       1.9190
      24       2.2083
      25       1.8476
      26       2.1236
      27       1.8316
      28       2.0169
      29       2.2242
      30       2.0224
      31       1.7573
      32       1.7231
      33       1.8008
      34       2.2930
      35       1.7069
      36       1.9815
      37       1.8540
      38       1.6185
      39       1.8026
      40       1.6644
      41       1.8886
      42       2.2065
      43       1.7241
      44       2.1102
      45       2.2870
      46       1.7064
      47       1.5977
      48       1.8946
      49       2.2373
      50       2.2861
      51       2.2455
      52       2.0216
      53       1.9431
      54       2.1467
      55       2.1484
      56       2.0761
      57       2.5597
      58       2.0890
      59       2.0561
      60       2.1956
      61       2.2424
      62       2.1231
      63       2.1243
      64       1.9292
      65       1.8884
      66       2.2095
      67       1.7307
      68       1.5631
      69       1.9169
      70       1.8800
      71       1.7435
      72       2.0224
      73       1.6587
      74       2.2122
      75       1.6055
      76       2.0484
      77       2.0582
      78       1.8587
      79       1.8574
      80       1.6514
      81       1.7651
      82       1.9964
      83       1.6915
      84       1.7672
      85       1.5412
      86       1.9029
      87       2.1897
      88       1.8291
      89       1.9624
      90       1.7923
      91       1.5255
      92       1.6817
      93       1.6716
      94       1.9428
      95       1.6944
      96       1.9448
      97       1.9718
      98       1.6864
      99       2.2224
     100       2.0594
     101       2.0170
     102       1.9720
     103       1.8774
     104       2.3426
     105       2.2960
     106       1.8371
     107       1.8050
     108       1.6451
     109       2.1740
     110       1.8645
     111       2.1410
     112       2.0756
     113       1.8141
     114       1.9064
     115       1.5906
     116       2.4369
     117       1.6081
     118       1.7416
     119       1.8881
     120       1.6392
     121       2.0379
     122       1.8692
     123       2.2593
     124       1.8981
     125       2.3263
     126       2.2984
     127       2.0483
     128       1.8386
     129       2.3010
     130       2.1447
     131       2.1271
     132       2.0315
     133       2.1759
     134       2.3406
     135       1.8025
     136       2.1645
     137       1.7060
     138       2.0385
     139       2.0751
     140       1.7628
     141       1.9066
     142       2.1419
     143       2.0694
     144       1.8520
     145       1.9525
     146       1.8961
     147       1.5065
     148       2.0532
     149       1.9974
     150       1.9865
     151       1.6262
     152       1.8178
     153       1.4670
     154       1.8890
     155       2.0666
     156       2.7510
     157       2.2455
     158       2.3843
     159       2.3786
     160       2.3425
     161       2.0140
     162       2.2687
     163       2.3203
     164       2.2805
     165       2.0620
     166       2.2294
     167       1.5395
     168       2.3081
     169       3.7824
     170       3.3701
     171       2.8843
     172       2.5474
     173       3.1180
     174       2.7483
     175       2.6334
     176       2.0976
     177       2.8567
     178       2.7495
     179       2.4599
     180       2.7833
     181       1.8838
     182       2.8894
     183       2.0519
     184       1.8150
     185       1.4570
     186       1.8651
     187       2.5553
     188       1.8745
     189       1.9125
     190       1.9875
     191       2.0221
     192       3.1456
     193       3.3076
     194       2.8995
     195       2.8403
     196       3.0151
     197       3.2793
     198       3.0642
     199       3.0471
     200       2.4069
     201       2.6821
     202       3.2889
     203       3.3168
     204       3.8887
     205       3.4093
     206       3.5430
     207       3.6146
     208       2.5225
     209       2.3695
     210       2.2132
     211       2.6612
     212       2.9628
     213       2.5677
     214       2.9963
     215       3.0392
     216       2.9968
     217       2.7367
     218       3.3726
     219       3.0529
     220       2.9903
     221       3.3591
     222       3.7867
     223       3.5297
     224       3.6123
     225       3.5279
     226       2.8544
     227       2.8313
     228       3.0584
     229       2.9067
     230       2.8921
     231       3.1980
     232       3.2307
     233       3.2338
     234       2.8925
     235       3.2198
     236       3.5836
     237       3.4163
     238       2.9450
     239       3.5172
     240       3.4822
     241       3.2405
     242       3.3839
     243       3.6696
     244       3.2531
     245       3.1485
     246       3.4507
     247       3.4334
     248       3.4502
     249       3.5372
     250       3.4071
     251       3.3106
     252       2.6105
     253       3.0734
     254       3.3026
     255       3.4311
     256       4.3346
     257       4.1912
     258       4.4637
     259       3.8686
     260       3.8794
     261       3.7522
     262       3.5940
     263       3.8676
     264       3.6853
     265       4.2555
     266       3.8310
     267       4.2777
     268       3.9528
     269       3.8843
     270       3.8768
     271       3.6473
     272       4.2066
     273       3.9288
     274       4.5553
     275       4.8378
     276       5.1857
     277       5.3158
     278       4.5897
     279       3.6080
     280       3.5160
     281       4.0124
     282       4.2938
     283       4.6911
     284       5.0418
     285       5.2036
     286       5.0280
     287       6.0048
     288       6.4792
     289       6.5069
     290       5.5352
     291       7.1832
     292       7.8964
     293       7.2439
     294       7.8742
     295       7.7148
     296       7.3491
     297       8.5883
     298       7.1482
     299       7.6968
     300       7.8194
     301       8.1140
     302       7.4312
     303       7.1590
     304       6.7945
     305       6.8001
     306       6.4620
     307       6.4793
     308       6.9692
     309       6.5543
     310       7.4403
     311       7.9568
     312       8.6758
     313       8.7837
     314       7.7521
     315       6.3207
     316       7.2079
     317       6.7097
     318       8.3211
     319       8.1103
     320       6.8012
     321       6.9688
     322       6.5346
     323       6.3268
     324       5.5379
     325       5.9028
     326       5.5601
     327       5.2884
     328       5.3132
     329       5.2602
     330       5.1418
     331       4.6978
     332       4.9176
     333       5.0223
     334       4.2917
     335       5.1096
     336       4.8322
     337       4.7069
     338       5.7568
     339       5.5589
     340       6.5783
     341       6.5661
     342       6.5166
     343       6.2617
     344       5.7203
     345       6.0870
     346       6.9424
     347       6.5329
     348       5.6569
     349       5.8809
     350       5.2946
     351       5.1693
     352       5.3727
     353       5.1474
     354       5.4537
     355       5.4328
     356       5.2411
     357       6.3074
     358       5.2078
     359       5.1236
     360       5.2780
     361       4.6131
     362       4.9908
     363       5.3156
     364       4.6592
     365       4.4585
     366       3.4260
     367       4.3483
     368       4.8855
     369       3.8928
     370       4.1589
     371       4.3623
     372       4.9958
     373       4.5362
     374       5.0782
     375       4.3540
     376       4.9743
     377       4.4842
     378       4.8702
     379       4.2020
     380       4.3234
     381       4.2052
     382       4.3538
     383       3.8826
     384       4.1723
     385       4.8520
     386       5.0728
     387       5.0078
     388       4.8168
     389       5.2502
     390       5.7426
     391       5.0004
     392       5.0906
     393       5.0523
     394       4.8708
     395       4.9091
     396       4.5999
     397       4.6568
     398       4.4141
     399       4.4228
     400       4.6211
     401       4.5204
     402       4.5803
     403       4.5283
     404       4.6564
     405       5.0392
     406       4.9873
     407       4.4623
     408       4.9362
     409       4.1700
     410       3.6768
     411       3.5263
     412       3.8685
     413       3.8357
     414       3.5877
     415       3.4871
     416       3.5835
     417       3.7604
     418       3.9119
     419       3.6463
     420       4.3926
     421       4.0645
     422       3.3593
     423       3.6731
     424       3.1048
     425       4.0049
     426       4.1840
     427       3.4577
     428       2.8472
     429       3.0281
     430       3.2324
     431       2.8438
     432       3.2198
     433       4.4173
     434       3.4156
     435       4.0891
     436       4.0960
     437       4.5793
     438       5.6471
     439       5.6028
     440       5.9199
     441       6.9533
     442       6.1791
     443       6.4662
     444       5.8563
     445       6.0867
     446       5.9679
     447       5.9567
     448       6.1953
     449       6.0464
     450       5.9972
     451       6.3139
     452       6.1500
     453       6.1446
     454       6.5038
     455       6.2867
     456       5.9657
     457       5.9015
     458       6.1232
     459       7.0166
     460       5.5749
     461       5.6945
     462       6.1348
     463       5.8636
     464       6.3791
     465       6.3234
     466       6.6401
     467       6.5065
     468       5.8129
     469       6.0523
     470       6.3982
     471       6.4759
     472       6.1900
     473       6.5182
     474       6.1608
     475       6.1160
     476       6.3650
     477       6.0849
     478       5.9684
     479       5.7790
     480       6.4673
     481       6.5712
     482       6.1862
     483       6.4216
     484       6.3934
     485       6.3852
     486       6.3089
     487       6.4448
     488       6.7009
     489       6.6364
     490       6.3925
     491       6.4246
     492       6.6342
     493       6.5991
     494       6.0653
     495       6.0809
     496       6.0750
     497       5.9403
     498       5.8808
     499       6.2551
     500       6.1994
     501       6.4289
     502       6.2453
     503       6.4355
     504       6.6550
     505       6.0143
     506       6.1163
     507       6.2656
     508       6.0661
     509       5.4494
     510       6.2575
     511       5.9134
     512       6.0025
     513       6.0312
     514       5.8399
     515       6.0819
     516       6.5087
     517       5.9206
     518       6.0130
     519       5.6054
     520       5.9442
     521       6.3111
     522       6.1192
     523       5.5852
     524       5.7522
     525       5.6748
     526       5.6590
     527       5.8534
     528       5.6611
     529       5.9838
     530       5.5335
     531       5.9572
     532       5.9386
     533       6.7483
     534       6.4136
     535       5.6947
     536       5.5472
     537       5.1530
     538       5.3812
     539       5.6247
     540       5.5000
     541       5.8376
     542       6.0529
     543       5.7450
     544       5.9627
     545       5.4906
     546       5.9664
     547       5.7329
     548       6.0886
     549       5.4689
     550       6.1754
     551       5.6870
     552       6.0128
     553       5.9411
     554       5.4588
     555       5.9692
     556       5.9489
     557       5.8857
     558       5.9849
     559       5.8149
     560       5.9209
     561       5.6109
     562       5.4284
     563       5.7407
     564       5.9052
     565       6.2669
     566       5.9719
     567       5.7252
     568       6.0725
     569       5.8796
     570       5.6690
     571       5.6523
     572       5.6947
     573       5.8052
     574       6.1032
     575       5.8208
     576       5.6067
     577       5.8784
     578       6.1443
     579       5.9221
     580       5.6784
     581       6.1016
     582       5.8268
     583       5.6569
     584       6.2109
     585       5.8129
     586       5.5615
     587       5.7195
     588       5.8769
     589       6.3299
     590       5.5475
     591       5.7612
     592       5.6415
     593       6.0020
     594       6.2927
     595       5.9410
     596       5.6462
     597       5.7728
     598       5.4892
     599       5.2532
     600       5.8762
     601       6.0297
     602       6.0382
     603       5.5957
     604       5.5481
     605       5.5591
     606       5.6389
     607       5.6141
     608       5.8125
     609       6.0030
     610       6.3245
     611       6.2748
     612       6.3299
     613       6.1637
     614       6.8074
     615       6.1206
     616       6.3023
     617       6.5132
     618       5.9268
     619       6.2170
     620       6.2439
     621       5.7690
     622       5.9364
     623       6.0116
     624       5.9728
     625       6.0621
     626       5.8656
     627       6.1405
     628       6.2031
     629       6.1132
     630       6.2592
     631       6.4304
     632       6.2591
     633       5.6336
     634       5.9943
     635       6.3033
     636       6.2634
     637       5.7999
     638       5.8476
     639       6.0859
     640       6.0324
     641       5.6738
     642       6.1429
     643       5.8843
     644       5.9914
     645       6.4136
     646       6.2096
     647       5.8101
     648       5.5971
     649       6.0232
     650       5.6900
     651       6.1270
     652       6.1757
     653       6.4120
     654       5.8182
     655       5.7371
     656       5.9714
     657       5.7131
     658       5.6105
     659       5.9922
     660       5.7665
     661       5.7782
     662       5.5303
     663       5.8859
     664       6.1702
     665       6.2224
     666       5.9776
     667       5.9548
     668       5.5458
     669       5.6829
     670       6.0147
     671       5.6014
     672       6.0184
     673       6.2658
     674       5.9746
     675       6.0145
     676       6.1021
     677       5.7483
     678       5.6110
     679       5.7656
     680       5.7900
     681       6.1948
     682       5.6042
     683       6.2274
     684       5.8559
     685       5.6876
     686       5.8548
     687       6.2922
     688       5.8751
     689       6.0787
     690       5.9722
     691       5.6836
     692       5.7425
     693       5.6571
     694       5.7290
     695       5.8727
     696       5.8791
     697       5.8044
     698       5.5498
     699       5.8703
     700       5.8412
     701       6.0201
     702       5.8365
     703       5.4697
     704       5.6505
     705       5.7440
     706       5.8852
     707       5.7108
     708       5.7500
     709       5.6798
     710       5.8393
     711       5.9538
     712       6.1183
     713       6.0755
     714       6.3586
     715       5.9678
     716       6.0027
     717       5.9508
     718       5.8198
     719       6.2862
     720       6.0187
     721       6.4230
     722       6.1973
     723       5.7929
     724       5.9358
     725       5.7108
     726       6.0263
     727       6.5775
     728       5.7464
     729       6.0334
     730       5.7783
     731       5.6357
     732       5.8379
     733       5.9061
     734       5.6219
     735       5.9265
     736       5.9977
     737       5.8488
     738       5.7992
     739       5.4192
     740       6.0564
     741       6.0315
     742       5.4854
     743       5.9812
     744       6.1634
     745       5.9095
     746       5.9370
     747       5.9486
     748       5.9644
     749       5.7556
     750       6.0311
     751       5.9755
     752       6.0130
     753       6.1756
     754       6.1445
     755       5.8967
     756       5.8295
     757       5.8665
     758       5.7988
     759       6.0199
     760       5.9514
     761       6.1322
     762       6.1960
     763       6.3010
     764       5.7261
     765       6.4286
     766       6.0556
     767       6.0457
     768       5.9369
     769       6.1307
     770       5.5694
     771       5.4299
     772       5.9655
     773       6.3353
     774       5.7898
     775       5.5985
     776       5.9960
     777       5.9333
     778       6.1039
     779       6.1590
     780       5.6012
     781       6.0169
     782       6.2048
     783       6.2108
     784       6.0773
     785       6.4231
     786       6.4238
     787       6.3699
     788       6.1526
     789       5.8060
     790       6.2773
     791       5.7052
     792       6.0672
     793       6.2246
     794       5.9364
     795       6.0011
     796       5.7112
     797       6.1460
     798       5.9729
     799       6.0205
     800       5.8059
     801       5.9515
     802       5.7556
     803       6.0085
     804       6.3243
     805       6.2353
     806       5.8030
     807       6.2425
     808       5.9034
     809       5.9940
     810       5.9409
     811       6.1310
     812       5.7694
     813       6.0672
     814       6.2862
     815       6.2245
     816       5.9969
     817       5.9253
     818       5.8171
     819       5.8394
     820       5.7237
     821       6.0662
     822       5.3892
     823       6.0551
     824       6.2082
     825       5.7831
     826       6.0964
     827       6.2306
     828       6.1413
     829       6.2296
     830       6.0683
     831       5.9745
     832       5.8593
     833       5.8821
     834       5.8626
     835       6.1099
     836       5.9251
     837       6.2206
     838       6.1404
     839       6.1703
     840       5.9970
     841       5.8166
     842       6.1314
     843       6.0331
     844       5.8967
     845       6.0715
     846       5.4660
     847       5.9180
     848       5.9138
     849       6.0407
     850       5.8955
     851       5.6340
     852       5.9039
     853       5.6509
     854       6.2830
     855       6.0006
     856       5.9533
     857       5.6886
     858       5.6186
     859       5.9266
     860       5.8620
     861       5.7418
     862       5.9590
     863       5.3903
     864       5.6273
     865       5.6530
     866       5.8288
     867       5.7284
     868       5.8869
     869       5.5644
     870       5.8196
     871       5.8663
     872       6.3371
     873       6.0103
     874       5.9637
     875       6.2206
     876       5.9015
     877       6.3408
     878       5.9416
     879       5.8274
     880       5.9520
     881       5.9331
     882       6.0899
     883       6.1603
     884       5.5094
     885       5.8172
     886       5.8840
     887       5.7088
     888       6.3297
     889       5.8131
     890       5.9485
     891       5.9854
     892       5.8635
     893       6.0006
     894       5.8952
     895       6.0594
     896       5.8161
     897       6.1105
     898       5.7880
     899       5.3629
     900       5.6567
     901       5.5431
     902       5.8983
     903       5.9217
     904       5.8682
     905       5.8699
     906       5.5755
     907       5.9335
     908       5.3666
     909       5.8528
     910       5.9190
     911       5.7015
     912       5.9476
     913       5.6701
     914       5.3307
     915       5.8505
     916       5.8338
     917       5.5253
     918       5.3853
     919       5.5487
     920       5.5508
     921       5.5804
     922       5.6920
     923       5.7615
     924       6.1210
     925       5.8905
     926       6.1738
     927       6.0979
     928       5.8938
     929       6.1083
     930       5.6148
     931       5.8291
     932       5.9732
     933       6.0251
     934       6.0850
     935       6.2222
     936       5.9611
     937       5.6981
     938       5.9643
     939       6.2745
     940       5.9919
     941       5.6243
     942       5.5973
     943       5.9238
     944       5.8410
     945       5.8089
     946       6.0060
     947       5.7525
     948       5.7553
     949       5.8834
     950       5.9755
     951       5.9692
     952       5.8223
     953       6.2233
     954       5.7555
     955       5.9029
     956       5.8697
     957       5.7490
     958       5.9585
     959       5.9754
     960       6.2987
     961       6.0670
     962       5.4694
     963       6.0299
     964       5.6202
     965       5.6536
     966       5.3474
     967       5.8483
     968       5.5005
     969       5.7764
     970       6.0307
     971       5.6866
     972       5.4236
     973       5.4130
     974       5.6652
     975       6.0762
     976       5.6711
     977       5.7220
     978       5.7019
     979       5.8246
     980       5.8563
     981       6.1248
     982       5.8570
     983       5.9686
     984       5.9922
     985       5.3992
     986       5.6238
     987       5.6420
     988       5.4103
     989       5.6455
     990       5.3591
     991       5.4126
     992       5.9136
     993       5.8014
     994       5.9796
     995       5.8979
     996       5.8528
     997       5.7498
     998       5.8495
     999       5.6382
    1000       5.1232
