#Frame         fadall
       1       0.0000
       2       0.3319
       3       0.3138
       4       0.3638
       5       0.4224
       6       0.3384
       7       0.3334
       8       0.4640
       9       0.4779
      10       0.3187
      11       0.5090
      12       0.5217
      13       0.3618
      14       0.2856
      15       0.2932
      16       0.4006
      17       0.5081
      18       0.4272
      19       0.5235
      20       0.4019
      21       0.3974
      22       0.4269
      23       0.5703
      24       0.4864
      25       0.4329
      26       0.4081
      27       0.2535
      28       0.2882
      29       0.3109
      30       0.2832
      31       0.3189
      32       0.2553
      33       0.2993
      34       0.2777
      35       0.3891
      36       0.3611
      37       0.3515
      38       0.3560
      39       0.3334
      40       0.3027
      41       0.2686
      42       0.3026
      43       0.3115
      44       0.3291
      45       0.2738
      46       0.3335
      47       0.2083
      48       0.2212
      49       0.4060
      50       0.3950
      51       0.3889
      52       0.2312
      53       0.3413
      54       0.4044
      55       0.3413
      56       0.3129
      57       0.3254
      58       0.4196
      59       0.4663
      60       0.3795
      61       0.3859
      62       0.4609
      63       0.5267
      64       0.5066
      65       0.3885
      66       0.3256
      67       0.3253
      68       0.3327
      69       0.2712
      70       0.3748
      71       0.3998
      72       0.3741
      73       0.3907
      74       0.2946
      75       0.3807
      76       0.3311
      77       0.3496
      78       0.3277
      79       0.3173
      80       0.4104
      81       0.3441
      82       0.3354
      83       0.3491
      84       0.3820
      85       0.3608
      86       0.3770
      87       0.3928
      88       0.4094
      89       0.3912
      90       0.4453
      91       0.4593
      92       0.4023
      93       0.4530
      94       0.4299
      95       0.5129
      96       0.5006
      97       0.3369
      98       0.3391
      99       0.4173
     100       0.4580
     101       0.3672
     102       0.4412
     103       0.4435
     104       0.4234
     105       0.3434
     106       0.3710
     107       0.3898
     108       0.3653
     109       0.3966
     110       0.3719
     111       0.3618
     112       0.3700
     113       0.3895
     114       0.3342
     115       0.2908
     116       0.3922
     117       0.4961
     118       0.3592
     119       0.4027
     120       0.4676
     121       0.4247
     122       0.3556
     123       0.2956
     124       0.4042
     125       0.2962
     126       0.3621
     127       0.3791
     128       0.3829
     129       0.3491
     130       0.3139
     131       0.3407
     132       0.3688
     133       0.2643
     134       0.2880
     135       0.3409
     136       0.4364
     137       0.3672
     138       0.3835
     139       0.3340
     140       0.3698
     141       0.3458
     142       0.2646
     143       0.3101
     144       0.4081
     145       0.3165
     146       0.2635
     147       0.2450
     148       0.3227
     149       0.4331
     150       0.3001
     151       0.2423
     152       0.2661
     153       0.3190
     154       0.2877
     155       0.2637
     156       0.2791
     157       0.2965
     158       0.2663
     159       0.3328
     160       0.3265
     161       0.3997
     162       0.4836
     163       0.3391
     164       0.4737
     165       0.3068
     166       0.4667
     167       0.3179
     168       0.4380
     169       0.4264
     170       0.4373
     171       0.3133
     172       0.4244
     173       0.3741
     174       0.3873
     175       0.3336
     176       0.4437
     177       0.2838
     178       0.5867
     179       0.5058
     180       0.3615
     181       0.3869
     182       0.3404
     183       0.3186
     184       0.3300
     185       0.3447
     186       0.3559
     187       0.3783
     188       0.3506
     189       0.4032
     190       0.5205
     191       0.4334
     192       0.3457
     193       0.4592
     194       0.3246
     195       0.2975
     196       0.3756
     197       0.4712
     198       0.4945
     199       0.4742
     200       0.3592
     201       0.4027
     202       0.4216
     203       0.6000
     204       0.5200
     205       0.4023
     206       0.4249
     207       0.4334
     208       0.4504
     209       0.4374
     210       0.3342
     211       0.3307
     212       0.4294
     213       0.3611
     214       0.4531
     215       0.4019
     216       0.5231
     217       0.3391
     218       0.4029
     219       0.4248
     220       0.4022
     221       0.4522
     222       0.4720
     223       0.4228
     224       0.5140
     225       0.4138
     226       0.3775
     227       0.4119
     228       0.4169
     229       0.4263
     230       0.4071
     231       0.5022
     232       0.4288
     233       0.4314
     234       0.4168
     235       0.3888
     236       0.3777
     237       0.4019
     238       0.3887
     239       0.4550
     240       0.5224
     241       0.3895
     242       0.3985
     243       0.3628
     244       0.3971
     245       0.3889
     246       0.3873
     247       0.4385
     248       0.3948
     249       0.4953
     250       0.4734
     251       0.4967
     252       0.4731
     253       0.4898
     254       0.4682
     255       0.4291
     256       0.4398
     257       0.4201
     258       0.4397
     259       0.4013
     260       0.3937
     261       0.3736
     262       0.3632
     263       0.3928
     264       0.4907
     265       0.5249
     266       0.4231
     267       0.5324
     268       0.4380
     269       0.5301
     270       0.4594
     271       0.5045
     272       0.3530
     273       0.4303
     274       0.5557
     275       0.6656
     276       0.5865
     277       0.6622
     278       0.6720
     279       0.5882
     280       0.6444
     281       0.6530
     282       0.7264
     283       0.5904
     284       0.8171
     285       0.6740
     286       0.5233
     287       0.4195
     288       0.5572
     289       0.5712
     290       0.4508
     291       0.5018
     292       0.5822
     293       0.6284
     294       0.5580
     295       0.4272
     296       0.4197
     297       0.4186
     298       0.6077
     299       0.5500
     300       0.4756
     301       0.5501
     302       0.4663
     303       0.4432
     304       0.4856
     305       0.4323
     306       0.5014
     307       0.5025
     308       0.5227
     309       0.5150
     310       0.5304
     311       0.5634
     312       0.5695
     313       0.4096
     314       0.4048
     315       0.4287
     316       0.5160
     317       0.5602
     318       0.5348
     319       0.4893
     320       0.3599
     321       0.4599
     322       0.5479
     323       0.4897
     324       0.4358
     325       0.6017
     326       0.4553
     327       0.3590
     328       0.4127
     329       0.4447
     330       0.4395
     331       0.4901
     332       0.5519
     333       0.6637
     334       0.5446
     335       0.6356
     336       0.5008
     337       0.6379
     338       0.5311
     339       0.5393
     340       0.5617
     341       0.5764
     342       0.6210
     343       0.5016
     344       0.4857
     345       0.4404
     346       0.6065
     347       0.7282
     348       0.5474
     349       0.6324
     350       0.5513
     351       0.5263
     352       0.4652
     353       0.4281
     354       0.5349
     355       0.4720
     356       0.5308
     357       0.5252
     358       0.4833
     359       0.4831
     360       0.4757
     361       0.5168
     362       0.4685
     363       0.4585
     364       0.4255
     365       0.3652
     366       0.4293
     367       0.3678
     368       0.3721
     369       0.3610
     370       0.5528
     371       0.3921
     372       0.4383
     373       0.5013
     374       0.4554
     375       0.6527
     376       0.4936
     377       0.4741
     378       0.4823
     379       0.3940
     380       0.4963
     381       0.5146
     382       0.4904
     383       0.3934
     384       0.5142
     385       0.4609
     386       0.5617
     387       0.5686
     388       0.4537
     389       0.4271
     390       0.4961
     391       0.5912
     392       0.6156
     393       0.5656
     394       0.4991
     395       0.4154
     396       0.4742
     397       0.4699
     398       0.4370
     399       0.5662
     400       0.5266
     401       0.4750
     402       0.4836
     403       0.4385
     404       0.5042
     405       0.5014
     406       0.4256
     407       0.3706
     408       0.4624
     409       0.5000
     410       0.5224
     411       0.4584
     412       0.3389
     413       0.3291
     414       0.3661
     415       0.4037
     416       0.3277
     417       0.3028
     418       0.3354
     419       0.2704
     420       0.4108
     421       0.2945
     422       0.3353
     423       0.4660
     424       0.4147
     425       0.5079
     426       0.4670
     427       0.5660
     428       0.4815
     429       0.4095
     430       0.3936
     431       0.4539
     432       0.4658
     433       0.5062
     434       0.3950
     435       0.4164
     436       0.3841
     437       0.4404
     438       0.4236
     439       0.3328
     440       0.3515
     441       0.3478
     442       0.3844
     443       0.3275
     444       0.3247
     445       0.3699
     446       0.4162
     447       0.4785
     448       0.5733
     449       0.4957
     450       0.4260
     451       0.3604
     452       0.3016
     453       0.4730
     454       0.4545
     455       0.3354
     456       0.2314
     457       0.3991
     458       0.3318
     459       0.5037
     460       0.5275
     461       0.4456
     462       0.5644
     463       0.5886
     464       0.4467
     465       0.4767
     466       0.3024
     467       0.3982
     468       0.3841
     469       0.3930
     470       0.4496
     471       0.2406
     472       0.3352
     473       0.3720
     474       0.3477
     475       0.2907
     476       0.4117
     477       0.4052
     478       0.3424
     479       0.4111
     480       0.3890
     481       0.5078
     482       0.3531
     483       0.3046
     484       0.4057
     485       0.5586
     486       0.3800
     487       0.5317
     488       0.4886
     489       0.4954
     490       0.4746
     491       0.4473
     492       0.4768
     493       0.5820
     494       0.4181
     495       0.4054
     496       0.4482
     497       0.4348
     498       0.5256
     499       0.3520
     500       0.4399
     501       0.3452
     502       0.3833
     503       0.3655
     504       0.3017
     505       0.4371
     506       0.4031
     507       0.3156
     508       0.3566
     509       0.4442
     510       0.4823
     511       0.5569
     512       0.5136
     513       0.4946
     514       0.3795
     515       0.3721
     516       0.3785
     517       0.2623
     518       0.2932
     519       0.3362
     520       0.4156
     521       0.4586
     522       0.3394
     523       0.3341
     524       0.4473
     525       0.4822
     526       0.2997
     527       0.4122
     528       0.4882
     529       0.3217
     530       0.4090
     531       0.4982
     532       0.4809
     533       0.3943
     534       0.3918
     535       0.4268
     536       0.3898
     537       0.3776
     538       0.3257
     539       0.3804
     540       0.4509
     541       0.2797
     542       0.3437
     543       0.3023
     544       0.4004
     545       0.3230
     546       0.3642
     547       0.2784
     548       0.3165
     549       0.4719
     550       0.3135
     551       0.4396
     552       0.4814
     553       0.4266
     554       0.3355
     555       0.2719
     556       0.2433
     557       0.2828
     558       0.4604
     559       0.5731
     560       0.4741
     561       0.6560
     562       0.5614
     563       0.3873
     564       0.5832
     565       0.4694
     566       0.4893
     567       0.3619
     568       0.3306
     569       0.3463
     570       0.3202
     571       0.4779
     572       0.4244
     573       0.3606
     574       0.3265
     575       0.3151
     576       0.3492
     577       0.4594
     578       0.4759
     579       0.6547
     580       0.4674
     581       0.3500
     582       0.4414
     583       0.4622
     584       0.5724
     585       0.4419
     586       0.5096
     587       0.3905
     588       0.4150
     589       0.3286
     590       0.3989
     591       0.5979
     592       0.6871
     593       0.5207
     594       0.6401
     595       0.4878
     596       0.4995
     597       0.5096
     598       0.5088
     599       0.4489
     600       0.4424
     601       0.4787
     602       0.4681
     603       0.5206
     604       0.4507
     605       0.5533
     606       0.4115
     607       0.4573
     608       0.4301
     609       0.4034
     610       0.2832
     611       0.3586
     612       0.4368
     613       0.4172
     614       0.3109
     615       0.5269
     616       0.4786
     617       0.4023
     618       0.3954
     619       0.3829
     620       0.3818
     621       0.5214
     622       0.4978
     623       0.5404
     624       0.4759
     625       0.3301
     626       0.5158
     627       0.3379
     628       0.4198
     629       0.4525
     630       0.3954
     631       0.4142
     632       0.5352
     633       0.4822
     634       0.4303
     635       0.4493
     636       0.4337
     637       0.5160
     638       0.2474
     639       0.2951
     640       0.2729
     641       0.3304
     642       0.2516
     643       0.2931
     644       0.2903
     645       0.3783
     646       0.3501
     647       0.3827
     648       0.3580
     649       0.2814
     650       0.3167
     651       0.4265
     652       0.2943
     653       0.3638
     654       0.2324
     655       0.3422
     656       0.4553
     657       0.4547
     658       0.5514
     659       0.2831
     660       0.2790
     661       0.3193
     662       0.3111
     663       0.3490
     664       0.4902
     665       0.4351
     666       0.5421
     667       0.4531
     668       0.5868
     669       0.4977
     670       0.5632
     671       0.5281
     672       0.3988
     673       0.4271
     674       0.3978
     675       0.4352
     676       0.3789
     677       0.2278
     678       0.3597
     679       0.3056
     680       0.3205
     681       0.3132
     682       0.3374
     683       0.3417
     684       0.3476
     685       0.3826
     686       0.4210
     687       0.4219
     688       0.4222
     689       0.3549
     690       0.4551
     691       0.4325
     692       0.3097
     693       0.3312
     694       0.3252
     695       0.3480
     696       0.3764
     697       0.4779
     698       0.5202
     699       0.4612
     700       0.5245
     701       0.2791
     702       0.3032
     703       0.3947
     704       0.3870
     705       0.3079
     706       0.3574
     707       0.3111
     708       0.3473
     709       0.3523
     710       0.4463
     711       0.3324
     712       0.2849
     713       0.4494
     714       0.3500
     715       0.3161
     716       0.2899
     717       0.3469
     718       0.4695
     719       0.3342
     720       0.4767
     721       0.4258
     722       0.3907
     723       0.3799
     724       0.3658
     725       0.3436
     726       0.4126
     727       0.2829
     728       0.3452
     729       0.3771
     730       0.3209
     731       0.3728
     732       0.4062
     733       0.4327
     734       0.4015
     735       0.5048
     736       0.5183
     737       0.4729
     738       0.5695
     739       0.5318
     740       0.3713
     741       0.4092
     742       0.2940
     743       0.2820
     744       0.3990
     745       0.3732
     746       0.3448
     747       0.4653
     748       0.4319
     749       0.4196
     750       0.4705
     751       0.4027
     752       0.4358
     753       0.3731
     754       0.3542
     755       0.3835
     756       0.3453
     757       0.3847
     758       0.3251
     759       0.3275
     760       0.3024
     761       0.3677
     762       0.4296
     763       0.4539
     764       0.4928
     765       0.3646
     766       0.3448
     767       0.3778
     768       0.3975
     769       0.5027
     770       0.3964
     771       0.3860
     772       0.4132
     773       0.3969
     774       0.4353
     775       0.4126
     776       0.4025
     777       0.3992
     778       0.3682
     779       0.3694
     780       0.3313
     781       0.3660
     782       0.4650
     783       0.3753
     784       0.3915
     785       0.3364
     786       0.3786
     787       0.4572
     788       0.5962
     789       0.4504
     790       0.3858
     791       0.4415
     792       0.4253
     793       0.4946
     794       0.5042
     795       0.3913
     796       0.4387
     797       0.4012
     798       0.4156
     799       0.4320
     800       0.4619
     801       0.3909
     802       0.3291
     803       0.4394
     804       0.4347
     805       0.5441
     806       0.4353
     807       0.3749
     808       0.5420
     809       0.4116
     810       0.3115
     811       0.4217
     812       0.3974
     813       0.3565
     814       0.4355
     815       0.3721
     816       0.3416
     817       0.4007
     818       0.4781
     819       0.4508
     820       0.4471
     821       0.3693
     822       0.4083
     823       0.4373
     824       0.3842
     825       0.3592
     826       0.4094
     827       0.4174
     828       0.5225
     829       0.4422
     830       0.4735
     831       0.4278
     832       0.3592
     833       0.4695
     834       0.4658
     835       0.5047
     836       0.5995
     837       0.6049
     838       0.4039
     839       0.4556
     840       0.3984
     841       0.4732
     842       0.5126
     843       0.5142
     844       0.4758
     845       0.5708
     846       0.4254
     847       0.4868
     848       0.5339
     849       0.4396
     850       0.4503
     851       0.4303
     852       0.5289
     853       0.4195
     854       0.4702
     855       0.5291
     856       0.5776
     857       0.5278
     858       0.4774
     859       0.4737
     860       0.5716
     861       0.5261
     862       0.5760
     863       0.5559
     864       0.5305
     865       0.5112
     866       0.4019
     867       0.4943
     868       0.5448
     869       0.5831
     870       0.5372
     871       0.5519
     872       0.5555
     873       0.5176
     874       0.4185
     875       0.5854
     876       0.5354
     877       0.4822
     878       0.4151
     879       0.4117
     880       0.4849
     881       0.5001
     882       0.4772
     883       0.5426
     884       0.6092
     885       0.5442
     886       0.5371
     887       0.4823
     888       0.5054
     889       0.5459
     890       0.6604
     891       0.6235
     892       0.4971
     893       0.3826
     894       0.4746
     895       0.4859
     896       0.5118
     897       0.6763
     898       0.6302
     899       0.6492
     900       0.4784
     901       0.4455
     902       0.5555
     903       0.6319
     904       0.6782
     905       0.6124
     906       0.6667
     907       0.6359
     908       0.4586
     909       0.5421
     910       0.4989
     911       0.5899
     912       0.4045
     913       0.4336
     914       0.3981
     915       0.5013
     916       0.4947
     917       0.6309
     918       0.5479
     919       0.4742
     920       0.5843
     921       0.4920
     922       0.6812
     923       0.6324
     924       0.7150
     925       0.7235
     926       0.5305
     927       0.5424
     928       0.5456
     929       0.6499
     930       0.6306
     931       0.5690
     932       0.6208
     933       0.6478
     934       0.6387
     935       0.5860
     936       0.6209
     937       0.5591
     938       0.6353
     939       0.6694
     940       0.5702
     941       0.4848
     942       0.5150
     943       0.5803
     944       0.7429
     945       0.7231
     946       0.6291
     947       0.7942
     948       0.5344
     949       0.5517
     950       0.5301
     951       0.4305
     952       0.5497
     953       0.6961
     954       0.7716
     955       0.6640
     956       0.7216
     957       0.7504
     958       0.6344
     959       0.6146
     960       0.7825
     961       0.6352
     962       0.6212
     963       0.5555
     964       0.4628
     965       0.4527
     966       0.6359
     967       0.4868
     968       0.4597
     969       0.5543
     970       0.5226
     971       0.5466
     972       0.4460
     973       0.4464
     974       0.3964
     975       0.4886
     976       0.3872
     977       0.3286
     978       0.3661
     979       0.3394
     980       0.4082
     981       0.4095
     982       0.4754
     983       0.3244
     984       0.3740
     985       0.4667
     986       0.4726
     987       0.5258
     988       0.4839
     989       0.5370
     990       0.4984
     991       0.5636
     992       0.4655
     993       0.5035
     994       0.5590
     995       0.4558
     996       0.4297
     997       0.4788
     998       0.6081
     999       0.5912
    1000       0.5135
