#Frame         ligall
       1       0.0000
       2       0.8399
       3       0.2272
       4       1.4812
       5       1.4068
       6       1.3335
       7       1.0608
       8       1.4149
       9       0.5275
      10       1.3431
      11       1.6348
      12       1.6258
      13       1.3107
      14       1.4035
      15       0.9260
      16       1.3456
      17       0.8117
      18       1.0988
      19       1.4670
      20       1.1130
      21       0.4476
      22       0.6010
      23       0.9675
      24       1.5282
      25       1.4146
      26       1.0040
      27       0.9248
      28       1.3298
      29       1.5481
      30       1.9590
      31       1.4019
      32       1.0450
      33       1.2437
      34       1.1719
      35       0.9666
      36       1.3292
      37       1.1995
      38       1.2883
      39       1.4984
      40       1.3994
      41       1.2236
      42       0.7054
      43       0.8965
      44       1.0817
      45       1.0670
      46       0.8679
      47       1.2679
      48       1.1266
      49       1.0790
      50       1.6615
      51       1.0509
      52       0.6991
      53       1.2295
      54       1.3782
      55       1.0655
      56       0.7977
      57       0.7057
      58       1.2249
      59       1.0708
      60       1.0549
      61       0.6048
      62       0.9306
      63       1.1176
      64       1.4092
      65       1.2582
      66       1.3948
      67       0.5755
      68       0.8368
      69       0.8746
      70       1.0640
      71       1.3022
      72       0.9439
      73       1.4072
      74       0.9636
      75       1.4459
      76       1.7354
      77       1.3861
      78       1.1335
      79       1.1907
      80       1.6925
      81       1.4054
      82       1.4269
      83       1.5854
      84       1.5692
      85       1.0783
      86       1.1861
      87       1.7065
      88       1.3205
      89       1.2064
      90       1.0556
      91       0.9104
      92       1.0392
      93       0.6879
      94       1.2822
      95       0.8963
      96       0.8307
      97       1.3408
      98       1.1348
      99       1.3412
     100       1.7390
     101       1.5112
     102       1.3881
     103       1.4185
     104       1.1783
     105       1.4462
     106       1.4238
     107       1.5479
     108       1.2988
     109       1.2057
     110       1.2283
     111       1.3267
     112       0.7794
     113       1.4997
     114       1.5183
     115       1.0031
     116       0.6264
     117       1.2211
     118       1.2729
     119       1.2102
     120       1.3220
     121       1.7890
     122       1.3371
     123       1.8330
     124       1.8481
     125       1.5738
     126       1.3836
     127       1.6000
     128       1.5586
     129       0.7895
     130       0.8447
     131       0.7757
     132       1.6165
     133       1.2233
     134       1.3855
     135       1.0359
     136       1.3164
     137       1.6095
     138       1.4281
     139       1.3492
     140       1.2643
     141       1.2238
     142       1.6157
     143       1.2560
     144       1.2297
     145       1.1426
     146       1.4696
     147       1.1673
     148       1.1579
     149       1.6073
     150       1.1216
     151       0.4450
     152       0.5286
     153       0.6432
     154       0.6095
     155       1.0641
     156       0.9647
     157       1.3777
     158       0.4175
     159       0.8399
     160       1.1817
     161       1.0747
     162       0.7545
     163       0.8010
     164       0.9774
     165       1.6868
     166       1.6353
     167       0.7733
     168       0.9940
     169       1.0572
     170       1.2889
     171       0.9230
     172       1.4985
     173       1.0535
     174       1.1064
     175       1.1882
     176       1.0993
     177       0.8511
     178       0.7803
     179       0.5224
     180       0.6049
     181       1.0230
     182       1.1635
     183       1.1252
     184       0.6563
     185       1.4442
     186       0.8792
     187       1.0437
     188       0.7848
     189       0.4930
     190       0.5882
     191       1.5856
     192       1.1027
     193       1.5063
     194       1.2287
     195       1.0617
     196       0.6362
     197       0.9243
     198       1.3063
     199       1.2249
     200       1.0565
     201       1.0221
     202       1.1767
     203       1.2148
     204       1.2621
     205       1.3993
     206       1.2519
     207       0.8150
     208       0.7841
     209       1.1641
     210       1.0092
     211       0.9771
     212       1.2696
     213       1.3435
     214       1.1877
     215       1.4215
     216       1.0408
     217       1.3477
     218       0.9354
     219       1.2793
     220       1.0092
     221       0.9248
     222       1.5069
     223       1.9649
     224       1.8365
     225       1.8431
     226       1.7132
     227       1.9179
     228       2.1311
     229       1.8824
     230       1.8512
     231       2.0105
     232       1.6973
     233       1.6739
     234       1.8373
     235       1.6024
     236       1.7682
     237       1.7567
     238       1.9589
     239       1.9625
     240       1.8461
     241       1.7970
     242       1.6201
     243       1.7358
     244       1.5916
     245       1.8761
     246       1.8721
     247       2.0128
     248       1.8021
     249       1.7039
     250       1.6414
     251       1.6396
     252       1.6972
     253       1.5509
     254       1.5274
     255       1.4856
     256       1.7307
     257       1.6146
     258       1.2915
     259       1.5691
     260       1.8203
     261       1.5542
     262       1.5242
     263       1.4071
     264       1.4690
     265       1.3845
     266       1.5379
     267       1.4499
     268       1.5370
     269       1.3593
     270       1.3894
     271       1.4397
     272       1.4603
     273       1.4498
     274       1.6961
     275       1.5254
     276       1.7003
     277       1.6333
     278       1.5586
     279       1.4613
     280       1.6915
     281       1.5484
     282       1.4629
     283       1.5338
     284       1.8323
     285       1.8085
     286       1.8108
     287       1.8505
     288       1.8013
     289       1.7933
     290       1.7960
     291       1.8024
     292       1.7799
     293       1.9470
     294       1.6984
     295       1.6955
     296       1.9524
     297       1.8248
     298       1.6027
     299       1.8256
     300       1.6517
     301       1.5782
     302       1.7105
     303       1.6168
     304       1.8086
     305       1.5458
     306       1.4908
     307       1.7383
     308       1.6592
     309       1.8834
     310       1.6114
     311       1.7955
     312       1.8945
     313       2.2957
     314       1.8149
     315       2.6144
     316       2.2681
     317       2.7943
     318       1.9087
     319       1.8501
     320       1.6301
     321       1.6712
     322       1.6755
     323       1.5408
     324       1.6258
     325       1.7056
     326       1.5290
     327       1.6264
     328       1.5163
     329       1.7981
     330       1.5731
     331       1.5073
     332       1.6655
     333       1.5525
     334       1.7780
     335       1.6803
     336       1.8202
     337       1.5354
     338       1.8229
     339       1.7019
     340       1.9333
     341       1.9033
     342       1.7006
     343       1.6837
     344       1.8776
     345       1.8444
     346       1.8806
     347       1.6756
     348       1.8578
     349       1.7001
     350       1.8373
     351       1.7251
     352       1.8303
     353       1.7521
     354       1.8735
     355       1.7745
     356       1.8554
     357       1.7708
     358       1.7743
     359       1.5820
     360       2.0134
     361       1.5889
     362       1.7568
     363       1.9384
     364       1.2735
     365       1.0842
     366       1.0089
     367       1.1152
     368       1.3622
     369       1.1981
     370       2.6394
     371       2.4679
     372       2.8376
     373       1.8487
     374       1.6392
     375       1.7042
     376       1.9918
     377       0.9577
     378       0.8787
     379       0.8919
     380       1.4698
     381       1.4276
     382       2.0879
     383       2.0849
     384       2.1479
     385       1.9227
     386       1.8589
     387       2.0003
     388       2.2298
     389       2.2419
     390       1.0078
     391       1.3971
     392       1.0805
     393       1.3178
     394       1.3486
     395       1.3897
     396       1.1482
     397       1.1985
     398       1.0048
     399       1.1452
     400       1.1624
     401       1.2997
     402       1.2976
     403       0.6861
     404       1.2028
     405       1.1897
     406       1.2040
     407       1.1276
     408       1.1164
     409       1.0582
     410       1.2543
     411       1.3809
     412       1.0812
     413       1.1421
     414       1.0432
     415       1.1964
     416       1.2635
     417       1.0266
     418       0.5240
     419       0.4549
     420       0.7438
     421       0.7970
     422       1.1306
     423       1.6807
     424       1.6591
     425       0.8765
     426       1.5068
     427       1.7124
     428       1.3821
     429       1.3402
     430       1.5341
     431       1.1318
     432       0.8049
     433       1.5192
     434       1.0411
     435       1.0196
     436       1.2228
     437       1.0211
     438       1.1233
     439       1.0674
     440       1.1644
     441       1.2356
     442       1.5858
     443       0.9870
     444       1.2507
     445       1.0330
     446       1.1224
     447       0.9357
     448       1.1922
     449       0.9361
     450       0.6167
     451       0.9375
     452       0.8372
     453       1.2365
     454       1.0308
     455       0.9908
     456       0.6458
     457       0.4514
     458       1.0891
     459       1.1700
     460       1.1433
     461       0.8776
     462       0.8800
     463       1.2012
     464       1.1120
     465       1.2678
     466       0.6980
     467       0.9630
     468       0.8602
     469       1.1058
     470       1.1410
     471       0.6015
     472       0.6455
     473       0.6674
     474       0.6734
     475       1.1104
     476       0.5795
     477       0.5503
     478       0.9342
     479       1.2682
     480       1.0121
     481       0.5709
     482       1.1287
     483       1.0623
     484       1.3240
     485       0.8471
     486       0.4351
     487       1.2126
     488       1.0683
     489       1.0434
     490       1.1434
     491       0.7304
     492       0.4510
     493       1.1393
     494       1.1868
     495       1.0275
     496       1.1650
     497       0.8991
     498       1.0373
     499       0.9996
     500       0.4081
     501       0.6110
     502       0.5798
     503       1.0714
     504       1.0310
     505       1.1016
     506       1.4391
     507       0.9710
     508       1.3866
     509       1.0766
     510       0.6158
     511       0.5321
     512       0.6535
     513       1.1578
     514       1.0264
     515       0.9109
     516       0.7181
     517       0.7415
     518       0.7562
     519       0.6898
     520       0.7634
     521       0.7089
     522       0.6520
     523       1.1106
     524       1.2489
     525       1.0504
     526       1.3267
     527       1.0349
     528       1.0105
     529       1.0927
     530       1.0592
     531       1.5560
     532       0.9007
     533       1.2413
     534       1.1145
     535       1.2051
     536       1.0322
     537       0.9810
     538       0.9062
     539       0.8347
     540       1.3787
     541       1.0856
     542       1.0755
     543       0.6846
     544       0.6126
     545       0.6928
     546       0.6498
     547       0.6670
     548       0.8765
     549       0.5593
     550       0.6246
     551       0.7427
     552       0.8138
     553       0.9714
     554       0.5746
     555       1.1867
     556       0.8970
     557       1.0295
     558       0.5286
     559       0.7824
     560       1.0242
     561       1.3678
     562       0.9557
     563       1.2536
     564       0.5717
     565       0.6240
     566       0.9246
     567       1.0536
     568       1.0810
     569       0.9242
     570       0.5125
     571       0.5567
     572       0.9695
     573       1.1192
     574       1.0334
     575       1.1204
     576       1.1592
     577       1.3690
     578       0.9499
     579       1.1470
     580       1.3029
     581       1.1971
     582       1.1921
     583       1.4116
     584       1.0579
     585       1.1619
     586       1.0892
     587       0.6298
     588       0.6183
     589       1.3153
     590       1.1103
     591       1.1329
     592       0.4488
     593       1.3115
     594       0.9144
     595       1.0232
     596       1.2412
     597       1.0545
     598       0.7831
     599       0.7177
     600       0.6177
     601       1.2687
     602       1.1745
     603       0.5090
     604       1.3938
     605       1.1218
     606       1.1286
     607       0.5018
     608       1.0943
     609       0.9753
     610       0.6331
     611       0.9876
     612       1.2135
     613       0.8358
     614       0.5009
     615       0.6475
     616       1.0853
     617       1.0076
     618       0.6250
     619       0.7673
     620       1.0091
     621       1.1041
     622       1.0531
     623       0.4933
     624       0.7685
     625       0.6175
     626       0.9283
     627       0.8753
     628       0.4465
     629       0.8268
     630       0.9809
     631       1.0452
     632       0.7100
     633       0.5024
     634       0.6171
     635       1.0529
     636       0.3924
     637       1.0541
     638       1.0248
     639       1.0321
     640       0.7526
     641       0.6170
     642       0.6208
     643       0.7297
     644       0.4976
     645       0.4996
     646       1.1176
     647       1.0642
     648       1.1397
     649       1.0305
     650       1.1350
     651       1.1534
     652       1.0308
     653       0.9670
     654       1.0014
     655       0.5076
     656       0.6031
     657       0.6573
     658       0.7205
     659       0.5722
     660       1.0603
     661       1.1433
     662       0.5673
     663       0.6971
     664       0.7291
     665       1.1576
     666       0.8439
     667       1.3166
     668       1.2328
     669       0.9955
     670       0.9981
     671       1.1174
     672       1.2039
     673       1.0380
     674       1.0497
     675       0.9021
     676       0.8389
     677       0.9696
     678       1.1929
     679       1.0953
     680       1.0443
     681       1.1196
     682       0.8691
     683       1.1491
     684       0.4871
     685       1.2156
     686       1.2589
     687       1.1064
     688       1.1674
     689       0.7531
     690       0.6191
     691       0.6308
     692       0.9081
     693       1.3139
     694       1.0155
     695       0.4177
     696       0.9648
     697       1.1596
     698       0.9706
     699       1.0558
     700       1.0206
     701       1.0069
     702       0.9093
     703       1.0203
     704       0.9132
     705       1.0230
     706       1.0162
     707       1.0727
     708       1.2059
     709       1.2119
     710       1.1477
     711       1.0583
     712       1.1338
     713       1.0317
     714       1.2336
     715       1.1049
     716       1.0165
     717       0.8430
     718       0.9288
     719       1.0321
     720       0.9585
     721       1.0800
     722       1.0560
     723       1.0375
     724       0.7816
     725       0.8400
     726       0.9409
     727       1.0538
     728       0.9908
     729       1.1334
     730       1.0803
     731       0.6558
     732       0.4570
     733       0.4987
     734       0.4963
     735       0.6628
     736       0.5021
     737       0.7664
     738       0.4436
     739       1.2208
     740       1.0407
     741       1.2033
     742       1.1061
     743       1.1063
     744       1.1137
     745       1.0566
     746       1.2306
     747       1.2886
     748       1.0913
     749       0.8112
     750       0.4792
     751       0.5598
     752       1.4400
     753       1.1031
     754       1.0561
     755       1.0721
     756       1.0974
     757       0.9499
     758       1.1353
     759       1.1191
     760       0.9390
     761       1.0232
     762       1.0551
     763       0.9517
     764       1.1623
     765       1.1101
     766       1.0446
     767       1.0052
     768       0.9809
     769       1.1324
     770       0.4800
     771       0.3446
     772       0.6566
     773       1.0343
     774       1.0444
     775       1.0004
     776       0.7438
     777       0.9380
     778       0.9292
     779       1.0098
     780       1.1005
     781       0.8895
     782       0.5827
     783       0.5068
     784       0.5723
     785       0.5557
     786       1.0601
     787       0.9289
     788       1.1396
     789       1.0038
     790       0.9941
     791       1.0164
     792       1.1542
     793       1.0391
     794       1.0008
     795       1.0265
     796       0.7265
     797       0.8578
     798       0.8622
     799       0.9217
     800       0.6527
     801       0.7167
     802       0.5581
     803       0.8361
     804       1.0981
     805       1.3139
     806       1.1854
     807       1.3138
     808       1.0565
     809       0.7156
     810       1.0309
     811       1.0039
     812       1.0440
     813       1.2171
     814       0.9005
     815       0.4890
     816       0.5898
     817       0.5949
     818       0.6836
     819       0.8053
     820       1.1063
     821       0.5263
     822       0.5163
     823       0.6843
     824       0.7091
     825       0.5768
     826       0.4931
     827       1.2026
     828       1.0490
     829       1.2334
     830       1.1248
     831       0.5734
     832       1.1182
     833       1.1029
     834       1.0029
     835       0.8062
     836       1.1491
     837       1.2058
     838       0.6357
     839       0.6692
     840       0.6264
     841       1.0842
     842       1.0247
     843       0.4955
     844       0.6184
     845       0.5546
     846       1.1199
     847       0.6880
     848       1.2054
     849       0.7309
     850       0.7714
     851       0.7155
     852       0.6063
     853       1.1978
     854       1.1897
     855       1.4600
     856       1.1318
     857       1.0780
     858       1.2430
     859       1.0942
     860       1.2507
     861       1.1187
     862       1.1046
     863       1.1477
     864       1.3603
     865       1.2366
     866       0.6760
     867       1.3239
     868       1.0958
     869       1.3977
     870       0.8649
     871       1.0834
     872       1.1119
     873       0.9885
     874       0.4821
     875       1.0833
     876       1.1220
     877       1.5049
     878       1.4042
     879       1.1128
     880       1.0488
     881       1.0101
     882       1.1681
     883       1.1623
     884       1.1240
     885       1.1483
     886       1.1229
     887       1.0157
     888       1.1529
     889       1.0929
     890       1.1651
     891       1.1055
     892       1.0826
     893       1.1120
     894       1.1616
     895       1.0475
     896       1.0078
     897       1.0257
     898       1.2061
     899       0.9202
     900       1.1151
     901       1.0783
     902       1.1824
     903       1.1731
     904       1.2489
     905       1.0662
     906       0.9667
     907       1.0922
     908       1.1404
     909       0.9630
     910       1.1278
     911       1.1869
     912       1.0924
     913       1.1921
     914       1.1443
     915       1.2916
     916       1.3224
     917       0.9922
     918       1.3863
     919       1.1956
     920       1.4845
     921       1.4008
     922       1.2509
     923       0.7191
     924       0.8179
     925       0.7707
     926       1.0349
     927       1.1732
     928       1.1439
     929       1.2693
     930       1.1584
     931       1.3608
     932       1.2339
     933       1.1078
     934       0.9913
     935       1.1362
     936       1.1128
     937       1.1890
     938       1.1326
     939       1.0440
     940       1.1363
     941       1.2021
     942       1.1816
     943       1.0918
     944       1.0390
     945       1.1714
     946       0.9070
     947       1.1623
     948       0.8943
     949       1.1150
     950       1.0336
     951       0.9201
     952       1.2126
     953       1.1909
     954       1.1597
     955       1.1569
     956       1.0989
     957       0.6541
     958       1.1894
     959       1.0986
     960       1.2487
     961       1.1787
     962       1.1717
     963       1.3614
     964       1.2905
     965       1.3696
     966       1.1410
     967       1.3128
     968       1.1839
     969       0.6872
     970       1.2667
     971       1.0529
     972       1.1543
     973       0.6082
     974       0.7419
     975       0.8425
     976       0.4993
     977       0.7464
     978       0.5871
     979       0.7259
     980       1.0414
     981       0.6859
     982       0.6031
     983       0.9664
     984       0.7288
     985       0.9506
     986       0.7362
     987       0.7367
     988       1.0012
     989       0.6724
     990       1.3488
     991       1.4287
     992       1.5070
     993       1.1772
     994       1.2443
     995       0.5124
     996       0.9697
     997       1.0726
     998       1.0228
     999       1.1771
    1000       1.2717
