#Frame        ligcore
       1       0.0000
       2       0.8871
       3       0.2467
       4       1.4844
       5       1.3458
       6       1.2699
       7       0.9869
       8       1.3197
       9       0.5673
      10       1.2605
      11       1.5505
      12       1.5429
      13       1.2359
      14       1.3577
      15       0.9599
      16       1.3149
      17       0.7674
      18       1.0375
      19       1.4086
      20       1.0553
      21       0.5008
      22       0.6549
      23       0.9947
      24       1.5252
      25       1.3892
      26       1.0065
      27       0.9473
      28       1.3398
      29       1.5258
      30       1.8991
      31       1.3601
      32       1.0175
      33       1.2749
      34       1.1734
      35       0.9603
      36       1.2955
      37       1.1843
      38       1.2836
      39       1.5088
      40       1.3688
      41       1.1981
      42       0.7416
      43       0.9287
      44       1.0630
      45       1.0294
      46       0.8811
      47       1.2448
      48       1.1316
      49       1.1062
      50       1.6730
      51       1.0585
      52       0.7203
      53       1.2509
      54       1.4344
      55       1.0978
      56       0.8217
      57       0.7197
      58       1.2027
      59       1.0613
      60       0.9827
      61       0.4544
      62       0.7793
      63       0.9966
      64       1.3186
      65       1.1303
      66       1.3281
      67       0.4586
      68       0.7213
      69       0.7657
      70       0.9901
      71       1.2081
      72       0.7931
      73       1.2772
      74       0.9140
      75       1.3329
      76       1.6218
      77       1.2813
      78       1.0529
      79       1.0756
      80       1.5906
      81       1.2875
      82       1.2926
      83       1.4316
      84       1.4122
      85       0.9357
      86       1.0783
      87       1.5598
      88       1.1788
      89       1.0557
      90       0.8777
      91       0.7209
      92       0.8856
      93       0.5257
      94       1.1519
      95       0.8094
      96       0.7511
      97       1.2642
      98       1.1166
      99       1.2643
     100       1.6033
     101       1.3687
     102       1.2395
     103       1.2534
     104       1.0647
     105       1.2488
     106       1.2759
     107       1.4428
     108       1.2180
     109       1.1065
     110       1.2325
     111       1.2456
     112       0.6747
     113       1.4422
     114       1.5001
     115       0.9353
     116       0.5450
     117       1.0809
     118       1.0938
     119       1.0646
     120       1.2056
     121       1.6262
     122       1.2699
     123       1.6779
     124       1.7066
     125       1.4634
     126       1.2602
     127       1.5628
     128       1.4558
     129       0.6379
     130       0.6318
     131       0.6076
     132       1.4550
     133       1.0992
     134       1.2309
     135       1.0024
     136       1.2300
     137       1.5003
     138       1.3500
     139       1.2411
     140       1.1875
     141       1.1808
     142       1.5766
     143       1.2320
     144       1.1954
     145       1.1084
     146       1.4416
     147       1.2010
     148       1.1725
     149       1.7338
     150       1.2017
     151       0.5438
     152       0.6550
     153       0.6120
     154       0.8255
     155       1.1953
     156       1.1343
     157       1.5068
     158       0.3981
     159       1.0189
     160       1.1685
     161       1.1593
     162       0.7324
     163       0.7660
     164       1.0025
     165       1.6550
     166       1.6236
     167       0.6019
     168       1.0317
     169       1.1577
     170       1.3346
     171       0.8868
     172       1.5546
     173       1.0770
     174       1.1622
     175       1.2598
     176       1.1599
     177       0.7629
     178       0.7121
     179       0.6910
     180       0.7689
     181       1.0910
     182       1.2314
     183       0.9914
     184       0.7429
     185       1.3921
     186       0.9888
     187       1.1242
     188       1.0171
     189       0.6554
     190       0.5104
     191       1.5232
     192       0.9677
     193       1.4091
     194       1.2675
     195       1.0964
     196       0.8166
     197       1.0023
     198       1.1358
     199       1.2479
     200       0.8464
     201       1.0229
     202       1.0657
     203       1.1058
     204       1.1937
     205       1.2696
     206       1.1798
     207       0.8701
     208       0.7997
     209       1.2364
     210       1.0544
     211       1.0288
     212       1.1934
     213       1.2734
     214       1.3125
     215       1.4082
     216       1.2065
     217       1.3078
     218       0.9187
     219       1.1716
     220       1.0033
     221       0.7598
     222       1.4429
     223       1.8763
     224       1.7889
     225       1.7832
     226       1.6364
     227       1.8995
     228       2.0133
     229       1.7364
     230       1.8045
     231       1.8775
     232       1.5963
     233       1.6965
     234       1.7790
     235       1.6644
     236       1.6552
     237       1.8157
     238       1.9139
     239       1.9064
     240       1.8794
     241       1.7662
     242       1.6968
     243       1.7457
     244       1.6251
     245       1.7873
     246       1.8715
     247       1.8281
     248       1.6686
     249       1.7172
     250       1.6057
     251       1.5251
     252       1.5227
     253       1.4299
     254       1.3626
     255       1.4198
     256       1.5716
     257       1.5774
     258       1.2412
     259       1.5058
     260       1.8409
     261       1.5557
     262       1.4525
     263       1.4898
     264       1.6023
     265       1.4710
     266       1.5247
     267       1.4864
     268       1.6119
     269       1.4672
     270       1.4307
     271       1.6080
     272       1.4564
     273       1.4670
     274       1.7165
     275       1.5894
     276       1.6201
     277       1.6423
     278       1.5947
     279       1.5834
     280       1.6523
     281       1.5798
     282       1.5319
     283       1.5303
     284       1.9310
     285       1.7180
     286       1.7814
     287       1.8654
     288       1.7520
     289       1.7508
     290       1.6731
     291       1.6547
     292       1.7092
     293       2.0405
     294       1.5729
     295       1.6448
     296       2.0020
     297       1.7989
     298       1.7292
     299       1.8626
     300       1.6695
     301       1.5346
     302       1.6310
     303       1.7269
     304       1.6976
     305       1.5117
     306       1.5203
     307       1.6218
     308       1.7207
     309       1.7918
     310       1.6672
     311       1.7130
     312       1.7451
     313       2.0002
     314       1.7419
     315       2.4131
     316       2.2700
     317       2.6269
     318       1.8102
     319       1.7590
     320       1.5519
     321       1.5416
     322       1.5856
     323       1.5761
     324       1.4011
     325       1.6148
     326       1.5380
     327       1.5609
     328       1.5872
     329       1.7933
     330       1.5025
     331       1.3404
     332       1.6624
     333       1.4994
     334       1.7200
     335       1.7357
     336       1.7265
     337       1.4630
     338       1.7735
     339       1.7881
     340       1.8907
     341       1.8861
     342       1.7732
     343       1.6941
     344       2.0370
     345       1.8308
     346       1.9688
     347       1.7083
     348       1.8833
     349       1.7248
     350       1.8689
     351       1.7545
     352       1.8298
     353       1.7991
     354       1.7134
     355       1.7243
     356       1.9024
     357       1.6669
     358       1.7530
     359       1.6962
     360       2.0084
     361       1.5526
     362       1.7487
     363       1.9568
     364       1.1967
     365       0.9744
     366       0.8998
     367       1.1260
     368       1.1759
     369       1.2399
     370       2.5405
     371       2.3350
     372       2.6721
     373       1.7116
     374       1.6699
     375       1.6676
     376       1.8217
     377       0.9437
     378       0.9557
     379       0.8405
     380       1.4595
     381       1.3356
     382       1.9575
     383       2.0107
     384       2.0313
     385       1.8628
     386       1.8496
     387       2.0289
     388       1.9987
     389       2.1363
     390       1.1059
     391       1.3143
     392       1.1827
     393       1.3558
     394       1.5654
     395       1.4799
     396       1.3678
     397       1.4864
     398       1.0702
     399       1.2652
     400       1.4001
     401       1.2323
     402       1.2518
     403       0.8928
     404       1.3118
     405       1.1729
     406       1.2670
     407       1.2246
     408       1.1865
     409       1.2347
     410       1.3538
     411       1.5108
     412       1.3652
     413       1.2576
     414       1.2437
     415       1.2421
     416       1.3812
     417       1.1531
     418       0.7792
     419       0.7434
     420       0.8921
     421       0.9648
     422       1.3588
     423       1.6476
     424       1.7628
     425       0.8460
     426       1.6259
     427       1.7785
     428       1.3610
     429       1.3510
     430       1.7629
     431       1.1287
     432       1.1130
     433       1.5428
     434       1.1764
     435       1.1276
     436       1.3789
     437       1.0063
     438       1.1767
     439       1.1399
     440       1.1482
     441       1.3288
     442       1.5801
     443       1.2496
     444       1.3392
     445       1.2738
     446       1.3591
     447       1.1005
     448       1.4182
     449       1.0143
     450       0.8057
     451       0.9808
     452       1.0064
     453       1.4111
     454       1.1147
     455       1.0449
     456       0.7721
     457       0.8312
     458       1.1209
     459       1.1621
     460       1.3038
     461       0.7253
     462       1.2297
     463       1.2807
     464       1.2168
     465       1.4270
     466       0.9690
     467       1.1081
     468       1.1539
     469       1.2177
     470       1.5009
     471       0.8524
     472       0.9105
     473       0.9122
     474       0.9562
     475       1.3106
     476       0.7932
     477       0.7638
     478       0.7447
     479       1.5934
     480       1.1872
     481       0.7164
     482       1.3713
     483       1.2256
     484       1.2251
     485       0.8739
     486       0.8322
     487       1.5535
     488       1.3800
     489       1.0974
     490       1.2215
     491       0.6921
     492       0.5362
     493       0.9579
     494       1.4339
     495       0.9982
     496       1.1851
     497       0.9942
     498       1.2780
     499       1.1779
     500       0.6848
     501       0.8636
     502       0.6163
     503       1.4680
     504       1.1280
     505       1.0013
     506       1.2683
     507       0.8239
     508       1.4672
     509       1.2160
     510       0.9885
     511       0.6843
     512       1.0720
     513       1.3363
     514       1.1400
     515       0.8049
     516       0.9920
     517       0.7185
     518       0.8352
     519       0.9183
     520       0.7482
     521       0.8286
     522       0.5242
     523       1.2104
     524       1.3595
     525       1.1347
     526       1.4734
     527       1.1055
     528       1.0319
     529       1.0855
     530       1.3185
     531       1.7357
     532       0.9570
     533       1.2979
     534       1.3048
     535       1.3554
     536       1.1788
     537       1.0607
     538       0.9832
     539       1.1394
     540       1.5954
     541       1.2517
     542       1.1812
     543       1.0057
     544       0.8021
     545       0.8691
     546       0.7788
     547       0.8674
     548       1.0682
     549       0.7872
     550       0.7291
     551       0.7250
     552       0.7041
     553       0.9303
     554       0.7908
     555       1.1810
     556       0.9997
     557       1.0805
     558       0.7344
     559       0.8529
     560       1.1717
     561       1.3978
     562       1.0651
     563       1.3730
     564       0.7804
     565       0.7661
     566       1.0389
     567       1.0802
     568       1.1435
     569       1.0044
     570       0.6856
     571       0.8334
     572       1.0910
     573       1.2621
     574       1.1549
     575       1.3006
     576       1.3501
     577       1.6672
     578       1.1479
     579       1.1646
     580       1.2050
     581       1.3782
     582       1.1506
     583       1.4645
     584       1.1743
     585       1.2617
     586       1.0693
     587       0.7367
     588       0.6866
     589       1.3756
     590       1.1022
     591       1.2765
     592       0.4991
     593       1.2296
     594       0.9019
     595       1.0578
     596       1.1991
     597       1.1781
     598       0.6357
     599       0.7253
     600       0.5014
     601       1.2791
     602       1.2990
     603       0.6229
     604       1.6430
     605       1.1745
     606       1.2747
     607       0.6678
     608       1.2178
     609       0.9539
     610       0.6616
     611       0.8862
     612       1.1648
     613       0.9356
     614       0.7266
     615       0.8295
     616       1.1690
     617       1.1991
     618       0.7674
     619       0.4976
     620       1.1557
     621       1.2785
     622       1.2557
     623       0.6576
     624       1.0070
     625       0.7951
     626       0.9824
     627       1.0004
     628       0.5466
     629       0.6850
     630       1.1294
     631       1.0722
     632       0.8374
     633       0.4871
     634       0.5344
     635       1.0200
     636       0.6644
     637       1.0759
     638       1.1019
     639       0.9925
     640       0.8547
     641       0.7657
     642       0.8003
     643       0.5672
     644       0.5430
     645       0.6164
     646       1.1530
     647       1.2683
     648       1.2691
     649       1.0597
     650       1.3304
     651       1.2823
     652       1.1742
     653       1.1750
     654       1.1824
     655       0.5382
     656       0.6092
     657       0.7143
     658       0.7192
     659       0.8082
     660       1.1566
     661       1.3774
     662       0.8874
     663       1.0823
     664       1.1842
     665       1.4018
     666       0.8967
     667       1.2489
     668       1.4083
     669       1.0978
     670       1.0023
     671       1.1725
     672       1.2415
     673       1.1495
     674       1.0568
     675       1.0399
     676       1.0511
     677       1.0122
     678       1.3569
     679       1.0109
     680       1.1726
     681       1.2857
     682       0.8118
     683       1.1565
     684       0.8934
     685       1.0284
     686       1.0906
     687       1.1398
     688       1.1049
     689       0.6215
     690       0.8167
     691       0.6842
     692       1.1077
     693       1.1571
     694       1.0403
     695       0.8824
     696       1.1706
     697       1.1469
     698       1.1188
     699       1.2121
     700       1.3408
     701       1.2574
     702       1.0849
     703       1.2731
     704       1.0851
     705       1.2528
     706       1.0039
     707       1.1178
     708       1.2186
     709       1.0872
     710       1.3053
     711       1.1639
     712       1.2864
     713       1.1913
     714       1.1293
     715       1.2573
     716       1.0712
     717       1.0770
     718       1.0181
     719       1.2609
     720       1.2214
     721       1.2823
     722       1.2710
     723       1.1039
     724       1.0064
     725       0.6194
     726       1.2293
     727       1.2171
     728       1.2877
     729       1.3331
     730       1.2022
     731       0.8327
     732       0.7165
     733       0.9524
     734       0.8731
     735       0.7013
     736       0.9648
     737       1.0836
     738       0.8491
     739       1.1214
     740       1.1906
     741       1.1687
     742       1.1000
     743       1.1595
     744       0.9557
     745       1.1144
     746       1.1262
     747       1.1586
     748       1.0649
     749       0.7872
     750       0.9016
     751       0.7287
     752       1.2397
     753       1.1069
     754       1.1132
     755       1.0378
     756       1.1984
     757       1.1708
     758       1.1019
     759       1.0257
     760       1.2273
     761       1.2670
     762       1.1187
     763       0.9237
     764       1.2641
     765       1.2375
     766       1.4580
     767       1.2440
     768       1.1399
     769       1.1035
     770       0.8034
     771       0.7763
     772       0.6284
     773       1.1534
     774       1.2568
     775       0.9148
     776       0.6636
     777       1.1631
     778       1.2115
     779       1.1860
     780       1.2941
     781       1.1915
     782       0.9285
     783       0.7413
     784       0.7714
     785       0.8279
     786       1.1719
     787       1.0922
     788       1.1696
     789       1.1733
     790       1.1174
     791       1.2012
     792       1.1688
     793       1.3144
     794       1.3734
     795       1.2232
     796       0.8876
     797       0.9336
     798       1.0674
     799       1.0434
     800       0.5634
     801       1.0630
     802       0.9364
     803       0.6813
     804       1.3317
     805       1.1363
     806       1.3228
     807       1.3934
     808       1.2423
     809       0.5777
     810       1.3037
     811       1.1094
     812       1.1779
     813       1.3067
     814       1.2467
     815       0.9302
     816       0.5985
     817       1.0177
     818       0.9188
     819       1.1637
     820       1.1825
     821       0.7026
     822       0.7076
     823       0.7957
     824       0.8164
     825       1.0480
     826       0.9028
     827       1.2208
     828       1.1939
     829       1.2074
     830       1.3619
     831       0.8321
     832       1.4245
     833       1.2310
     834       1.1307
     835       1.2448
     836       1.4589
     837       1.4039
     838       1.1389
     839       1.0309
     840       0.9502
     841       1.1312
     842       1.2430
     843       0.7389
     844       0.7633
     845       0.8611
     846       1.4341
     847       0.8781
     848       1.3140
     849       1.0122
     850       1.0752
     851       0.9909
     852       0.9535
     853       1.2748
     854       1.1600
     855       1.4400
     856       1.2841
     857       1.3077
     858       1.3284
     859       1.3244
     860       1.4751
     861       1.3582
     862       1.2956
     863       1.3713
     864       1.3230
     865       1.4391
     866       0.9050
     867       1.5697
     868       1.1096
     869       1.4105
     870       1.0926
     871       1.3587
     872       1.2621
     873       1.1578
     874       0.9692
     875       1.4206
     876       1.2703
     877       1.6115
     878       1.3235
     879       1.2917
     880       1.3417
     881       1.3209
     882       1.3790
     883       1.5389
     884       1.3224
     885       1.4496
     886       1.2801
     887       1.2423
     888       1.2312
     889       1.4248
     890       1.4093
     891       1.1445
     892       1.2225
     893       1.0964
     894       1.4049
     895       1.1714
     896       1.2624
     897       1.1690
     898       1.3642
     899       1.1216
     900       1.3037
     901       1.1892
     902       1.1892
     903       1.1371
     904       1.1439
     905       1.3952
     906       1.2119
     907       1.2366
     908       1.1269
     909       1.0440
     910       1.0408
     911       1.2041
     912       1.1321
     913       1.2524
     914       1.3849
     915       1.3560
     916       1.2871
     917       1.2619
     918       1.3288
     919       1.3107
     920       1.2738
     921       1.3883
     922       1.4292
     923       0.6858
     924       0.8546
     925       0.6975
     926       1.0144
     927       1.3366
     928       1.1093
     929       1.1745
     930       1.0721
     931       1.1127
     932       1.1102
     933       1.2451
     934       0.9588
     935       1.1445
     936       1.4475
     937       1.0841
     938       1.1148
     939       1.1634
     940       1.0470
     941       1.2590
     942       1.5612
     943       1.1461
     944       1.0422
     945       1.2803
     946       1.0697
     947       1.3244
     948       1.0353
     949       1.2854
     950       1.3156
     951       1.2597
     952       1.0134
     953       1.3607
     954       1.1479
     955       0.7015
     956       1.0018
     957       0.9767
     958       1.0647
     959       1.1447
     960       1.1107
     961       1.0806
     962       0.9740
     963       1.2212
     964       1.2006
     965       1.3718
     966       1.2269
     967       1.0604
     968       1.0363
     969       0.6204
     970       1.0831
     971       1.2412
     972       1.2182
     973       0.8611
     974       0.6643
     975       0.6110
     976       0.8051
     977       0.6832
     978       1.1263
     979       0.5906
     980       1.1901
     981       0.7759
     982       0.8152
     983       0.9022
     984       0.7945
     985       0.6992
     986       1.0438
     987       1.0373
     988       0.9814
     989       0.9258
     990       1.0029
     991       1.1801
     992       1.1759
     993       1.2115
     994       1.1987
     995       0.8516
     996       1.1300
     997       0.9876
     998       0.9148
     999       0.9844
    1000       1.0097
