#Frame        fitcore
       1       0.0000
       2       0.6008
       3       0.6026
       4       0.8001
       5       0.7158
       6       0.7050
       7       0.7051
       8       0.7517
       9       0.8238
      10       0.8043
      11       0.8450
      12       0.8435
      13       0.7740
      14       0.7426
      15       0.8741
      16       0.7846
      17       0.7870
      18       0.8046
      19       0.7790
      20       0.7626
      21       0.8117
      22       0.9473
      23       0.9217
      24       0.8441
      25       0.8193
      26       0.8820
      27       0.8574
      28       0.8615
      29       0.7892
      30       0.9186
      31       0.9531
      32       0.9613
      33       0.9293
      34       0.9797
      35       1.0338
      36       1.0804
      37       1.0043
      38       0.9509
      39       0.8791
      40       0.9428
      41       0.9623
      42       1.0187
      43       0.9995
      44       0.9372
      45       0.9914
      46       0.9017
      47       0.9586
      48       0.9328
      49       0.9549
      50       0.9296
      51       1.0177
      52       0.9543
      53       0.9801
      54       1.1070
      55       1.0811
      56       1.1533
      57       0.9972
      58       1.0656
      59       0.9950
      60       1.0403
      61       0.9997
      62       1.0786
      63       0.9712
      64       0.9725
      65       0.9707
      66       1.0098
      67       0.9815
      68       1.0313
      69       0.9428
      70       1.0744
      71       1.0629
      72       0.9288
      73       1.0207
      74       1.1084
      75       1.0108
      76       1.0113
      77       1.0108
      78       0.9350
      79       0.9921
      80       0.9739
      81       0.9953
      82       0.9301
      83       0.9888
      84       0.9304
      85       0.9238
      86       1.0391
      87       0.9785
      88       1.0065
      89       0.9284
      90       1.0096
      91       0.9894
      92       1.0172
      93       1.0547
      94       0.9507
      95       0.9457
      96       1.0087
      97       0.9840
      98       1.0014
      99       0.9877
     100       1.0258
     101       1.0170
     102       1.0239
     103       1.0448
     104       0.9913
     105       0.9812
     106       0.8990
     107       0.9681
     108       0.9301
     109       1.0389
     110       0.9357
     111       0.9496
     112       0.9863
     113       0.9556
     114       0.9281
     115       0.9472
     116       0.9319
     117       1.0147
     118       0.9597
     119       0.9697
     120       0.9733
     121       1.0089
     122       0.9528
     123       1.0211
     124       1.0424
     125       0.9607
     126       0.9516
     127       0.9740
     128       0.9301
     129       0.9203
     130       1.0339
     131       1.0175
     132       0.9880
     133       1.0012
     134       0.9373
     135       1.0395
     136       0.9897
     137       1.0116
     138       1.0378
     139       1.0428
     140       1.0648
     141       1.0649
     142       1.0742
     143       1.1187
     144       1.0265
     145       1.0102
     146       0.9975
     147       1.0319
     148       0.9879
     149       1.1350
     150       1.1056
     151       1.1661
     152       1.1529
     153       1.1700
     154       1.2088
     155       1.1916
     156       1.2240
     157       1.2300
     158       1.1652
     159       1.2312
     160       1.2168
     161       1.2005
     162       1.2085
     163       1.1933
     164       1.2124
     165       1.2220
     166       1.3292
     167       1.2967
     168       1.1533
     169       1.2229
     170       1.2208
     171       1.3040
     172       1.3297
     173       1.3973
     174       1.2852
     175       1.2811
     176       1.2614
     177       1.2196
     178       1.2328
     179       1.1943
     180       1.2249
     181       1.1504
     182       1.0849
     183       1.1519
     184       1.1139
     185       1.1934
     186       1.0979
     187       1.1880
     188       1.2311
     189       1.1844
     190       1.2483
     191       1.2148
     192       1.1830
     193       1.1588
     194       1.2036
     195       1.1201
     196       1.2504
     197       1.3901
     198       1.4230
     199       1.4519
     200       1.4776
     201       1.3722
     202       1.3678
     203       1.3995
     204       1.2958
     205       1.2204
     206       1.2861
     207       1.3669
     208       1.2996
     209       1.3781
     210       1.3780
     211       1.4378
     212       1.2343
     213       1.2122
     214       1.2190
     215       1.1133
     216       1.2217
     217       1.1085
     218       1.1165
     219       1.1104
     220       1.2013
     221       1.1952
     222       1.2401
     223       1.2461
     224       1.2359
     225       1.3133
     226       1.3453
     227       1.3082
     228       1.2775
     229       1.1820
     230       1.3444
     231       1.2990
     232       1.3666
     233       1.2001
     234       1.1779
     235       1.2379
     236       1.2154
     237       1.2564
     238       1.1403
     239       1.1549
     240       1.1635
     241       1.2861
     242       1.3525
     243       1.4549
     244       1.4093
     245       1.3974
     246       1.2397
     247       1.2255
     248       1.3338
     249       1.2642
     250       1.2944
     251       1.3639
     252       1.2879
     253       1.3928
     254       1.3508
     255       1.3363
     256       1.2409
     257       1.2376
     258       1.2434
     259       1.4032
     260       1.4324
     261       1.4114
     262       1.3669
     263       1.3673
     264       1.4268
     265       1.4626
     266       1.4702
     267       1.5617
     268       1.4458
     269       1.5090
     270       1.4259
     271       1.3431
     272       1.4253
     273       1.4554
     274       1.4458
     275       1.3624
     276       1.3646
     277       1.4510
     278       1.3110
     279       1.2624
     280       1.3058
     281       1.2879
     282       1.3408
     283       1.2354
     284       1.3391
     285       1.4042
     286       1.4114
     287       1.3511
     288       1.3407
     289       1.4050
     290       1.4659
     291       1.5084
     292       1.4997
     293       1.4620
     294       1.4074
     295       1.3426
     296       1.4017
     297       1.5101
     298       1.4042
     299       1.5423
     300       1.5115
     301       1.4902
     302       1.5479
     303       1.4352
     304       1.4939
     305       1.5192
     306       1.4512
     307       1.3891
     308       1.4358
     309       1.5027
     310       1.4045
     311       1.3556
     312       1.4061
     313       1.3429
     314       1.3689
     315       1.3513
     316       1.3728
     317       1.3507
     318       1.3523
     319       1.3344
     320       1.3508
     321       1.3612
     322       1.3438
     323       1.3593
     324       1.4014
     325       1.3386
     326       1.3753
     327       1.3764
     328       1.3738
     329       1.4114
     330       1.3325
     331       1.3641
     332       1.3881
     333       1.3375
     334       1.4074
     335       1.3759
     336       1.3941
     337       1.4062
     338       1.5040
     339       1.4252
     340       1.4839
     341       1.3926
     342       1.4175
     343       1.3969
     344       1.4140
     345       1.4757
     346       1.3801
     347       1.3573
     348       1.3365
     349       1.4230
     350       1.4446
     351       1.3840
     352       1.4316
     353       1.5068
     354       1.3667
     355       1.3649
     356       1.3110
     357       1.3559
     358       1.4321
     359       1.3533
     360       1.3431
     361       1.3537
     362       1.3466
     363       1.3281
     364       1.3364
     365       1.4169
     366       1.3133
     367       1.3108
     368       1.2433
     369       1.2278
     370       1.3065
     371       1.3299
     372       1.3612
     373       1.3595
     374       1.3694
     375       1.3458
     376       1.4221
     377       1.3882
     378       1.4267
     379       1.3877
     380       1.3957
     381       1.3860
     382       1.3933
     383       1.3251
     384       1.3731
     385       1.4080
     386       1.3565
     387       1.4209
     388       1.3757
     389       1.2815
     390       1.3281
     391       1.3045
     392       1.4502
     393       1.4346
     394       1.5051
     395       1.4486
     396       1.4479
     397       1.5096
     398       1.3963
     399       1.3897
     400       1.4607
     401       1.4186
     402       1.4678
     403       1.4319
     404       1.3528
     405       1.3103
     406       1.3859
     407       1.3710
     408       1.4159
     409       1.4475
     410       1.4047
     411       1.4647
     412       1.4621
     413       1.4170
     414       1.3878
     415       1.4309
     416       1.4622
     417       1.3580
     418       1.4420
     419       1.4059
     420       1.4401
     421       1.4140
     422       1.3695
     423       1.3092
     424       1.2996
     425       1.3868
     426       1.4054
     427       1.3755
     428       1.3120
     429       1.3625
     430       1.4526
     431       1.4120
     432       1.2975
     433       1.3597
     434       1.2967
     435       1.3962
     436       1.2884
     437       1.2895
     438       1.2672
     439       1.3017
     440       1.2994
     441       1.3261
     442       1.3276
     443       1.3694
     444       1.4818
     445       1.5257
     446       1.4972
     447       1.4203
     448       1.3384
     449       1.3765
     450       1.2982
     451       1.4133
     452       1.4203
     453       1.3683
     454       1.3252
     455       1.3030
     456       1.2029
     457       1.3580
     458       1.3850
     459       1.3894
     460       1.2481
     461       1.2963
     462       1.3885
     463       1.3491
     464       1.3893
     465       1.5258
     466       1.4674
     467       1.5573
     468       1.5215
     469       1.4486
     470       1.4699
     471       1.3891
     472       1.4424
     473       1.4487
     474       1.4241
     475       1.3862
     476       1.3672
     477       1.4430
     478       1.3554
     479       1.2981
     480       1.3424
     481       1.4233
     482       1.3971
     483       1.4169
     484       1.4577
     485       1.4341
     486       1.5099
     487       1.5245
     488       1.3517
     489       1.4849
     490       1.4137
     491       1.4603
     492       1.4456
     493       1.5075
     494       1.3728
     495       1.4505
     496       1.5167
     497       1.4659
     498       1.5412
     499       1.6278
     500       1.5977
     501       1.4282
     502       1.4471
     503       1.4722
     504       1.4824
     505       1.4313
     506       1.5060
     507       1.3752
     508       1.3703
     509       1.3581
     510       1.4057
     511       1.3665
     512       1.4188
     513       1.4560
     514       1.3999
     515       1.3471
     516       1.4375
     517       1.2540
     518       1.3404
     519       1.3956
     520       1.2963
     521       1.3076
     522       1.3937
     523       1.4161
     524       1.4864
     525       1.5732
     526       1.5251
     527       1.4524
     528       1.4176
     529       1.3376
     530       1.4511
     531       1.4391
     532       1.5344
     533       1.4937
     534       1.4290
     535       1.4169
     536       1.4290
     537       1.4122
     538       1.3874
     539       1.4096
     540       1.3807
     541       1.3259
     542       1.4593
     543       1.4511
     544       1.5534
     545       1.5353
     546       1.5181
     547       1.5043
     548       1.4151
     549       1.5397
     550       1.4870
     551       1.4946
     552       1.5798
     553       1.4689
     554       1.4661
     555       1.5009
     556       1.5557
     557       1.4900
     558       1.4906
     559       1.3522
     560       1.3049
     561       1.2538
     562       1.2945
     563       1.2667
     564       1.2324
     565       1.2263
     566       1.2631
     567       1.2427
     568       1.2509
     569       1.3020
     570       1.3120
     571       1.2598
     572       1.2976
     573       1.2433
     574       1.2416
     575       1.3021
     576       1.2828
     577       1.3932
     578       1.3205
     579       1.3728
     580       1.3243
     581       1.3887
     582       1.3110
     583       1.2949
     584       1.2006
     585       1.2087
     586       1.2982
     587       1.2470
     588       1.2980
     589       1.3196
     590       1.2884
     591       1.2616
     592       1.2842
     593       1.3282
     594       1.2715
     595       1.2273
     596       1.2107
     597       1.1655
     598       1.1789
     599       1.2252
     600       1.2224
     601       1.2180
     602       1.2516
     603       1.1550
     604       1.2957
     605       1.2282
     606       1.3144
     607       1.2887
     608       1.2690
     609       1.1604
     610       1.2693
     611       1.3871
     612       1.3796
     613       1.3945
     614       1.3103
     615       1.3426
     616       1.3636
     617       1.4194
     618       1.3295
     619       1.3441
     620       1.3544
     621       1.4323
     622       1.2893
     623       1.2927
     624       1.2380
     625       1.2648
     626       1.2709
     627       1.2970
     628       1.3219
     629       1.2718
     630       1.3010
     631       1.2863
     632       1.2553
     633       1.3281
     634       1.2891
     635       1.3765
     636       1.3283
     637       1.3346
     638       1.2948
     639       1.2966
     640       1.3531
     641       1.4187
     642       1.4204
     643       1.3796
     644       1.4438
     645       1.3396
     646       1.4692
     647       1.3239
     648       1.4416
     649       1.3532
     650       1.2296
     651       1.3155
     652       1.1970
     653       1.2840
     654       1.2765
     655       1.2827
     656       1.1604
     657       1.2316
     658       1.3680
     659       1.2410
     660       1.1703
     661       1.1722
     662       1.2945
     663       1.3191
     664       1.3402
     665       1.3697
     666       1.3141
     667       1.3405
     668       1.2713
     669       1.3675
     670       1.2682
     671       1.2552
     672       1.2451
     673       1.4127
     674       1.3456
     675       1.4003
     676       1.3348
     677       1.3762
     678       1.3756
     679       1.3191
     680       1.2956
     681       1.3312
     682       1.4415
     683       1.3985
     684       1.4363
     685       1.4638
     686       1.4791
     687       1.4653
     688       1.4721
     689       1.5301
     690       1.4732
     691       1.4436
     692       1.4936
     693       1.5180
     694       1.4112
     695       1.4690
     696       1.4916
     697       1.4387
     698       1.4344
     699       1.5108
     700       1.5522
     701       1.4662
     702       1.5623
     703       1.4944
     704       1.4580
     705       1.5229
     706       1.4495
     707       1.5044
     708       1.4976
     709       1.5218
     710       1.4470
     711       1.3871
     712       1.3310
     713       1.3400
     714       1.4679
     715       1.4492
     716       1.3764
     717       1.4034
     718       1.4520
     719       1.5061
     720       1.5314
     721       1.4460
     722       1.3900
     723       1.4402
     724       1.4818
     725       1.5168
     726       1.4746
     727       1.4504
     728       1.3775
     729       1.3475
     730       1.3028
     731       1.2746
     732       1.3583
     733       1.3448
     734       1.5351
     735       1.6151
     736       1.6239
     737       1.5180
     738       1.5442
     739       1.5130
     740       1.5483
     741       1.4323
     742       1.4722
     743       1.4460
     744       1.3702
     745       1.3850
     746       1.3858
     747       1.3969
     748       1.4337
     749       1.4530
     750       1.4204
     751       1.4243
     752       1.3987
     753       1.3905
     754       1.4328
     755       1.3411
     756       1.4117
     757       1.4789
     758       1.4143
     759       1.6025
     760       1.6014
     761       1.4703
     762       1.4859
     763       1.5226
     764       1.4625
     765       1.4933
     766       1.4506
     767       1.4151
     768       1.3445
     769       1.4094
     770       1.4307
     771       1.4444
     772       1.4477
     773       1.4194
     774       1.5533
     775       1.4924
     776       1.5211
     777       1.5413
     778       1.5365
     779       1.5019
     780       1.4064
     781       1.4438
     782       1.4544
     783       1.4178
     784       1.5521
     785       1.5891
     786       1.5845
     787       1.4175
     788       1.5243
     789       1.5000
     790       1.4645
     791       1.4920
     792       1.4793
     793       1.5183
     794       1.4879
     795       1.4734
     796       1.4634
     797       1.4936
     798       1.5000
     799       1.4849
     800       1.5796
     801       1.4114
     802       1.4484
     803       1.4122
     804       1.3794
     805       1.2950
     806       1.3581
     807       1.4040
     808       1.3948
     809       1.4410
     810       1.5723
     811       1.4663
     812       1.5131
     813       1.4511
     814       1.3920
     815       1.4835
     816       1.4308
     817       1.4305
     818       1.5805
     819       1.5143
     820       1.5302
     821       1.4981
     822       1.4265
     823       1.2942
     824       1.3348
     825       1.3657
     826       1.3473
     827       1.3312
     828       1.2988
     829       1.4364
     830       1.3553
     831       1.2973
     832       1.3216
     833       1.3331
     834       1.3638
     835       1.4294
     836       1.4414
     837       1.4441
     838       1.4470
     839       1.3390
     840       1.3381
     841       1.3552
     842       1.3872
     843       1.3908
     844       1.2663
     845       1.2914
     846       1.3546
     847       1.4141
     848       1.4513
     849       1.3567
     850       1.3298
     851       1.3835
     852       1.3197
     853       1.2742
     854       1.3133
     855       1.2824
     856       1.2126
     857       1.3043
     858       1.3585
     859       1.3306
     860       1.3371
     861       1.4684
     862       1.3885
     863       1.4672
     864       1.4815
     865       1.3746
     866       1.3766
     867       1.4113
     868       1.4067
     869       1.3431
     870       1.3479
     871       1.3169
     872       1.3924
     873       1.3965
     874       1.3895
     875       1.3927
     876       1.4000
     877       1.4608
     878       1.4310
     879       1.4356
     880       1.4064
     881       1.3785
     882       1.4065
     883       1.4812
     884       1.4542
     885       1.4677
     886       1.3999
     887       1.4425
     888       1.5227
     889       1.4975
     890       1.4480
     891       1.4613
     892       1.4322
     893       1.5065
     894       1.5254
     895       1.4808
     896       1.4513
     897       1.4739
     898       1.4454
     899       1.4843
     900       1.4944
     901       1.4620
     902       1.5134
     903       1.4828
     904       1.5160
     905       1.4449
     906       1.4707
     907       1.5167
     908       1.4368
     909       1.5011
     910       1.5410
     911       1.4076
     912       1.4662
     913       1.4309
     914       1.5304
     915       1.5724
     916       1.5067
     917       1.5020
     918       1.4815
     919       1.4336
     920       1.5624
     921       1.4667
     922       1.4687
     923       1.5659
     924       1.5557
     925       1.5456
     926       1.5078
     927       1.4913
     928       1.5241
     929       1.6548
     930       1.6563
     931       1.6970
     932       1.7263
     933       1.7224
     934       1.6495
     935       1.6268
     936       1.5060
     937       1.5903
     938       1.4240
     939       1.4917
     940       1.4191
     941       1.4692
     942       1.5200
     943       1.4549
     944       1.4545
     945       1.4614
     946       1.5374
     947       1.5118
     948       1.3942
     949       1.4664
     950       1.4661
     951       1.4391
     952       1.5025
     953       1.5878
     954       1.5916
     955       1.5364
     956       1.5681
     957       1.5044
     958       1.5838
     959       1.4930
     960       1.5187
     961       1.5392
     962       1.5100
     963       1.4430
     964       1.4354
     965       1.5260
     966       1.5485
     967       1.5121
     968       1.4710
     969       1.4232
     970       1.4974
     971       1.4380
     972       1.4309
     973       1.4215
     974       1.4060
     975       1.3961
     976       1.4124
     977       1.4138
     978       1.4298
     979       1.3749
     980       1.4952
     981       1.4477
     982       1.4995
     983       1.5055
     984       1.5407
     985       1.5105
     986       1.4699
     987       1.3698
     988       1.4270
     989       1.4096
     990       1.5809
     991       1.4876
     992       1.5906
     993       1.5551
     994       1.5080
     995       1.4966
     996       1.4759
     997       1.4035
     998       1.4840
     999       1.4164
    1000       1.5215
