#Frame         fitall
       1       0.0000
       2       0.6521
       3       0.6250
       4       0.8193
       5       0.8254
       6       0.9517
       7       0.8767
       8       0.9704
       9       1.0363
      10       1.1199
      11       1.1478
      12       1.1106
      13       1.0607
      14       1.0601
      15       1.0576
      16       1.0348
      17       1.0683
      18       1.1069
      19       1.1730
      20       1.0685
      21       1.1755
      22       1.3485
      23       1.2903
      24       1.1854
      25       1.2458
      26       1.2786
      27       1.1777
      28       1.1535
      29       1.1104
      30       1.1540
      31       1.2197
      32       1.2433
      33       1.1671
      34       1.2475
      35       1.2701
      36       1.3952
      37       1.2107
      38       1.2655
      39       1.2317
      40       1.2445
      41       1.3587
      42       1.3427
      43       1.3379
      44       1.2398
      45       1.2783
      46       1.2293
      47       1.2746
      48       1.1396
      49       1.2371
      50       1.0835
      51       1.1629
      52       1.0113
      53       0.9966
      54       1.2117
      55       1.1387
      56       1.2387
      57       1.0161
      58       1.0616
      59       1.0016
      60       1.0994
      61       1.1982
      62       1.2708
      63       1.1526
      64       1.1910
      65       1.2304
      66       1.2385
      67       1.2001
      68       1.1843
      69       1.0709
      70       1.1978
      71       1.1932
      72       1.1011
      73       1.3268
      74       1.4294
      75       1.2036
      76       1.1782
      77       1.2294
      78       1.1354
      79       1.1788
      80       1.1019
      81       1.2736
      82       1.2149
      83       1.3398
      84       1.3666
      85       1.4292
      86       1.5823
      87       1.3935
      88       1.3721
      89       1.4040
      90       1.3878
      91       1.3243
      92       1.3859
      93       1.3380
      94       1.1669
      95       1.2117
      96       1.2815
      97       1.2992
      98       1.2743
      99       1.2664
     100       1.3515
     101       1.4664
     102       1.4486
     103       1.4860
     104       1.4829
     105       1.5133
     106       1.5248
     107       1.5516
     108       1.4751
     109       1.5937
     110       1.4522
     111       1.3796
     112       1.4056
     113       1.2702
     114       1.2036
     115       1.2508
     116       1.2498
     117       1.5085
     118       1.3918
     119       1.3686
     120       1.3144
     121       1.5192
     122       1.4543
     123       1.4780
     124       1.4712
     125       1.3987
     126       1.4400
     127       1.4561
     128       1.5231
     129       1.5414
     130       1.7222
     131       1.6169
     132       1.6203
     133       1.6641
     134       1.5345
     135       1.4903
     136       1.4288
     137       1.4785
     138       1.4982
     139       1.4584
     140       1.4129
     141       1.4580
     142       1.4206
     143       1.5589
     144       1.5560
     145       1.5271
     146       1.6115
     147       1.5314
     148       1.5293
     149       1.6843
     150       1.6299
     151       1.7295
     152       1.7665
     153       1.9268
     154       1.9969
     155       2.0372
     156       1.9983
     157       1.9747
     158       1.8300
     159       1.9630
     160       2.0722
     161       2.1983
     162       2.0469
     163       2.0806
     164       2.1364
     165       2.1919
     166       2.2073
     167       2.2775
     168       2.1618
     169       2.3133
     170       2.3951
     171       2.3359
     172       2.3887
     173       2.4037
     174       2.4711
     175       2.4480
     176       2.3799
     177       2.2584
     178       2.3284
     179       2.2626
     180       2.2944
     181       2.3569
     182       2.3836
     183       2.4094
     184       2.3672
     185       2.3797
     186       2.3278
     187       2.5293
     188       2.6156
     189       2.7113
     190       2.7922
     191       2.7211
     192       2.7023
     193       2.6180
     194       2.3022
     195       2.3999
     196       2.6864
     197       2.8399
     198       2.8950
     199       2.9586
     200       2.9627
     201       2.9299
     202       2.9256
     203       2.8026
     204       2.7232
     205       2.9849
     206       2.9596
     207       3.0050
     208       3.0150
     209       3.0803
     210       3.0840
     211       2.8823
     212       2.8457
     213       2.9670
     214       2.8850
     215       2.8344
     216       2.7958
     217       2.8015
     218       2.7011
     219       2.7185
     220       2.7437
     221       2.7259
     222       2.8004
     223       2.6691
     224       2.8767
     225       2.9846
     226       2.9394
     227       3.0536
     228       3.2216
     229       3.1590
     230       3.2536
     231       3.1760
     232       3.2115
     233       3.2004
     234       3.0495
     235       3.0268
     236       3.0214
     237       3.0904
     238       2.8710
     239       3.0065
     240       2.8976
     241       3.1090
     242       3.3656
     243       3.3740
     244       3.3311
     245       3.1446
     246       3.1549
     247       3.1294
     248       3.1949
     249       3.1177
     250       3.3149
     251       3.3374
     252       3.2456
     253       3.2586
     254       3.3196
     255       3.3358
     256       3.2459
     257       3.0281
     258       3.1481
     259       3.3229
     260       3.2419
     261       3.3357
     262       3.2858
     263       3.3538
     264       3.4149
     265       3.5227
     266       3.4647
     267       3.6653
     268       3.5560
     269       3.5181
     270       3.5274
     271       3.5404
     272       3.5239
     273       3.5270
     274       3.5022
     275       3.4946
     276       3.4504
     277       3.4908
     278       3.5321
     279       3.5133
     280       3.4335
     281       3.3103
     282       3.4643
     283       3.5052
     284       3.5786
     285       3.5514
     286       3.6246
     287       3.5456
     288       3.7551
     289       3.7927
     290       3.8937
     291       3.8810
     292       3.8521
     293       3.7936
     294       3.7415
     295       3.6881
     296       3.6035
     297       3.8085
     298       3.7985
     299       3.8277
     300       3.9388
     301       4.0441
     302       4.0267
     303       3.7786
     304       3.7938
     305       3.6774
     306       3.6554
     307       3.4037
     308       3.4804
     309       3.4137
     310       3.4268
     311       3.5073
     312       3.6387
     313       3.6213
     314       3.7053
     315       3.7323
     316       3.7088
     317       3.7405
     318       3.6589
     319       3.6080
     320       3.6572
     321       3.7661
     322       3.8302
     323       3.8028
     324       3.7000
     325       3.7112
     326       3.6845
     327       3.7161
     328       3.7311
     329       3.5426
     330       3.5737
     331       3.5929
     332       3.6974
     333       3.6301
     334       3.7248
     335       3.6283
     336       3.6777
     337       3.6701
     338       3.7658
     339       3.8607
     340       3.7315
     341       3.7039
     342       3.6753
     343       3.7483
     344       3.5201
     345       3.5207
     346       3.4103
     347       3.3846
     348       3.5281
     349       3.5295
     350       3.6879
     351       3.6010
     352       3.6901
     353       3.7057
     354       3.6777
     355       3.6123
     356       3.4676
     357       3.3513
     358       3.4874
     359       3.4892
     360       3.6204
     361       3.5435
     362       3.4943
     363       3.3763
     364       3.2930
     365       3.4226
     366       3.5380
     367       3.3469
     368       3.1809
     369       3.1622
     370       3.1624
     371       3.1644
     372       3.3258
     373       3.2592
     374       3.2170
     375       3.3396
     376       3.5006
     377       3.4681
     378       3.3912
     379       3.2843
     380       3.3718
     381       3.4497
     382       3.5728
     383       3.5430
     384       3.3333
     385       3.4868
     386       3.4604
     387       3.3142
     388       3.5076
     389       3.4308
     390       3.2835
     391       3.4988
     392       3.5684
     393       3.5463
     394       3.5617
     395       3.4140
     396       3.4283
     397       3.4890
     398       3.4353
     399       3.3595
     400       3.3832
     401       3.4488
     402       3.4175
     403       3.5181
     404       3.4762
     405       3.3775
     406       3.3263
     407       3.5119
     408       3.3660
     409       3.4127
     410       3.3229
     411       3.4835
     412       3.3896
     413       3.3594
     414       3.1625
     415       3.0747
     416       3.1391
     417       2.9655
     418       3.0391
     419       2.9842
     420       3.0375
     421       2.8536
     422       2.8554
     423       2.8459
     424       2.9538
     425       3.0404
     426       3.1246
     427       3.0001
     428       2.8652
     429       2.8601
     430       3.0007
     431       2.8376
     432       2.7787
     433       2.9260
     434       2.9246
     435       2.9910
     436       3.0312
     437       3.0089
     438       2.9306
     439       3.0695
     440       3.0579
     441       3.1695
     442       3.2838
     443       3.2465
     444       3.2729
     445       3.4116
     446       3.3435
     447       3.3827
     448       3.1946
     449       3.2142
     450       3.1217
     451       3.2178
     452       3.1919
     453       3.1133
     454       3.1854
     455       3.0952
     456       2.9043
     457       3.1576
     458       3.0463
     459       3.0186
     460       3.0126
     461       2.9179
     462       3.1340
     463       2.9254
     464       2.8011
     465       2.8942
     466       3.0742
     467       3.1115
     468       3.0798
     469       3.0947
     470       3.2145
     471       3.0432
     472       3.1245
     473       3.0521
     474       2.9841
     475       3.1148
     476       3.0956
     477       3.1501
     478       3.0968
     479       3.0469
     480       3.0920
     481       3.3279
     482       3.3147
     483       3.3769
     484       3.3667
     485       3.1818
     486       3.1826
     487       3.3145
     488       3.1903
     489       3.2482
     490       3.3432
     491       3.3962
     492       3.4837
     493       3.4469
     494       3.3437
     495       3.3597
     496       3.2080
     497       3.1460
     498       3.2411
     499       3.4036
     500       3.2961
     501       3.1855
     502       3.1043
     503       3.0379
     504       3.0252
     505       2.9341
     506       2.9669
     507       2.7919
     508       2.6152
     509       2.6263
     510       2.7125
     511       2.7650
     512       2.7183
     513       2.7075
     514       2.6973
     515       2.7789
     516       2.6664
     517       2.7025
     518       2.6213
     519       2.6389
     520       2.6536
     521       2.5796
     522       2.4526
     523       2.3424
     524       2.4260
     525       2.4628
     526       2.3291
     527       2.3178
     528       2.3857
     529       2.3845
     530       2.5100
     531       2.4371
     532       2.5515
     533       2.4880
     534       2.3804
     535       2.3915
     536       2.3502
     537       2.1746
     538       2.2459
     539       2.1728
     540       2.0545
     541       2.0457
     542       2.2207
     543       2.2339
     544       2.2773
     545       2.3189
     546       2.2254
     547       2.1863
     548       2.1926
     549       2.2521
     550       2.2344
     551       2.3405
     552       2.4945
     553       2.5582
     554       2.4265
     555       2.3183
     556       2.4352
     557       2.4150
     558       2.3011
     559       2.1337
     560       2.1301
     561       2.0105
     562       2.1007
     563       2.1655
     564       2.2321
     565       2.1942
     566       2.3268
     567       2.2135
     568       2.1242
     569       2.1293
     570       2.0837
     571       2.0617
     572       2.1347
     573       2.0174
     574       2.1327
     575       2.0588
     576       2.1098
     577       2.2280
     578       2.1848
     579       2.2073
     580       2.2380
     581       2.3844
     582       2.1556
     583       2.1411
     584       2.0471
     585       1.9839
     586       2.1266
     587       2.2011
     588       2.2379
     589       2.2623
     590       2.2611
     591       2.3013
     592       2.3779
     593       2.3181
     594       2.1604
     595       2.1109
     596       2.1250
     597       2.0312
     598       2.0574
     599       2.0952
     600       2.2178
     601       2.0653
     602       1.9358
     603       2.0010
     604       2.0828
     605       2.0810
     606       2.2411
     607       2.2577
     608       2.2481
     609       2.2182
     610       2.4707
     611       2.7183
     612       2.6248
     613       2.5891
     614       2.7657
     615       2.9090
     616       2.9069
     617       2.9450
     618       2.8456
     619       2.6786
     620       2.6779
     621       2.7603
     622       2.5950
     623       2.4411
     624       2.3724
     625       2.3949
     626       2.4997
     627       2.4642
     628       2.5219
     629       2.5312
     630       2.5561
     631       2.5181
     632       2.5344
     633       2.5416
     634       2.3546
     635       2.4200
     636       2.3329
     637       2.3581
     638       2.3604
     639       2.2754
     640       2.3829
     641       2.3572
     642       2.3045
     643       2.3617
     644       2.4131
     645       2.3432
     646       2.4298
     647       2.2598
     648       2.3945
     649       2.3793
     650       2.2143
     651       2.3788
     652       2.3761
     653       2.5754
     654       2.5904
     655       2.5256
     656       2.3567
     657       2.5240
     658       2.4216
     659       2.3007
     660       2.4156
     661       2.5240
     662       2.6020
     663       2.6465
     664       2.8405
     665       2.9714
     666       3.0529
     667       3.0328
     668       2.8754
     669       2.9074
     670       2.7785
     671       2.7613
     672       2.8280
     673       2.9114
     674       2.9157
     675       2.8819
     676       2.7182
     677       2.7778
     678       2.6259
     679       2.4986
     680       2.6085
     681       2.6125
     682       2.7499
     683       2.7355
     684       2.8006
     685       2.8550
     686       2.9268
     687       2.9932
     688       2.9949
     689       3.0382
     690       3.0524
     691       3.0423
     692       2.9921
     693       2.9448
     694       2.9128
     695       3.0277
     696       3.1535
     697       3.0573
     698       3.0873
     699       3.1312
     700       3.0905
     701       3.1392
     702       3.2434
     703       3.4109
     704       3.3547
     705       3.4240
     706       3.3743
     707       3.3817
     708       3.2762
     709       3.4314
     710       3.1738
     711       3.1084
     712       3.0835
     713       3.1852
     714       3.2630
     715       3.2166
     716       3.2187
     717       3.2730
     718       3.2711
     719       3.3780
     720       3.4113
     721       3.4482
     722       3.3895
     723       3.1773
     724       3.1580
     725       3.3824
     726       3.2275
     727       3.2416
     728       3.0671
     729       3.0298
     730       2.9709
     731       2.8777
     732       3.0574
     733       3.0945
     734       3.2488
     735       3.3125
     736       3.1655
     737       3.1531
     738       3.3445
     739       3.2898
     740       3.3994
     741       3.3470
     742       3.4373
     743       3.4698
     744       3.2075
     745       3.2011
     746       3.1361
     747       3.1339
     748       3.2115
     749       3.2244
     750       3.1713
     751       3.1662
     752       3.1577
     753       3.1891
     754       3.3283
     755       3.2709
     756       3.2417
     757       3.2731
     758       3.3585
     759       3.5836
     760       3.5337
     761       3.3788
     762       3.2981
     763       3.2182
     764       3.2024
     765       3.2518
     766       3.0899
     767       3.1742
     768       3.0931
     769       3.1760
     770       3.1868
     771       3.1958
     772       3.1754
     773       3.2638
     774       3.3467
     775       3.1322
     776       3.3597
     777       3.3441
     778       3.2255
     779       3.2669
     780       3.0740
     781       3.1927
     782       3.0389
     783       3.0606
     784       3.1983
     785       3.2576
     786       3.4372
     787       3.2090
     788       3.2101
     789       3.2281
     790       3.1966
     791       3.3398
     792       3.3447
     793       3.5273
     794       3.5061
     795       3.3061
     796       3.3326
     797       3.4010
     798       3.3800
     799       3.2202
     800       3.3603
     801       3.2545
     802       3.1343
     803       3.0791
     804       3.0772
     805       2.9414
     806       3.0196
     807       2.9973
     808       3.0456
     809       3.0793
     810       3.2502
     811       3.2153
     812       3.2000
     813       3.1025
     814       3.1112
     815       3.3207
     816       3.0926
     817       3.0968
     818       3.3357
     819       3.2646
     820       3.3097
     821       3.3185
     822       3.0978
     823       2.9658
     824       2.9655
     825       2.9516
     826       2.7983
     827       2.6761
     828       2.6653
     829       2.7728
     830       2.5936
     831       2.7205
     832       2.7226
     833       2.8231
     834       2.7121
     835       2.7907
     836       2.8132
     837       2.8731
     838       2.7724
     839       2.6143
     840       2.7224
     841       2.6146
     842       2.6265
     843       2.7986
     844       2.6571
     845       2.7306
     846       2.7778
     847       2.7145
     848       2.7452
     849       2.6060
     850       2.5840
     851       2.6185
     852       2.5098
     853       2.3963
     854       2.5626
     855       2.5773
     856       2.6470
     857       2.6954
     858       2.7344
     859       2.7026
     860       2.7788
     861       2.8553
     862       2.6786
     863       2.6947
     864       2.9108
     865       2.8746
     866       2.8266
     867       2.9586
     868       3.2209
     869       3.1433
     870       2.9858
     871       3.1046
     872       3.1149
     873       3.1911
     874       3.1360
     875       3.2126
     876       3.3225
     877       3.3902
     878       3.3624
     879       3.4410
     880       3.3634
     881       3.1853
     882       3.2171
     883       3.2422
     884       3.1886
     885       3.1080
     886       2.9117
     887       3.0369
     888       3.1219
     889       3.2322
     890       3.0870
     891       2.9219
     892       2.7883
     893       2.9108
     894       3.0291
     895       3.0029
     896       2.9279
     897       3.0248
     898       3.1239
     899       3.3151
     900       3.3625
     901       3.3305
     902       3.4629
     903       3.4112
     904       3.3330
     905       3.2959
     906       3.3284
     907       3.3421
     908       3.3014
     909       3.3919
     910       3.5204
     911       3.5015
     912       3.4958
     913       3.5369
     914       3.5710
     915       3.5446
     916       3.6264
     917       3.6737
     918       3.6239
     919       3.5383
     920       3.7469
     921       3.4721
     922       3.3886
     923       3.4399
     924       3.5386
     925       3.4169
     926       3.4558
     927       3.3543
     928       3.5555
     929       3.8688
     930       3.9447
     931       3.9781
     932       3.9557
     933       3.9684
     934       3.7088
     935       3.8213
     936       3.7935
     937       3.7985
     938       3.5196
     939       3.6777
     940       3.4752
     941       3.5658
     942       3.5648
     943       3.5237
     944       3.3221
     945       3.4345
     946       3.3888
     947       3.3520
     948       3.3009
     949       3.3561
     950       3.3644
     951       3.4707
     952       3.6721
     953       3.7446
     954       3.6874
     955       3.6558
     956       3.5537
     957       3.5564
     958       3.5670
     959       3.2602
     960       3.5599
     961       3.5045
     962       3.5160
     963       3.4607
     964       3.3960
     965       3.6277
     966       3.7561
     967       3.5456
     968       3.7404
     969       3.7356
     970       3.8937
     971       3.8254
     972       3.8222
     973       3.7495
     974       3.7023
     975       3.7831
     976       3.7558
     977       3.8599
     978       3.8494
     979       3.8766
     980       3.7509
     981       3.9673
     982       3.9175
     983       3.9648
     984       4.0232
     985       3.9655
     986       4.0132
     987       3.9079
     988       3.9095
     989       3.9032
     990       4.1152
     991       3.9462
     992       4.0393
     993       3.9269
     994       3.9268
     995       3.7801
     996       3.6773
     997       3.4797
     998       3.5528
     999       3.6127
    1000       3.6049
