#Res        AtomicFlx
   1.000       1.0225
   2.000       1.3354
   3.000       0.9156
   4.000       0.8372
   5.000       0.6765
   6.000       0.6165
   7.000       0.5093
   8.000       0.4744
   9.000       0.4594
  10.000       0.4957
  11.000       0.4744
  12.000       0.3992
  13.000       0.3897
  14.000       0.4500
  15.000       0.4596
  16.000       0.4765
  17.000       0.4936
  18.000       0.5314
  19.000       0.5552
  20.000       0.5724
  21.000       0.6340
  22.000       0.7097
  23.000       0.7608
  24.000       0.8178
  25.000       0.9071
  26.000       0.7819
  27.000       0.7776
  28.000       0.6757
  29.000       0.6348
  30.000       0.5353
  31.000       0.5645
  32.000       0.5267
  33.000       0.5739
  34.000       0.5719
  35.000       0.6598
  36.000       0.6067
  37.000       0.5259
  38.000       0.4722
  39.000       0.3800
  40.000       0.3169
  41.000       0.3608
  42.000       0.4294
  43.000       0.5320
  44.000       0.7999
  45.000       0.8828
  46.000       1.0306
  47.000       1.3839
  48.000       1.4531
  49.000       1.0900
  50.000       1.0208
  51.000       0.9478
  52.000       0.9308
  53.000       0.6480
  54.000       0.5189
  55.000       0.4172
  56.000       0.4661
  57.000       0.5705
  58.000       0.4568
  59.000       0.5376
  60.000       0.8074
  61.000       0.8022
  62.000       0.8499
  63.000       0.6411
  64.000       0.7284
  65.000       0.6080
  66.000       0.4986
  67.000       0.6073
  68.000       0.6202
  69.000       0.5595
  70.000       0.5954
  71.000       0.6988
  72.000       0.6650
  73.000       0.7171
  74.000       0.8229
  75.000       0.6496
  76.000       0.6759
  77.000       0.6444
  78.000       0.6756
  79.000       0.7812
  80.000       0.7699
  81.000       0.8784
  82.000       0.9632
  83.000       1.2818
  84.000       1.1819
  85.000       1.1694
  86.000       1.0194
  87.000       1.0308
  88.000       1.0518
  89.000       1.1515
  90.000       1.2144
  91.000       1.3709
  92.000       1.5543
  93.000       1.8712
  94.000       1.6946
  95.000       1.3755
  96.000       1.2732
  97.000       1.2245
  98.000       1.1749
  99.000       1.1366
 100.000       1.0381
 101.000       0.9252
 102.000       0.9966
 103.000       1.1715
 104.000       1.2057
 105.000       1.6143
 106.000       1.5022
 107.000       1.6284
 108.000       1.5176
 109.000       1.2835
 110.000       1.1674
 111.000       1.1805
 112.000       1.1695
 113.000       1.0563
 114.000       1.0796
 115.000       1.1336
 116.000       0.9818
 117.000       0.8776
 118.000       0.9920
 119.000       1.0003
 120.000       0.8582
 121.000       0.9172
 122.000       0.9937
 123.000       0.9374
 124.000       0.9485
 125.000       1.2900
 126.000       1.2596
 127.000       0.9433
 128.000       0.9227
 129.000       0.9594
 130.000       0.8824
 131.000       0.8222
 132.000       0.8232
 133.000       0.9048
 134.000       1.0017
 135.000       1.0359
 136.000       1.2685
 137.000       1.1657
 138.000       0.9677
 139.000       1.1349
 140.000       1.1236
 141.000       0.9022
 142.000       0.8213
 143.000       0.9779
 144.000       1.0306
 145.000       0.9094
 146.000       0.8584
 147.000       0.9457
 148.000       1.0044
 149.000       1.0036
 150.000       0.9823
 151.000       1.1438
 152.000       1.2548
 153.000       1.2699
 154.000       1.2831
 155.000       1.6326
 156.000       1.5565
 157.000       1.5794
 158.000       1.5017
 159.000       1.2245
 160.000       1.0537
 161.000       1.0319
 162.000       0.8079
 163.000       0.7706
 164.000       0.7771
 165.000       0.7282
 166.000       0.7019
 167.000       0.6452
 168.000       0.5598
 169.000       0.6190
 170.000       0.7339
 171.000       0.6118
 172.000       0.4803
 173.000       0.5799
 174.000       0.6445
 175.000       0.7422
 176.000       0.9514
 177.000       0.8132
 178.000       0.6607
 179.000       0.6996
 180.000       0.7263
 181.000       0.7031
 182.000       0.6064
 183.000       0.6172
 184.000       0.6745
 185.000       0.6124
 186.000       0.5995
 187.000       0.7293
 188.000       0.6886
 189.000       0.5717
 190.000       0.5994
 191.000       0.7261
 192.000       0.7650
 193.000       0.8006
 194.000       0.8415
 195.000       0.7091
 196.000       0.7148
 197.000       0.7125
 198.000       0.7357
 199.000       0.6363
 200.000       0.7372
 201.000       0.7220
 202.000       0.6557
 203.000       0.5873
 204.000       0.5599
 205.000       0.8095
 206.000       0.7617
 207.000       0.6033
 208.000       0.5411
 209.000       0.6113
 210.000       0.6318
 211.000       0.6208
 212.000       0.5844
 213.000       0.5330
 214.000       0.5977
 215.000       0.5466
 216.000       0.5046
 217.000       0.5762
 218.000       0.6094
 219.000       0.5797
 220.000       0.6349
 221.000       0.7628
 222.000       0.8070
 223.000       0.7669
 224.000       0.9420
 225.000       0.9417
 226.000       0.7491
 227.000       0.6673
 228.000       0.7404
 229.000       0.6609
 230.000       0.6654
 231.000       0.6743
 232.000       0.6446
 233.000       0.6120
 234.000       0.6741
 235.000       0.6982
 236.000       0.6866
 237.000       0.7311
 238.000       0.7244
 239.000       0.8671
 240.000       0.9316
 241.000       1.0483
 242.000       0.8896
 243.000       0.7606
 244.000       0.7863
 245.000       0.7410
 246.000       0.7539
 247.000       0.7393
 248.000       0.8512
 249.000       0.9688
 250.000       1.0156
 251.000       0.8965
 252.000       0.8971
 253.000       0.8297
 254.000       0.8456
 255.000       0.8229
 256.000       0.7878
 257.000       0.6808
 258.000       0.6032
 259.000       0.5081
 260.000       0.4779
 261.000       0.4565
 262.000       0.4869
 263.000       0.5219
 264.000       0.6438
 265.000       0.6762
 266.000       0.5756
 267.000       0.5591
 268.000       0.6342
 269.000       0.7123
 270.000       0.6601
 271.000       0.7320
 272.000       0.7184
 273.000       0.8049
 274.000       0.8504
 275.000       0.8826
 276.000       0.8025
 277.000       0.8390
 278.000       0.8464
 279.000       0.7750
 280.000       0.6969
 281.000       0.7518
 282.000       0.7964
 283.000       0.7208
 284.000       0.6830
 285.000       0.6815
 286.000       0.7086
 287.000       0.6384
 288.000       0.5740
 289.000       0.4762
 290.000       0.4966
 291.000       0.4778
 292.000       0.3921
 293.000       0.3934
 294.000       0.4478
 295.000       0.6834
 296.000       0.7500
 297.000       0.8713
 298.000       0.9628
 299.000       1.0487
 300.000       1.1919
 301.000       1.1598
 302.000       1.0765
 303.000       1.1802
 304.000       1.0780
 305.000       1.1168
 306.000       1.2846
 307.000       1.2894
 308.000       1.2148
 309.000       1.0832
 310.000       0.9653
 311.000       0.9056
 312.000       0.9033
 313.000       0.9721
 314.000       1.0191
 315.000       1.0745
 316.000       1.3064
 317.000       1.3751
 318.000       1.4467
 319.000       1.5181
 320.000       1.2462
 321.000       1.3322
 322.000       0.8815
 323.000       0.9231
 324.000       0.7923
 325.000       0.6925
 326.000       0.7000
 327.000       0.7677
 328.000       0.7632
 329.000       0.8406
 330.000       0.8777
 331.000       1.0277
 332.000       1.1754
 333.000       1.1071
 334.000       1.0387
 335.000       0.9771
 336.000       0.9570
 337.000       0.8584
 338.000       0.7914
 339.000       0.6661
 340.000       0.7056
 341.000       0.5111
 342.000       0.4702
 343.000       0.5339
 344.000       0.5868
 345.000       0.8224
 346.000       0.8077
 347.000       0.6947
 348.000       1.0776
 349.000       1.1550
 350.000       0.8888
 351.000       0.8974
 352.000       1.2692
 353.000       1.1861
 354.000       1.2739
 355.000       1.1545
 356.000       1.2245
 357.000       1.1813
 358.000       0.9617
 359.000       0.9656
 360.000       1.1301
 361.000       1.0790
 362.000       0.8819
 363.000       1.0356
 364.000       1.1936
 365.000       1.0804
 366.000       1.0439
 367.000       1.2451
 368.000       1.3212
 369.000       1.2628
 370.000       1.3785
 371.000       1.7359
 372.000       1.8116
 373.000       1.6116
 374.000       1.5388
 375.000       1.2120
 376.000       1.3618
 377.000       1.4288
 378.000       1.1922
 379.000       1.2575
 380.000       1.1216
 381.000       0.9342
 382.000       0.8877
 383.000       0.7033
 384.000       0.5922
 385.000       0.6046
 386.000       0.6095
 387.000       1.0730
 388.000       1.3605
 389.000       1.1480
 390.000       1.1763
 391.000       0.6273
 392.000       0.7122
 393.000       0.6951
 394.000       0.5748
 395.000       0.4377
 396.000       0.4294
 397.000       0.4276
 398.000       0.4849
 399.000       0.5774
 400.000       0.6175
 401.000       0.7047
 402.000       0.7810
 403.000       0.8535
 404.000       0.7656
 405.000       0.7705
 406.000       0.8656
 407.000       0.8741
 408.000       0.8065
 409.000       0.7569
 410.000       0.7259
 411.000       0.6922
 412.000       0.6392
 413.000       0.6288
 414.000       0.7227
 415.000       0.6671
 416.000       0.7218
 417.000       0.8179
 418.000       0.7417
 419.000       0.6092
 420.000       0.5433
 421.000       0.4964
 422.000       0.4622
 423.000       0.3847
 424.000       0.3718
 425.000       0.4704
 426.000       0.5121
 427.000       0.5243
 428.000       0.6659
 429.000       0.5950
 430.000       0.5044
 431.000       0.4603
 432.000       0.4249
 433.000       0.3482
 434.000       0.3589
 435.000       0.4666
 436.000       0.4883
 437.000       0.4146
 438.000       0.4607
 439.000       0.5374
 440.000       0.5168
 441.000       0.5028
 442.000       0.5456
 443.000       0.5866
 444.000       0.5644
 445.000       0.5745
 446.000       0.6230
 447.000       0.6759
 448.000       0.6835
 449.000       0.7541
 450.000       0.8540
 451.000       0.9244
 452.000       0.9795
 453.000       1.1386
 454.000       1.0889
 455.000       0.9890
 456.000       1.1309
 457.000       1.1314
 458.000       1.2132
 459.000       1.0406
 460.000       0.8124
 461.000       1.0937
 462.000       1.0751
 463.000       1.0670
 464.000       0.9237
 465.000       1.1820
 466.000       1.2249
 467.000       1.1379
 468.000       1.5512
 469.000       1.2452
 470.000       0.9756
 471.000       1.2467
 472.000       1.2385
 473.000       1.0992
 474.000       1.2902
 475.000       1.1945
 476.000       2.6204
 477.000       2.7242
 478.000       3.2616
 479.000       3.7345
 480.000       3.1696
 481.000       2.3246
 482.000       2.8985
 483.000       2.7916
 484.000       2.0285
 485.000       2.3055
 486.000       2.5945
 487.000       2.2740
 488.000       2.8750
 489.000       2.6113
 490.000       1.6610
 491.000       1.8628
 492.000       2.3042
 493.000       2.0210
 494.000       1.8039
 495.000       2.1894
 496.000       2.6614
 497.000       2.9061
 498.000       3.0467
 499.000       3.3406
 500.000       3.9938
 501.000       4.4353
 502.000       4.5968
 503.000       4.9962
 504.000       5.8215
 505.000       6.2992
 506.000       6.3839
 507.000       6.9880
 508.000       7.7999
 509.000       8.1045
 510.000       8.4798
 511.000       9.1580
 512.000       8.6077
 513.000       8.5057
