#Frame         fadrms
       1       0.0000
       2       0.2861
       3       0.3170
       4       0.2679
       5       0.3168
       6       0.3522
       7       0.3922
       8       0.3529
       9       0.4082
      10       0.4241
      11       0.4196
      12       0.3900
      13       0.3778
      14       0.4577
      15       0.4599
      16       0.4959
      17       0.3826
      18       0.3885
      19       0.5034
      20       0.3868
      21       0.4631
      22       0.4631
      23       0.3771
      24       0.3309
      25       0.3973
      26       0.3180
      27       0.3090
      28       0.4869
      29       0.3897
      30       0.3169
      31       0.3672
      32       0.3208
      33       0.3443
      34       0.4115
      35       0.4155
      36       0.3817
      37       0.4045
      38       0.3113
      39       0.3291
      40       0.2760
      41       0.3600
      42       0.3931
      43       0.3481
      44       0.3797
      45       0.4494
      46       0.4195
      47       0.4288
      48       0.3364
      49       0.4840
      50       0.5159
      51       0.3941
      52       0.4041
      53       0.3674
      54       0.4934
      55       0.3967
      56       0.3937
      57       0.3770
      58       0.4349
      59       0.3876
      60       0.3571
      61       0.4155
      62       0.3884
      63       0.4045
      64       0.3692
      65       0.4693
      66       0.3381
      67       0.4171
      68       0.4103
      69       0.4352
      70       0.4206
      71       0.3815
      72       0.3892
      73       0.4250
      74       0.4339
      75       0.3702
      76       0.5079
      77       0.5480
      78       0.6480
      79       0.5463
      80       0.5300
      81       0.5433
      82       0.4978
      83       0.4103
      84       0.4236
      85       0.4534
      86       0.4913
      87       0.4370
      88       0.4504
      89       0.3375
      90       0.2693
      91       0.3379
      92       0.3715
      93       0.3021
      94       0.3200
      95       0.2832
      96       0.2953
      97       0.4458
      98       0.3164
      99       0.3934
     100       0.3288
     101       0.4506
     102       0.3772
     103       0.3606
     104       0.5340
     105       0.3932
     106       0.3841
     107       0.3558
     108       0.4314
     109       0.4356
     110       0.4558
     111       0.4346
     112       0.4415
     113       0.4486
     114       0.4675
     115       0.6918
     116       0.7485
     117       0.6622
     118       0.5528
     119       0.5636
     120       0.5376
     121       0.4657
     122       0.4694
     123       0.4660
     124       0.4699
     125       0.5343
     126       0.4488
     127       0.5316
     128       0.4734
     129       0.4682
     130       0.4946
     131       0.5020
     132       0.5680
     133       0.5548
     134       0.4504
     135       0.5053
     136       0.4766
     137       0.4080
     138       0.5127
     139       0.4157
     140       0.3865
     141       0.3650
     142       0.3966
     143       0.3472
     144       0.3886
     145       0.3387
     146       0.3647
     147       0.4553
     148       0.4153
     149       0.3539
     150       0.3357
     151       0.3491
     152       0.4026
     153       0.4011
     154       0.4058
     155       0.4252
     156       0.4007
     157       0.3944
     158       0.3426
     159       0.2463
     160       0.2802
     161       0.4495
     162       0.3545
     163       0.3700
     164       0.3799
     165       0.4839
     166       0.3163
     167       0.3191
     168       0.3500
     169       0.4985
     170       0.3465
     171       0.3484
     172       0.4518
     173       0.4005
     174       0.3650
     175       0.3403
     176       0.3787
     177       0.4604
     178       0.5221
     179       0.5286
     180       0.4573
     181       0.4159
     182       0.4635
     183       0.5717
     184       0.5045
     185       0.6498
     186       0.4833
     187       0.5675
     188       0.6196
     189       0.6087
     190       0.6674
     191       0.5528
     192       0.4858
     193       0.4558
     194       0.5523
     195       0.4925
     196       0.4590
     197       0.4396
     198       0.5545
     199       0.4187
     200       0.4505
     201       0.4706
     202       0.5062
     203       0.4635
     204       0.4540
     205       0.6008
     206       0.4071
     207       0.4088
     208       0.4433
     209       0.4625
     210       0.5289
     211       0.5947
     212       0.6670
     213       0.5923
     214       0.5929
     215       0.6543
     216       0.5153
     217       0.5089
     218       0.4540
     219       0.5221
     220       0.5844
     221       0.4932
     222       0.4308
     223       0.4273
     224       0.3825
     225       0.2904
     226       0.2554
     227       0.3260
     228       0.4503
     229       0.5061
     230       0.4337
     231       0.5232
     232       0.3398
     233       0.3120
     234       0.3713
     235       0.4064
     236       0.3696
     237       0.4496
     238       0.3979
     239       0.3636
     240       0.3686
     241       0.2633
     242       0.3119
     243       0.3139
     244       0.2748
     245       0.3569
     246       0.2986
     247       0.3013
     248       0.3818
     249       0.4752
     250       0.3387
     251       0.4079
     252       0.5289
     253       0.4421
     254       0.3477
     255       0.3816
     256       0.2665
     257       0.2681
     258       0.2913
     259       0.3473
     260       0.3645
     261       0.3966
     262       0.3936
     263       0.2684
     264       0.3225
     265       0.3200
     266       0.3111
     267       0.4031
     268       0.3246
     269       0.3032
     270       0.3152
     271       0.4275
     272       0.5240
     273       0.4281
     274       0.4064
     275       0.4635
     276       0.4313
     277       0.3716
     278       0.3280
     279       0.3655
     280       0.4048
     281       0.4505
     282       0.3225
     283       0.3182
     284       0.3574
     285       0.4595
     286       0.3474
     287       0.5622
     288       0.7143
     289       0.6684
     290       0.4267
     291       0.3699
     292       0.5003
     293       0.4603
     294       0.4007
     295       0.5014
     296       0.5162
     297       0.3052
     298       0.3578
     299       0.4077
     300       0.4193
     301       0.3137
     302       0.3212
     303       0.4553
     304       0.3811
     305       0.4101
     306       0.4521
     307       0.4971
     308       0.4767
     309       0.3765
     310       0.4312
     311       0.3728
     312       0.2904
     313       0.2610
     314       0.3254
     315       0.2569
     316       0.2745
     317       0.3311
     318       0.4042
     319       0.3902
     320       0.3400
     321       0.3823
     322       0.3525
     323       0.3610
     324       0.3541
     325       0.3822
     326       0.3389
     327       0.3992
     328       0.4203
     329       0.3916
     330       0.3203
     331       0.3881
     332       0.3792
     333       0.3949
     334       0.3027
     335       0.3607
     336       0.3037
     337       0.3372
     338       0.3144
     339       0.3134
     340       0.3230
     341       0.3945
     342       0.4279
     343       0.4187
     344       0.4693
     345       0.3438
     346       0.3271
     347       0.3152
     348       0.3039
     349       0.3133
     350       0.4923
     351       0.4946
     352       0.4058
     353       0.4458
     354       0.4106
     355       0.3884
     356       0.3354
     357       0.3584
     358       0.4102
     359       0.4214
     360       0.5739
     361       0.5450
     362       0.4623
     363       0.4187
     364       0.6126
     365       0.5657
     366       0.5671
     367       0.6019
     368       0.3665
     369       0.4638
     370       0.5419
     371       0.4513
     372       0.4355
     373       0.4846
     374       0.4592
     375       0.5070
     376       0.5238
     377       0.4525
     378       0.4535
     379       0.5132
     380       0.4565
     381       0.5283
     382       0.5398
     383       0.4967
     384       0.4640
     385       0.4486
     386       0.5167
     387       0.4015
     388       0.3983
     389       0.3480
     390       0.3392
     391       0.4399
     392       0.4343
     393       0.4219
     394       0.4294
     395       0.3523
     396       0.3540
     397       0.4982
     398       0.4719
     399       0.5118
     400       0.5289
     401       0.4859
     402       0.5266
     403       0.4943
     404       0.5889
     405       0.3905
     406       0.5140
     407       0.4586
     408       0.4273
     409       0.5896
     410       0.6154
     411       0.4480
     412       0.4341
     413       0.4047
     414       0.3104
     415       0.4082
     416       0.3505
     417       0.5650
     418       0.5908
     419       0.5305
     420       0.5297
     421       0.4536
     422       0.3867
     423       0.3490
     424       0.3222
     425       0.3302
     426       0.3169
     427       0.3213
     428       0.3711
     429       0.3635
     430       0.3323
     431       0.3777
     432       0.3776
     433       0.4185
     434       0.4994
     435       0.3716
     436       0.4079
     437       0.4614
     438       0.4561
     439       0.4598
     440       0.3737
     441       0.4496
     442       0.3869
     443       0.4063
     444       0.4011
     445       0.4886
     446       0.4545
     447       0.5019
     448       0.4594
     449       0.4992
     450       0.5671
     451       0.5530
     452       0.6049
     453       0.5855
     454       0.6319
     455       0.4685
     456       0.4575
     457       0.5443
     458       0.4756
     459       0.5410
     460       0.4743
     461       0.5778
     462       0.4609
     463       0.5290
     464       0.5580
     465       0.5968
     466       0.5782
     467       0.5584
     468       0.6263
     469       0.5952
     470       0.4865
     471       0.5281
     472       0.4978
     473       0.4752
     474       0.4682
     475       0.5141
     476       0.4439
     477       0.5697
     478       0.5904
     479       0.6090
     480       0.5529
     481       0.5925
     482       0.6571
     483       0.4909
     484       0.5636
     485       0.5665
     486       0.5933
     487       0.5916
     488       0.5162
     489       0.5307
     490       0.6783
     491       0.5681
     492       0.5137
     493       0.4846
     494       0.5324
     495       0.5529
     496       0.5243
     497       0.5782
     498       0.4937
     499       0.5655
     500       0.6456
     501       0.5401
     502       0.5510
     503       0.5817
     504       0.5283
     505       0.4663
     506       0.4576
     507       0.4749
     508       0.4162
     509       0.4205
     510       0.5102
     511       0.4949
     512       0.4422
     513       0.5286
     514       0.5345
     515       0.5154
     516       0.6007
     517       0.5272
     518       0.5968
     519       0.4873
     520       0.5087
     521       0.5685
     522       0.5572
     523       0.6010
     524       0.6576
     525       0.6727
     526       0.5572
     527       0.6369
     528       0.5870
     529       0.5765
     530       0.5528
     531       0.5624
     532       0.5501
     533       0.5697
     534       0.4991
     535       0.5268
     536       0.4767
     537       0.4470
     538       0.5110
     539       0.5441
     540       0.5979
     541       0.5691
     542       0.5744
     543       0.6161
     544       0.5634
     545       0.4962
     546       0.5006
     547       0.5669
     548       0.4801
     549       0.4868
     550       0.3873
     551       0.4755
     552       0.4833
     553       0.5183
     554       0.5519
     555       0.5839
     556       0.5488
     557       0.5616
     558       0.5621
     559       0.5560
     560       0.5422
     561       0.5091
     562       0.4599
     563       0.5562
     564       0.4639
     565       0.4760
     566       0.6280
     567       0.5600
     568       0.5788
     569       0.5438
     570       0.5035
     571       0.4149
     572       0.4409
     573       0.4304
     574       0.5466
     575       0.5472
     576       0.5913
     577       0.5658
     578       0.5234
     579       0.4679
     580       0.4931
     581       0.4009
     582       0.5275
     583       0.5026
     584       0.5339
     585       0.5545
     586       0.6388
     587       0.5770
     588       0.5786
     589       0.5977
     590       0.5302
     591       0.3875
     592       0.4231
     593       0.4216
     594       0.5089
     595       0.5098
     596       0.5521
     597       0.4785
     598       0.4591
     599       0.5260
     600       0.5919
     601       0.4512
     602       0.4859
     603       0.5944
     604       0.4835
     605       0.4249
     606       0.4852
     607       0.4428
     608       0.5086
     609       0.5787
     610       0.4410
     611       0.4099
     612       0.3294
     613       0.3224
     614       0.4446
     615       0.4312
     616       0.3623
     617       0.3640
     618       0.3201
     619       0.3966
     620       0.4340
     621       0.4538
     622       0.4043
     623       0.4044
     624       0.4201
     625       0.4501
     626       0.3510
     627       0.3490
     628       0.3522
     629       0.4088
     630       0.4700
     631       0.4468
     632       0.4436
     633       0.4102
     634       0.4836
     635       0.4447
     636       0.4887
     637       0.4447
     638       0.4676
     639       0.4670
     640       0.4350
     641       0.5072
     642       0.5523
     643       0.4858
     644       0.4846
     645       0.4576
     646       0.4349
     647       0.3853
     648       0.4361
     649       0.4492
     650       0.5154
     651       0.3587
     652       0.3818
     653       0.3635
     654       0.3747
     655       0.4298
     656       0.4631
     657       0.4644
     658       0.4824
     659       0.4841
     660       0.4379
     661       0.4133
     662       0.4708
     663       0.3945
     664       0.4740
     665       0.4324
     666       0.4553
     667       0.4117
     668       0.4375
     669       0.6299
     670       0.4122
     671       0.3642
     672       0.3071
     673       0.3654
     674       0.4049
     675       0.3636
     676       0.3950
     677       0.3182
     678       0.3597
     679       0.3983
     680       0.4183
     681       0.3579
     682       0.3930
     683       0.4299
     684       0.4233
     685       0.4162
     686       0.4714
     687       0.4125
     688       0.4343
     689       0.4112
     690       0.4449
     691       0.4975
     692       0.5770
     693       0.5490
     694       0.6255
     695       0.4453
     696       0.5345
     697       0.5321
     698       0.4864
     699       0.4495
     700       0.5273
     701       0.5945
     702       0.4856
     703       0.4425
     704       0.5410
     705       0.5308
     706       0.5364
     707       0.4425
     708       0.4473
     709       0.4715
     710       0.3727
     711       0.3845
     712       0.4453
     713       0.4381
     714       0.4463
     715       0.4726
     716       0.3809
     717       0.3450
     718       0.2966
     719       0.3246
     720       0.4257
     721       0.2901
     722       0.2826
     723       0.2769
     724       0.2719
     725       0.4588
     726       0.3375
     727       0.3913
     728       0.4044
     729       0.4008
     730       0.4225
     731       0.4464
     732       0.4299
     733       0.4617
     734       0.4297
     735       0.4004
     736       0.4553
     737       0.4399
     738       0.4286
     739       0.4337
     740       0.4037
     741       0.3812
     742       0.4222
     743       0.3824
     744       0.3879
     745       0.3691
     746       0.3832
     747       0.4883
     748       0.3867
     749       0.4538
     750       0.5308
     751       0.5407
     752       0.3991
     753       0.4642
     754       0.4319
     755       0.4977
     756       0.5829
     757       0.5677
     758       0.4814
     759       0.6219
     760       0.6325
     761       0.6378
     762       0.5665
     763       0.5603
     764       0.5186
     765       0.5463
     766       0.5906
     767       0.7363
     768       0.4812
     769       0.5862
     770       0.4705
     771       0.5362
     772       0.5190
     773       0.5799
     774       0.4769
     775       0.4098
     776       0.3610
     777       0.3801
     778       0.4767
     779       0.5964
     780       0.4351
     781       0.5568
     782       0.4814
     783       0.4433
     784       0.4326
     785       0.4885
     786       0.4429
     787       0.4159
     788       0.3506
     789       0.4142
     790       0.4835
     791       0.4630
     792       0.4984
     793       0.5818
     794       0.4781
     795       0.4068
     796       0.5505
     797       0.5577
     798       0.6962
     799       0.7585
     800       0.5559
     801       0.5969
     802       0.6794
     803       0.5640
     804       0.5476
     805       0.5693
     806       0.4788
     807       0.4752
     808       0.5082
     809       0.5196
     810       0.5376
     811       0.5887
     812       0.5155
     813       0.5766
     814       0.5695
     815       0.4898
     816       0.5522
     817       0.5771
     818       0.5033
     819       0.4514
     820       0.4595
     821       0.4570
     822       0.4893
     823       0.5612
     824       0.4980
     825       0.5189
     826       0.5128
     827       0.5335
     828       0.6176
     829       0.5818
     830       0.5643
     831       0.4555
     832       0.5531
     833       0.5926
     834       0.4979
     835       0.5432
     836       0.4416
     837       0.4607
     838       0.3926
     839       0.4799
     840       0.5386
     841       0.4459
     842       0.3845
     843       0.4205
     844       0.3497
     845       0.3998
     846       0.3406
     847       0.4262
     848       0.4224
     849       0.5752
     850       0.5002
     851       0.3794
     852       0.4552
     853       0.4123
     854       0.4814
     855       0.4360
     856       0.5381
     857       0.5652
     858       0.4492
     859       0.4291
     860       0.4063
     861       0.3956
     862       0.5067
     863       0.4346
     864       0.4949
     865       0.4872
     866       0.4194
     867       0.4490
     868       0.3801
     869       0.4183
     870       0.3918
     871       0.4035
     872       0.5222
     873       0.4480
     874       0.6049
     875       0.4808
     876       0.5707
     877       0.4214
     878       0.5040
     879       0.5211
     880       0.5441
     881       0.5985
     882       0.5869
     883       0.6160
     884       0.5782
     885       0.5305
     886       0.5772
     887       0.5784
     888       0.4971
     889       0.6176
     890       0.4862
     891       0.5471
     892       0.5342
     893       0.6602
     894       0.5484
     895       0.6327
     896       0.5916
     897       0.5302
     898       0.5662
     899       0.5114
     900       0.5091
     901       0.6009
     902       0.5197
     903       0.5995
     904       0.6106
     905       0.4896
     906       0.4637
     907       0.4769
     908       0.5192
     909       0.3942
     910       0.5107
     911       0.5376
     912       0.5133
     913       0.4836
     914       0.5087
     915       0.6158
     916       0.5813
     917       0.5216
     918       0.5964
     919       0.4169
     920       0.4507
     921       0.5099
     922       0.5437
     923       0.5556
     924       0.5658
     925       0.4882
     926       0.4425
     927       0.4264
     928       0.4351
     929       0.4044
     930       0.4461
     931       0.5833
     932       0.3921
     933       0.4444
     934       0.4591
     935       0.4509
     936       0.4727
     937       0.5498
     938       0.6436
     939       0.5224
     940       0.5662
     941       0.5260
     942       0.5306
     943       0.4595
     944       0.4453
     945       0.4262
     946       0.4680
     947       0.4365
     948       0.3190
     949       0.3360
     950       0.4424
     951       0.3321
     952       0.4032
     953       0.4508
     954       0.3413
     955       0.3628
     956       0.3820
     957       0.4349
     958       0.4324
     959       0.4698
     960       0.3828
     961       0.4497
     962       0.3902
     963       0.4350
     964       0.5944
     965       0.5904
     966       0.5397
     967       0.5219
     968       0.5939
     969       0.5185
     970       0.5291
     971       0.4882
     972       0.4362
     973       0.6140
     974       0.4596
     975       0.4807
     976       0.5759
     977       0.6083
     978       0.6245
     979       0.5771
     980       0.5141
     981       0.4732
     982       0.4667
     983       0.4405
     984       0.4533
     985       0.4930
     986       0.4818
     987       0.5879
     988       0.3817
     989       0.4934
     990       0.3846
     991       0.5022
     992       0.4626
     993       0.5033
     994       0.3996
     995       0.3762
     996       0.4038
     997       0.4219
     998       0.4157
     999       0.4688
    1000       0.3282
