#Frame         ligrms
       1       0.0000
       2       1.0546
       3       1.0931
       4       0.9330
       5       0.8036
       6       1.6564
       7       1.1993
       8       0.7011
       9       0.7361
      10       0.7715
      11       0.5253
      12       0.6403
      13       1.0176
      14       1.1754
      15       1.3154
      16       1.3309
      17       1.3938
      18       1.3660
      19       1.1870
      20       1.1528
      21       1.2465
      22       1.1719
      23       1.3871
      24       1.5831
      25       1.4024
      26       1.3306
      27       2.8279
      28       2.9455
      29       2.7765
      30       2.8969
      31       2.3097
      32       2.8724
      33       2.4019
      34       2.6082
      35       2.5946
      36       2.9663
      37       2.5036
      38       1.1064
      39       1.1224
      40       1.2869
      41       1.3245
      42       1.1066
      43       2.5563
      44       2.0971
      45       2.7787
      46       2.9521
      47       2.4959
      48       2.8223
      49       3.0048
      50       3.2579
      51       3.2003
      52       2.8637
      53       3.2336
      54       3.2590
      55       3.5861
      56       3.2995
      57       3.2428
      58       3.4352
      59       3.5070
      60       3.5498
      61       3.6333
      62       3.4032
      63       2.9524
      64       3.1310
      65       3.6249
      66       2.8853
      67       3.2904
      68       3.5210
      69       2.9818
      70       3.2427
      71       3.6123
      72       2.9114
      73       3.3577
      74       3.4551
      75       3.6729
      76       3.1359
      77       4.1436
      78       3.8024
      79       3.3020
      80       3.4428
      81       3.4470
      82       3.3563
      83       2.8714
      84       3.1952
      85       2.8832
      86       3.6921
      87       3.8725
      88       3.4960
      89       3.9746
      90       3.6440
      91       4.0976
      92       4.5242
      93       4.4784
      94       4.5087
      95       4.4630
      96       4.6175
      97       4.5996
      98       4.6502
      99       4.3930
     100       4.3386
     101       4.3098
     102       4.8432
     103       4.7761
     104       4.5630
     105       4.4807
     106       4.8138
     107       4.2881
     108       4.8227
     109       4.6555
     110       4.0393
     111       4.6122
     112       4.5004
     113       4.6390
     114       4.7148
     115       5.0126
     116       5.0161
     117       4.7887
     118       3.9378
     119       4.3408
     120       4.2122
     121       4.1674
     122       4.0779
     123       4.2466
     124       4.1383
     125       4.5537
     126       4.7840
     127       4.8032
     128       4.0860
     129       3.4618
     130       3.4947
     131       2.8478
     132       3.3688
     133       3.3123
     134       3.3737
     135       3.4281
     136       3.1073
     137       3.1493
     138       2.9711
     139       3.5164
     140       3.0250
     141       3.0935
     142       3.2487
     143       3.0011
     144       3.1513
     145       3.0159
     146       3.4479
     147       3.2253
     148       3.3838
     149       2.8170
     150       3.0747
     151       3.0709
     152       3.1524
     153       3.3528
     154       3.0592
     155       3.4242
     156       2.9986
     157       3.3030
     158       3.3260
     159       3.1152
     160       2.7023
     161       3.4377
     162       3.4769
     163       3.2177
     164       3.2740
     165       2.8221
     166       2.9882
     167       3.3687
     168       3.3272
     169       3.0908
     170       2.9885
     171       3.6377
     172       3.1958
     173       3.3649
     174       3.3662
     175       3.3820
     176       3.3118
     177       4.0825
     178       4.5184
     179       4.8973
     180       3.8058
     181       2.6121
     182       4.1126
     183       4.0065
     184       5.0163
     185       4.7499
     186       4.4057
     187       3.9519
     188       4.1926
     189       4.6375
     190       3.6632
     191       3.5180
     192       4.7856
     193       4.1014
     194       5.2769
     195       4.4829
     196       4.7576
     197       3.0981
     198       3.6288
     199       3.4957
     200       3.3937
     201       3.2137
     202       2.6720
     203       3.7040
     204       3.5430
     205       3.5524
     206       3.2992
     207       3.9254
     208       4.2517
     209       5.1591
     210       4.7603
     211       4.5794
     212       4.4963
     213       4.7561
     214       4.8721
     215       4.8086
     216       4.6540
     217       4.6880
     218       5.3046
     219       4.8525
     220       4.7455
     221       4.9585
     222       5.0652
     223       5.1226
     224       5.1713
     225       4.7074
     226       4.4142
     227       4.7785
     228       5.0503
     229       4.8923
     230       5.0943
     231       5.2568
     232       4.9264
     233       4.6390
     234       4.9442
     235       4.6466
     236       4.6881
     237       4.7971
     238       4.6022
     239       4.7289
     240       5.0063
     241       4.5807
     242       4.7017
     243       4.9519
     244       4.7778
     245       4.9333
     246       5.0972
     247       5.1741
     248       4.8079
     249       4.8177
     250       5.2427
     251       5.0935
     252       4.7779
     253       4.6403
     254       4.9138
     255       5.3111
     256       4.9476
     257       4.7897
     258       4.4917
     259       4.7426
     260       4.8524
     261       5.0004
     262       4.7106
     263       5.1178
     264       4.2020
     265       4.8953
     266       5.3450
     267       5.2667
     268       4.3999
     269       5.2028
     270       4.6814
     271       5.0136
     272       5.3090
     273       4.9553
     274       4.9670
     275       5.0662
     276       4.8898
     277       4.7680
     278       4.7090
     279       4.6924
     280       4.7156
     281       4.8084
     282       4.9600
     283       5.0662
     284       5.0589
     285       4.6657
     286       4.4387
     287       4.6304
     288       3.4802
     289       3.6422
     290       3.4396
     291       3.9314
     292       3.4083
     293       3.8326
     294       3.7229
     295       3.4951
     296       4.3380
     297       4.7162
     298       4.6902
     299       4.0518
     300       4.6657
     301       5.0464
     302       4.3130
     303       4.7111
     304       4.2246
     305       3.5235
     306       4.3137
     307       5.1018
     308       4.8746
     309       4.9412
     310       4.7841
     311       4.5817
     312       4.4365
     313       5.2499
     314       4.5477
     315       4.8919
     316       4.5984
     317       4.7614
     318       4.8266
     319       4.9056
     320       4.4519
     321       4.8015
     322       4.8949
     323       5.3016
     324       5.1328
     325       4.7137
     326       4.9214
     327       4.8245
     328       4.3875
     329       4.9027
     330       4.7732
     331       4.4028
     332       5.1079
     333       4.2593
     334       4.9315
     335       5.0052
     336       4.9664
     337       4.8882
     338       4.4278
     339       4.9400
     340       4.9687
     341       5.1092
     342       4.4795
     343       4.7339
     344       5.0504
     345       5.2155
     346       4.8540
     347       5.2776
     348       5.0609
     349       4.6944
     350       5.1275
     351       5.1004
     352       5.3202
     353       4.6701
     354       4.5648
     355       5.0729
     356       4.2962
     357       4.4306
     358       4.7090
     359       3.6881
     360       4.9175
     361       4.4670
     362       4.6305
     363       5.2408
     364       3.6858
     365       3.6807
     366       3.4408
     367       3.7959
     368       3.9159
     369       3.5178
     370       3.6680
     371       3.1163
     372       3.5480
     373       3.2548
     374       3.7349
     375       3.4899
     376       4.0305
     377       3.7694
     378       3.7965
     379       4.4712
     380       3.7326
     381       3.9271
     382       3.6645
     383       4.0360
     384       3.3631
     385       3.7473
     386       3.7728
     387       3.6851
     388       3.5680
     389       3.8392
     390       3.2507
     391       3.4085
     392       3.3915
     393       3.2926
     394       4.1649
     395       4.3073
     396       3.6603
     397       3.2894
     398       3.1973
     399       3.7802
     400       3.5736
     401       3.2824
     402       3.7529
     403       3.6234
     404       3.2603
     405       3.9713
     406       3.1297
     407       3.6182
     408       3.4737
     409       3.6944
     410       3.5101
     411       3.8125
     412       3.5814
     413       3.2882
     414       4.0248
     415       3.7127
     416       3.5602
     417       3.4796
     418       3.0542
     419       3.4579
     420       3.8965
     421       3.4512
     422       3.3639
     423       3.4394
     424       3.2673
     425       3.1704
     426       3.4880
     427       3.5104
     428       3.6444
     429       3.6171
     430       3.2782
     431       3.4021
     432       3.8255
     433       3.6806
     434       3.9319
     435       3.5515
     436       3.5105
     437       3.5833
     438       3.3983
     439       3.9737
     440       3.7798
     441       3.7264
     442       4.1939
     443       3.7883
     444       3.4309
     445       3.9433
     446       3.5665
     447       3.9318
     448       3.3682
     449       3.5612
     450       3.5514
     451       3.2865
     452       3.9958
     453       3.3272
     454       3.5514
     455       3.4037
     456       3.6311
     457       3.3111
     458       3.4350
     459       3.7199
     460       3.3836
     461       2.9062
     462       3.0139
     463       3.4543
     464       3.3686
     465       3.4703
     466       3.2403
     467       3.3685
     468       3.2159
     469       3.0907
     470       3.8636
     471       3.5868
     472       3.0125
     473       3.4281
     474       3.5895
     475       3.2622
     476       3.1362
     477       3.2086
     478       3.4930
     479       3.2767
     480       3.3024
     481       3.2017
     482       3.6136
     483       3.1833
     484       4.0954
     485       3.6605
     486       3.7682
     487       3.6269
     488       3.9166
     489       3.3425
     490       3.5628
     491       3.1275
     492       3.2433
     493       3.1994
     494       3.0465
     495       3.4409
     496       3.3009
     497       3.7087
     498       3.9807
     499       4.3196
     500       3.1802
     501       3.2128
     502       3.4793
     503       3.6629
     504       3.4770
     505       3.4511
     506       3.3944
     507       3.1439
     508       3.3493
     509       3.7960
     510       3.5109
     511       3.6415
     512       3.1849
     513       3.8241
     514       3.7487
     515       3.5563
     516       3.5703
     517       3.6286
     518       3.4196
     519       3.3214
     520       3.9289
     521       3.3073
     522       3.3685
     523       3.4872
     524       3.7840
     525       3.3030
     526       3.4061
     527       3.3513
     528       3.7025
     529       3.3809
     530       3.4694
     531       3.8235
     532       3.4931
     533       3.1371
     534       3.2525
     535       3.3182
     536       3.5913
     537       3.4095
     538       4.0528
     539       3.4360
     540       3.2819
     541       3.4643
     542       3.3985
     543       3.3483
     544       3.6837
     545       3.7532
     546       3.7537
     547       3.7941
     548       3.3098
     549       3.5670
     550       2.7587
     551       3.3087
     552       3.8868
     553       3.4436
     554       3.7952
     555       3.4037
     556       3.8483
     557       3.8078
     558       3.7529
     559       3.4257
     560       2.9420
     561       3.8893
     562       3.2902
     563       3.2974
     564       3.5238
     565       3.3435
     566       3.8651
     567       3.0840
     568       3.1977
     569       3.1671
     570       3.1146
     571       3.7960
     572       2.6478
     573       3.6497
     574       2.8679
     575       3.9578
     576       3.1128
     577       3.5599
     578       3.0257
     579       3.4304
     580       3.2365
     581       3.5581
     582       2.6179
     583       3.3093
     584       3.4760
     585       3.9749
     586       3.3902
     587       3.4130
     588       3.3187
     589       2.5955
     590       3.5949
     591       3.5310
     592       3.5255
     593       3.4522
     594       3.3631
     595       3.0358
     596       3.3697
     597       3.4952
     598       3.6842
     599       3.1380
     600       3.0167
     601       3.4108
     602       2.9264
     603       3.4409
     604       3.5436
     605       3.0406
     606       3.8540
     607       3.5717
     608       3.6433
     609       3.3103
     610       3.4147
     611       3.2898
     612       3.1919
     613       3.4585
     614       3.1951
     615       3.8731
     616       3.3961
     617       3.1857
     618       3.4021
     619       3.1838
     620       3.2773
     621       2.9199
     622       3.1883
     623       3.3488
     624       3.5690
     625       2.9666
     626       3.4233
     627       2.9792
     628       3.2380
     629       3.4576
     630       3.1760
     631       3.8194
     632       3.0185
     633       3.0159
     634       3.3190
     635       2.9437
     636       2.9599
     637       3.0000
     638       3.3301
     639       3.9756
     640       3.5980
     641       3.1236
     642       3.7125
     643       3.5177
     644       4.0596
     645       3.0800
     646       3.8020
     647       2.8429
     648       2.8904
     649       2.9569
     650       3.0398
     651       3.4563
     652       3.7280
     653       3.8574
     654       3.2573
     655       3.2684
     656       3.9113
     657       3.1670
     658       3.8836
     659       3.8354
     660       3.4884
     661       3.0722
     662       3.0793
     663       3.0520
     664       3.9381
     665       3.7271
     666       3.6748
     667       3.1222
     668       2.8049
     669       3.5667
     670       3.0685
     671       3.3975
     672       3.9095
     673       3.6523
     674       2.8508
     675       3.2842
     676       3.4389
     677       3.5718
     678       3.2984
     679       3.0892
     680       3.4152
     681       3.2236
     682       3.7092
     683       3.3033
     684       3.3394
     685       2.9186
     686       3.4733
     687       3.7185
     688       3.6648
     689       3.0263
     690       3.5581
     691       3.7201
     692       3.7034
     693       3.0571
     694       3.6751
     695       2.9479
     696       3.8802
     697       3.4495
     698       3.8620
     699       3.2047
     700       3.2208
     701       3.3892
     702       3.3711
     703       3.3043
     704       3.4095
     705       3.2850
     706       3.1643
     707       3.6967
     708       3.4646
     709       3.0580
     710       3.6479
     711       3.6986
     712       3.6763
     713       3.0507
     714       4.1040
     715       3.3724
     716       3.3996
     717       3.4023
     718       2.9853
     719       3.3269
     720       3.6122
     721       3.4893
     722       3.8960
     723       3.6752
     724       3.6606
     725       3.6014
     726       3.1619
     727       3.3808
     728       2.9174
     729       3.4609
     730       3.5821
     731       3.0321
     732       4.0487
     733       2.9793
     734       3.2938
     735       4.0935
     736       3.5218
     737       3.4922
     738       3.7031
     739       3.4572
     740       3.1925
     741       4.1940
     742       3.4403
     743       2.9944
     744       3.0020
     745       3.7106
     746       3.4545
     747       3.9428
     748       3.6647
     749       3.1615
     750       3.7075
     751       4.6451
     752       2.7906
     753       2.9575
     754       3.2775
     755       3.0303
     756       3.3153
     757       2.8676
     758       2.7053
     759       3.2748
     760       3.9394
     761       3.2902
     762       2.6277
     763       2.9719
     764       3.3236
     765       2.9495
     766       3.5116
     767       3.2987
     768       3.2638
     769       2.8016
     770       3.1959
     771       3.3900
     772       2.7208
     773       3.3772
     774       3.2889
     775       3.1645
     776       3.2230
     777       2.7927
     778       3.0116
     779       2.9236
     780       3.4976
     781       3.3047
     782       3.1236
     783       3.0885
     784       3.0632
     785       3.3612
     786       3.2538
     787       3.2258
     788       3.7078
     789       3.2188
     790       2.8823
     791       3.2977
     792       3.7089
     793       3.4591
     794       3.2450
     795       2.8160
     796       3.2150
     797       3.0994
     798       3.0515
     799       3.4652
     800       3.0759
     801       2.9020
     802       3.0526
     803       3.3230
     804       3.0678
     805       3.1193
     806       3.1077
     807       2.9570
     808       3.3589
     809       3.0195
     810       3.3506
     811       3.4820
     812       3.0118
     813       3.1961
     814       3.3158
     815       3.2133
     816       3.3214
     817       3.3051
     818       3.1750
     819       3.3626
     820       3.8221
     821       3.3506
     822       3.3161
     823       3.1556
     824       3.2274
     825       3.1668
     826       3.2510
     827       3.0888
     828       3.6404
     829       3.3189
     830       3.0298
     831       3.2988
     832       2.9964
     833       2.8921
     834       3.0651
     835       3.3675
     836       3.6131
     837       3.8612
     838       3.5546
     839       3.4187
     840       2.9527
     841       3.3910
     842       3.6420
     843       2.9428
     844       3.3053
     845       3.3924
     846       3.5979
     847       3.4036
     848       3.6064
     849       3.5910
     850       3.3456
     851       3.5675
     852       3.3553
     853       3.4738
     854       3.8262
     855       3.2273
     856       3.0055
     857       3.0566
     858       3.9518
     859       3.2208
     860       3.1688
     861       3.4489
     862       3.7283
     863       3.3132
     864       3.0837
     865       3.0171
     866       3.1224
     867       3.4217
     868       3.7250
     869       3.2442
     870       3.5673
     871       3.4711
     872       3.0806
     873       3.6744
     874       3.0666
     875       3.4661
     876       3.4551
     877       3.7656
     878       3.0645
     879       3.0915
     880       3.1125
     881       3.8329
     882       3.0624
     883       3.7091
     884       3.2489
     885       3.0390
     886       3.6017
     887       3.5031
     888       3.2409
     889       3.2724
     890       3.4869
     891       3.3504
     892       3.0730
     893       3.0408
     894       3.4072
     895       3.6955
     896       3.3817
     897       3.5057
     898       3.3178
     899       3.5821
     900       3.4970
     901       3.6174
     902       3.2276
     903       3.3151
     904       3.1213
     905       2.9111
     906       3.7578
     907       3.1254
     908       3.3106
     909       3.1314
     910       3.1153
     911       3.5745
     912       3.2064
     913       3.1271
     914       2.8699
     915       2.9651
     916       3.4212
     917       3.1857
     918       3.2871
     919       3.0277
     920       3.0779
     921       2.5979
     922       3.5142
     923       2.8562
     924       3.4186
     925       3.2496
     926       3.2947
     927       2.9965
     928       3.0718
     929       2.8130
     930       2.9117
     931       3.0842
     932       2.9386
     933       3.3661
     934       2.9776
     935       3.2300
     936       2.8212
     937       3.1050
     938       3.5011
     939       2.6674
     940       3.2951
     941       3.2028
     942       3.3181
     943       2.9352
     944       2.8800
     945       3.6503
     946       2.8728
     947       3.0577
     948       2.9936
     949       3.1162
     950       3.1091
     951       3.3480
     952       2.9695
     953       3.1726
     954       3.1374
     955       3.3019
     956       3.3660
     957       2.7456
     958       2.6105
     959       2.9968
     960       3.1258
     961       3.4201
     962       3.1415
     963       3.1828
     964       3.3572
     965       3.4905
     966       3.5845
     967       3.5810
     968       3.1649
     969       3.3363
     970       3.0492
     971       3.1611
     972       3.4086
     973       3.0571
     974       3.5624
     975       2.9547
     976       3.7040
     977       3.7050
     978       3.3165
     979       3.6410
     980       3.2719
     981       3.3273
     982       3.8085
     983       3.5761
     984       3.2620
     985       3.7148
     986       3.3006
     987       3.6570
     988       3.0883
     989       3.5277
     990       2.9589
     991       3.2296
     992       3.8469
     993       3.4490
     994       3.2896
     995       3.1568
     996       3.2735
     997       3.7957
     998       3.5510
     999       3.3839
    1000       3.2455
