#Frame        ligcore
       1       0.0000
       2       1.0237
       3       1.1078
       4       0.9264
       5       0.8034
       6       1.6774
       7       1.2362
       8       0.6678
       9       0.7363
      10       0.7790
      11       0.5402
      12       0.6713
      13       0.9894
      14       1.2103
      15       1.3064
      16       1.3553
      17       1.4646
      18       1.4316
      19       1.2424
      20       1.1957
      21       1.2632
      22       1.1883
      23       1.3945
      24       1.6012
      25       1.4178
      26       1.3966
      27       2.8618
      28       2.9901
      29       2.8075
      30       2.9355
      31       2.3699
      32       2.8838
      33       2.4426
      34       2.6380
      35       2.6183
      36       2.9970
      37       2.5085
      38       1.2298
      39       1.3102
      40       1.4366
      41       1.5232
      42       1.2141
      43       2.5592
      44       2.1375
      45       2.7638
      46       2.9433
      47       2.4771
      48       2.8304
      49       2.9438
      50       3.1533
      51       3.1904
      52       2.8713
      53       3.2187
      54       3.2458
      55       3.6069
      56       3.3124
      57       3.2654
      58       3.4693
      59       3.5481
      60       3.5770
      61       3.6620
      62       3.4265
      63       3.0127
      64       3.1586
      65       3.6508
      66       2.9502
      67       3.3213
      68       3.5586
      69       3.0277
      70       3.2427
      71       3.6616
      72       2.9552
      73       3.3883
      74       3.4627
      75       3.6692
      76       3.1535
      77       4.1561
      78       3.8354
      79       3.3153
      80       3.4512
      81       3.4591
      82       3.4071
      83       2.8658
      84       3.2041
      85       2.8911
      86       3.7169
      87       3.8971
      88       3.4835
      89       3.9976
      90       3.6868
      91       4.1439
      92       4.5712
      93       4.5234
      94       4.5388
      95       4.4916
      96       4.6563
      97       4.6098
      98       4.6735
      99       4.4441
     100       4.3782
     101       4.3485
     102       4.8677
     103       4.7984
     104       4.5769
     105       4.5015
     106       4.8497
     107       4.3146
     108       4.8460
     109       4.6614
     110       4.0564
     111       4.6419
     112       4.5087
     113       4.6521
     114       4.7176
     115       5.0380
     116       5.0362
     117       4.7936
     118       3.9237
     119       4.3733
     120       4.2233
     121       4.1661
     122       4.0943
     123       4.2585
     124       4.1545
     125       4.5762
     126       4.7937
     127       4.8341
     128       4.1091
     129       3.4738
     130       3.4925
     131       2.8244
     132       3.3243
     133       3.3080
     134       3.3608
     135       3.3710
     136       3.0708
     137       3.1112
     138       2.9225
     139       3.4402
     140       2.9912
     141       3.0677
     142       3.2120
     143       2.9382
     144       3.1049
     145       2.9406
     146       3.4201
     147       3.2198
     148       3.3878
     149       2.7640
     150       3.0227
     151       3.0214
     152       3.1260
     153       3.2650
     154       3.0192
     155       3.4171
     156       2.9855
     157       3.2449
     158       3.2930
     159       3.0454
     160       2.7069
     161       3.4316
     162       3.4975
     163       3.1513
     164       3.2425
     165       2.7510
     166       2.8873
     167       3.3479
     168       3.2404
     169       3.0198
     170       2.9648
     171       3.5925
     172       3.1045
     173       3.3575
     174       3.2507
     175       3.3944
     176       3.2818
     177       4.0931
     178       4.5139
     179       4.9683
     180       3.8461
     181       2.5472
     182       4.1143
     183       4.0443
     184       5.0187
     185       4.8454
     186       4.4540
     187       3.9833
     188       4.1434
     189       4.6245
     190       3.5929
     191       3.4894
     192       4.8396
     193       4.0767
     194       5.2751
     195       4.4727
     196       4.7593
     197       3.0184
     198       3.4999
     199       3.3192
     200       3.1808
     201       3.1119
     202       2.5611
     203       3.6091
     204       3.4230
     205       3.4866
     206       3.2536
     207       3.8484
     208       4.2205
     209       5.1885
     210       4.7352
     211       4.5751
     212       4.4669
     213       4.7854
     214       4.8846
     215       4.7691
     216       4.6228
     217       4.6395
     218       5.2810
     219       4.8280
     220       4.7439
     221       4.9390
     222       5.0345
     223       5.1107
     224       5.1657
     225       4.6962
     226       4.4076
     227       4.7692
     228       5.0708
     229       4.8727
     230       5.0790
     231       5.2527
     232       4.9207
     233       4.6346
     234       4.9690
     235       4.6300
     236       4.6577
     237       4.8123
     238       4.6118
     239       4.7233
     240       5.0094
     241       4.5990
     242       4.6847
     243       4.9686
     244       4.8258
     245       4.9811
     246       5.1365
     247       5.1783
     248       4.8144
     249       4.8470
     250       5.2810
     251       5.1235
     252       4.7869
     253       4.6719
     254       4.9497
     255       5.3517
     256       4.9334
     257       4.7625
     258       4.5219
     259       4.7646
     260       4.8955
     261       5.0107
     262       4.7330
     263       5.1139
     264       4.1902
     265       4.8726
     266       5.3455
     267       5.3026
     268       4.3606
     269       5.2248
     270       4.6647
     271       5.0307
     272       5.2886
     273       4.9159
     274       4.9377
     275       5.0590
     276       4.8888
     277       4.7625
     278       4.6286
     279       4.6469
     280       4.7110
     281       4.8088
     282       4.9757
     283       5.0708
     284       5.0728
     285       4.6783
     286       4.3928
     287       4.6562
     288       3.3585
     289       3.5390
     290       3.3470
     291       3.8427
     292       3.3460
     293       3.7260
     294       3.6553
     295       3.4264
     296       4.2718
     297       4.6585
     298       4.6719
     299       4.0213
     300       4.6565
     301       5.0461
     302       4.2703
     303       4.6485
     304       4.1936
     305       3.4557
     306       4.2401
     307       5.1039
     308       4.8646
     309       4.9382
     310       4.7823
     311       4.5337
     312       4.4111
     313       5.2160
     314       4.5525
     315       4.8426
     316       4.5902
     317       4.7207
     318       4.8070
     319       4.8816
     320       4.4321
     321       4.7820
     322       4.8776
     323       5.3023
     324       5.0955
     325       4.6881
     326       4.8793
     327       4.8047
     328       4.3506
     329       4.8915
     330       4.7655
     331       4.3559
     332       5.1019
     333       4.2345
     334       4.9052
     335       4.9676
     336       4.9390
     337       4.9004
     338       4.4135
     339       4.9271
     340       4.9451
     341       5.1051
     342       4.4548
     343       4.7195
     344       5.0548
     345       5.2143
     346       4.8507
     347       5.2785
     348       5.0558
     349       4.6630
     350       5.1062
     351       5.0572
     352       5.3081
     353       4.6337
     354       4.5549
     355       5.0767
     356       4.2719
     357       4.4224
     358       4.6933
     359       3.6484
     360       4.9025
     361       4.4599
     362       4.6307
     363       5.2868
     364       3.6542
     365       3.6498
     366       3.4073
     367       3.7226
     368       3.8567
     369       3.4944
     370       3.6191
     371       3.0766
     372       3.4914
     373       3.1903
     374       3.6944
     375       3.3888
     376       3.8944
     377       3.6618
     378       3.7242
     379       4.4170
     380       3.6797
     381       3.8698
     382       3.5945
     383       3.9901
     384       3.2919
     385       3.6004
     386       3.6664
     387       3.5238
     388       3.4807
     389       3.7065
     390       3.1262
     391       3.2917
     392       3.3247
     393       3.2366
     394       4.0402
     395       4.2597
     396       3.6181
     397       3.2376
     398       3.1184
     399       3.7034
     400       3.4927
     401       3.2218
     402       3.6937
     403       3.5751
     404       3.2510
     405       3.8775
     406       3.0637
     407       3.5758
     408       3.4351
     409       3.6500
     410       3.4182
     411       3.7691
     412       3.4797
     413       3.1934
     414       3.9419
     415       3.6406
     416       3.4836
     417       3.4358
     418       3.0056
     419       3.4293
     420       3.8266
     421       3.4279
     422       3.3230
     423       3.3962
     424       3.2604
     425       3.1423
     426       3.4406
     427       3.4747
     428       3.5975
     429       3.5885
     430       3.2173
     431       3.3595
     432       3.7554
     433       3.6177
     434       3.8503
     435       3.4980
     436       3.3932
     437       3.4463
     438       3.3034
     439       3.8884
     440       3.6918
     441       3.6101
     442       4.1263
     443       3.7104
     444       3.3666
     445       3.8902
     446       3.4358
     447       3.8380
     448       3.2597
     449       3.4554
     450       3.5340
     451       3.1200
     452       3.8803
     453       3.2785
     454       3.4141
     455       3.3105
     456       3.5133
     457       3.2686
     458       3.3734
     459       3.6076
     460       3.2931
     461       2.8427
     462       2.8387
     463       3.3448
     464       3.2385
     465       3.2621
     466       3.1109
     467       3.1970
     468       3.0803
     469       3.0264
     470       3.7570
     471       3.4488
     472       2.8937
     473       3.3548
     474       3.4268
     475       3.2194
     476       3.0226
     477       3.0970
     478       3.4530
     479       3.1538
     480       3.1592
     481       3.0830
     482       3.5146
     483       3.1055
     484       4.0089
     485       3.5553
     486       3.7024
     487       3.5173
     488       3.8347
     489       3.2471
     490       3.4991
     491       3.0535
     492       3.1903
     493       3.0815
     494       2.9570
     495       3.3092
     496       3.2579
     497       3.6306
     498       3.9318
     499       4.2812
     500       3.1361
     501       3.1697
     502       3.4491
     503       3.6297
     504       3.4115
     505       3.4276
     506       3.3126
     507       3.0805
     508       3.3412
     509       3.7427
     510       3.3910
     511       3.6345
     512       3.0638
     513       3.7284
     514       3.6834
     515       3.4711
     516       3.5037
     517       3.5726
     518       3.3248
     519       3.2357
     520       3.8580
     521       3.2882
     522       3.3383
     523       3.3951
     524       3.7129
     525       3.2491
     526       3.3448
     527       3.3310
     528       3.6706
     529       3.2703
     530       3.4050
     531       3.6996
     532       3.3523
     533       3.0605
     534       3.1518
     535       3.2257
     536       3.4950
     537       3.3378
     538       4.0100
     539       3.3472
     540       3.2430
     541       3.4436
     542       3.3707
     543       3.2965
     544       3.6953
     545       3.7074
     546       3.7004
     547       3.7794
     548       3.2507
     549       3.5113
     550       2.7082
     551       3.2328
     552       3.7992
     553       3.3624
     554       3.7073
     555       3.3809
     556       3.7625
     557       3.7693
     558       3.6699
     559       3.3673
     560       2.8882
     561       3.8564
     562       3.2293
     563       3.2293
     564       3.4566
     565       3.2775
     566       3.7850
     567       3.0380
     568       3.1246
     569       3.1152
     570       3.0613
     571       3.7439
     572       2.5640
     573       3.5790
     574       2.8310
     575       3.9066
     576       3.0308
     577       3.5411
     578       3.0200
     579       3.4004
     580       3.1708
     581       3.5228
     582       2.5016
     583       3.2457
     584       3.3859
     585       3.9125
     586       3.3606
     587       3.3921
     588       3.2607
     589       2.4992
     590       3.4910
     591       3.4666
     592       3.4786
     593       3.3432
     594       3.2985
     595       2.9925
     596       3.2881
     597       3.4087
     598       3.6552
     599       3.0921
     600       2.9847
     601       3.3841
     602       2.8525
     603       3.4077
     604       3.5024
     605       2.9989
     606       3.8034
     607       3.5494
     608       3.5962
     609       3.2687
     610       3.3998
     611       3.2642
     612       3.1312
     613       3.4363
     614       3.1593
     615       3.8498
     616       3.3687
     617       3.1523
     618       3.3607
     619       3.1375
     620       3.2470
     621       2.8920
     622       3.1571
     623       3.3302
     624       3.5414
     625       2.9570
     626       3.4013
     627       2.9470
     628       3.2297
     629       3.4313
     630       3.1476
     631       3.7959
     632       2.9948
     633       3.0125
     634       3.3178
     635       2.9438
     636       2.9545
     637       2.9864
     638       3.3177
     639       3.9713
     640       3.5964
     641       3.1243
     642       3.6980
     643       3.4972
     644       4.0538
     645       3.0882
     646       3.7823
     647       2.8267
     648       2.8866
     649       2.9397
     650       3.0078
     651       3.4382
     652       3.7104
     653       3.8360
     654       3.2359
     655       3.2384
     656       3.8533
     657       3.1529
     658       3.8305
     659       3.8202
     660       3.4600
     661       3.0655
     662       3.0708
     663       3.0241
     664       3.8983
     665       3.6976
     666       3.6500
     667       3.0995
     668       2.7886
     669       3.5714
     670       3.0513
     671       3.3891
     672       3.9014
     673       3.6423
     674       2.8363
     675       3.2933
     676       3.4293
     677       3.5655
     678       3.3056
     679       3.0684
     680       3.4181
     681       3.2216
     682       3.7225
     683       3.3132
     684       3.3259
     685       2.9137
     686       3.4553
     687       3.7006
     688       3.6535
     689       3.0154
     690       3.5334
     691       3.6995
     692       3.6756
     693       3.0515
     694       3.6347
     695       2.9434
     696       3.8484
     697       3.4039
     698       3.8477
     699       3.1566
     700       3.1827
     701       3.3716
     702       3.3488
     703       3.2822
     704       3.4124
     705       3.2745
     706       3.1744
     707       3.6750
     708       3.4211
     709       3.0478
     710       3.6282
     711       3.7141
     712       3.6351
     713       3.0178
     714       4.0879
     715       3.3549
     716       3.3835
     717       3.3968
     718       2.9801
     719       3.3203
     720       3.6038
     721       3.5033
     722       3.8817
     723       3.6641
     724       3.6616
     725       3.6046
     726       3.1717
     727       3.3738
     728       2.9048
     729       3.4615
     730       3.5853
     731       2.9863
     732       4.0268
     733       2.9644
     734       3.2577
     735       4.0963
     736       3.5097
     737       3.4816
     738       3.7117
     739       3.4526
     740       3.2034
     741       4.1898
     742       3.4461
     743       2.9924
     744       2.9883
     745       3.7174
     746       3.4545
     747       3.9293
     748       3.6867
     749       3.1680
     750       3.6905
     751       4.6543
     752       2.8158
     753       2.9512
     754       3.2736
     755       3.0295
     756       3.3003
     757       2.8264
     758       2.6892
     759       3.2725
     760       3.9410
     761       3.2812
     762       2.6099
     763       2.9380
     764       3.3026
     765       2.9387
     766       3.4784
     767       3.2888
     768       3.2488
     769       2.7801
     770       3.1908
     771       3.3704
     772       2.7145
     773       3.3600
     774       3.2889
     775       3.1485
     776       3.2189
     777       2.7932
     778       3.0239
     779       2.9196
     780       3.4944
     781       3.3034
     782       3.1234
     783       3.0811
     784       3.0892
     785       3.3509
     786       3.2649
     787       3.2582
     788       3.7197
     789       3.2172
     790       2.8814
     791       3.3050
     792       3.7181
     793       3.4619
     794       3.2418
     795       2.7945
     796       3.1934
     797       3.0949
     798       3.0411
     799       3.4899
     800       3.0937
     801       2.9072
     802       3.0368
     803       3.3257
     804       3.0513
     805       3.1016
     806       3.0950
     807       2.9492
     808       3.3968
     809       3.0147
     810       3.3117
     811       3.4847
     812       3.0070
     813       3.1883
     814       3.2891
     815       3.2154
     816       3.3019
     817       3.2834
     818       3.1397
     819       3.3249
     820       3.8388
     821       3.3339
     822       3.3168
     823       3.1350
     824       3.1980
     825       3.1417
     826       3.2531
     827       3.0735
     828       3.6276
     829       3.3415
     830       3.0234
     831       3.2828
     832       3.0031
     833       2.9190
     834       3.0470
     835       3.3930
     836       3.6257
     837       3.8925
     838       3.5584
     839       3.3828
     840       2.9522
     841       3.3910
     842       3.6058
     843       2.9051
     844       3.2759
     845       3.3468
     846       3.5536
     847       3.3755
     848       3.5696
     849       3.5551
     850       3.3208
     851       3.5404
     852       3.3268
     853       3.4303
     854       3.7937
     855       3.2256
     856       2.9836
     857       3.0260
     858       3.9146
     859       3.2027
     860       3.1461
     861       3.4099
     862       3.6866
     863       3.2835
     864       3.0803
     865       3.0382
     866       3.1105
     867       3.3700
     868       3.6796
     869       3.2230
     870       3.5289
     871       3.4510
     872       3.0874
     873       3.6635
     874       3.0525
     875       3.4168
     876       3.4199
     877       3.7112
     878       3.0639
     879       3.0434
     880       3.0947
     881       3.8341
     882       3.0422
     883       3.6902
     884       3.2185
     885       2.9848
     886       3.5209
     887       3.4522
     888       3.1965
     889       3.1883
     890       3.4335
     891       3.3336
     892       3.0482
     893       2.9784
     894       3.3487
     895       3.6354
     896       3.3403
     897       3.4813
     898       3.3038
     899       3.5482
     900       3.4524
     901       3.5468
     902       3.1709
     903       3.2893
     904       3.1092
     905       2.8697
     906       3.7121
     907       3.0742
     908       3.3050
     909       3.1005
     910       3.0692
     911       3.5230
     912       3.1706
     913       3.0814
     914       2.8550
     915       2.9403
     916       3.3504
     917       3.0082
     918       3.2002
     919       2.9242
     920       2.9776
     921       2.5337
     922       3.4270
     923       2.7993
     924       3.3875
     925       3.1828
     926       3.2176
     927       2.8729
     928       3.0193
     929       2.7703
     930       2.7862
     931       3.0112
     932       2.8843
     933       3.2747
     934       2.8757
     935       3.1790
     936       2.7796
     937       3.0012
     938       3.3959
     939       2.6090
     940       3.2328
     941       3.1375
     942       3.2388
     943       2.8953
     944       2.8296
     945       3.6080
     946       2.8348
     947       3.0109
     948       2.8859
     949       3.0748
     950       3.0421
     951       3.2920
     952       2.9201
     953       3.1292
     954       3.1006
     955       3.2481
     956       3.3331
     957       2.7175
     958       2.5909
     959       2.9511
     960       3.0773
     961       3.4011
     962       3.0935
     963       3.1487
     964       3.3219
     965       3.4512
     966       3.5499
     967       3.5427
     968       3.1282
     969       3.3334
     970       3.0296
     971       3.1390
     972       3.3272
     973       2.9845
     974       3.5440
     975       2.9279
     976       3.6588
     977       3.6275
     978       3.2812
     979       3.6249
     980       3.2181
     981       3.2971
     982       3.7489
     983       3.5180
     984       3.2311
     985       3.6832
     986       3.2652
     987       3.6623
     988       3.0877
     989       3.4901
     990       2.9203
     991       3.1978
     992       3.8171
     993       3.4284
     994       3.2707
     995       3.1144
     996       3.2497
     997       3.7476
     998       3.5084
     999       3.3421
    1000       3.2078
