#Frame        fitprot
       1       0.0000
       2       0.5929
       3       0.7120
       4       0.7946
       5       0.7750
       6       0.7909
       7       0.8453
       8       0.9075
       9       0.9020
      10       0.7442
      11       0.8456
      12       0.8864
      13       0.8955
      14       1.0036
      15       1.0243
      16       0.9939
      17       1.0346
      18       1.0198
      19       0.9718
      20       0.9325
      21       0.9844
      22       0.9820
      23       1.0062
      24       1.0011
      25       0.9500
      26       1.1687
      27       1.1208
      28       1.2162
      29       1.2338
      30       1.2002
      31       1.1741
      32       1.1402
      33       1.1102
      34       1.1075
      35       1.1243
      36       1.2601
      37       1.3728
      38       1.4198
      39       1.3408
      40       1.3286
      41       1.4222
      42       1.4464
      43       1.4683
      44       1.5386
      45       1.4321
      46       1.5076
      47       1.5027
      48       1.5384
      49       1.6452
      50       1.6758
      51       1.6889
      52       1.5879
      53       1.4246
      54       1.3650
      55       1.3227
      56       1.3342
      57       1.3923
      58       1.3885
      59       1.4308
      60       1.4331
      61       1.5764
      62       1.5822
      63       1.4430
      64       1.5039
      65       1.4391
      66       1.5119
      67       1.4601
      68       1.4378
      69       1.5054
      70       1.4221
      71       1.3179
      72       1.3761
      73       1.2860
      74       1.2538
      75       1.2660
      76       1.1013
      77       1.2624
      78       1.2786
      79       1.2616
      80       1.4571
      81       1.3570
      82       1.3293
      83       1.1975
      84       1.1851
      85       1.1234
      86       1.1372
      87       1.1109
      88       1.1679
      89       1.1604
      90       1.2467
      91       1.1908
      92       1.1959
      93       1.3418
      94       1.4240
      95       1.4428
      96       1.3411
      97       1.2686
      98       1.1782
      99       1.2355
     100       1.1545
     101       1.1551
     102       1.1131
     103       0.9895
     104       1.0537
     105       1.1164
     106       1.0573
     107       0.9988
     108       1.0626
     109       1.0279
     110       1.0029
     111       1.0221
     112       1.0446
     113       1.1144
     114       1.2565
     115       1.4357
     116       1.3577
     117       1.3987
     118       1.4150
     119       1.3840
     120       1.3929
     121       1.4310
     122       1.4154
     123       1.3627
     124       1.1937
     125       1.2217
     126       1.2456
     127       1.2610
     128       1.2733
     129       1.2784
     130       1.2308
     131       1.4169
     132       1.4281
     133       1.5477
     134       1.3979
     135       1.4638
     136       1.4543
     137       1.2460
     138       1.2237
     139       1.2626
     140       1.2500
     141       1.3067
     142       1.3981
     143       1.4166
     144       1.5027
     145       1.5288
     146       1.5897
     147       1.7099
     148       1.6796
     149       1.6132
     150       1.5693
     151       1.5355
     152       1.6214
     153       1.6888
     154       1.6914
     155       1.5871
     156       1.5904
     157       1.6757
     158       1.7479
     159       1.8365
     160       1.7756
     161       1.7278
     162       1.7281
     163       1.8327
     164       1.9182
     165       1.9871
     166       1.8410
     167       1.7595
     168       1.8388
     169       1.8836
     170       2.0184
     171       2.1545
     172       1.9713
     173       1.8699
     174       1.8139
     175       1.7268
     176       1.7676
     177       1.8228
     178       2.1961
     179       2.1979
     180       2.1104
     181       2.0868
     182       2.1327
     183       2.1793
     184       2.2731
     185       2.3029
     186       2.0863
     187       2.1259
     188       2.2432
     189       2.2490
     190       2.2558
     191       2.4235
     192       2.2995
     193       2.5018
     194       2.5683
     195       2.4971
     196       2.4729
     197       2.2829
     198       2.2756
     199       2.4149
     200       2.5680
     201       2.7286
     202       2.5126
     203       2.4540
     204       2.3369
     205       2.2848
     206       2.2440
     207       2.2804
     208       2.3006
     209       2.4088
     210       2.3806
     211       2.4211
     212       2.3331
     213       2.1668
     214       2.1277
     215       2.1298
     216       2.2489
     217       2.2319
     218       2.2089
     219       2.0641
     220       2.1792
     221       2.0721
     222       1.9877
     223       2.0923
     224       2.1695
     225       1.9855
     226       2.0103
     227       2.0482
     228       2.1345
     229       2.0598
     230       2.0283
     231       1.9308
     232       1.8313
     233       1.7328
     234       1.7029
     235       1.8960
     236       1.9413
     237       2.0295
     238       1.8685
     239       1.9434
     240       2.0234
     241       1.9015
     242       1.7667
     243       1.7313
     244       1.7782
     245       1.8179
     246       1.8565
     247       1.7142
     248       1.8462
     249       1.8923
     250       1.9553
     251       1.9567
     252       2.0571
     253       2.0831
     254       2.0212
     255       2.0866
     256       2.0330
     257       2.0507
     258       1.9624
     259       1.9707
     260       1.9077
     261       1.7845
     262       1.9038
     263       1.8333
     264       1.9989
     265       2.0922
     266       2.0025
     267       2.0289
     268       2.1469
     269       2.0962
     270       2.0501
     271       2.0719
     272       2.0167
     273       2.0906
     274       2.0780
     275       1.9820
     276       2.0250
     277       2.1006
     278       2.1019
     279       2.0674
     280       2.1982
     281       2.1699
     282       2.2099
     283       2.3002
     284       2.2074
     285       2.1559
     286       2.2976
     287       2.4868
     288       2.5301
     289       2.4608
     290       2.3473
     291       2.2353
     292       2.1892
     293       2.1567
     294       2.2261
     295       2.2717
     296       2.2374
     297       2.3851
     298       2.2821
     299       2.2477
     300       2.1941
     301       2.1648
     302       2.2125
     303       2.1749
     304       2.1144
     305       2.2733
     306       2.2053
     307       2.2460
     308       2.0415
     309       2.0774
     310       2.0840
     311       2.1545
     312       2.2430
     313       2.2841
     314       2.4422
     315       2.3752
     316       2.1867
     317       2.2628
     318       2.3183
     319       2.1849
     320       2.1628
     321       2.1364
     322       2.0545
     323       2.0171
     324       2.0538
     325       1.9566
     326       1.9009
     327       1.8947
     328       1.8447
     329       1.7698
     330       1.7698
     331       1.7881
     332       1.6091
     333       1.6860
     334       1.6180
     335       1.4419
     336       1.4850
     337       1.4347
     338       1.4075
     339       1.4827
     340       1.6969
     341       1.7596
     342       1.8728
     343       1.7286
     344       1.5720
     345       1.6155
     346       1.6212
     347       1.6773
     348       1.7071
     349       1.6826
     350       1.5257
     351       1.7018
     352       1.7237
     353       1.5654
     354       1.5926
     355       1.6794
     356       1.6528
     357       1.5734
     358       1.5696
     359       1.5963
     360       1.7573
     361       1.8646
     362       1.8134
     363       1.9348
     364       1.9297
     365       1.9433
     366       1.9888
     367       1.9734
     368       1.9495
     369       1.8828
     370       1.7968
     371       1.7876
     372       1.8749
     373       1.8533
     374       1.8794
     375       1.8487
     376       1.8632
     377       2.0171
     378       1.8145
     379       1.8738
     380       1.8116
     381       1.9299
     382       1.8792
     383       1.9468
     384       2.1628
     385       2.2248
     386       2.1383
     387       2.3752
     388       2.4622
     389       2.5171
     390       2.4734
     391       2.3806
     392       2.3414
     393       2.0677
     394       1.9975
     395       1.8231
     396       1.7433
     397       1.6395
     398       1.8913
     399       1.6858
     400       1.7907
     401       1.7427
     402       1.8059
     403       1.7934
     404       1.8658
     405       1.8217
     406       1.8841
     407       1.7750
     408       1.6454
     409       1.6628
     410       1.8535
     411       1.7731
     412       1.8856
     413       1.7680
     414       1.8274
     415       1.8024
     416       1.8084
     417       1.8475
     418       1.6957
     419       1.7865
     420       1.7993
     421       1.7721
     422       1.7071
     423       1.7808
     424       1.7648
     425       1.6846
     426       1.7185
     427       1.8792
     428       1.8434
     429       1.7282
     430       1.7414
     431       1.9429
     432       1.9944
     433       2.0388
     434       2.1740
     435       2.0615
     436       2.2206
     437       2.2685
     438       2.1646
     439       2.1047
     440       2.0571
     441       2.1160
     442       2.1682
     443       2.2485
     444       2.1030
     445       2.2607
     446       2.2885
     447       2.2779
     448       2.3048
     449       2.1908
     450       2.3608
     451       2.4126
     452       2.3147
     453       2.4821
     454       2.4456
     455       2.4454
     456       2.3620
     457       2.4442
     458       2.6782
     459       2.7755
     460       2.5549
     461       2.8651
     462       2.7989
     463       2.7803
     464       2.6067
     465       2.7151
     466       2.6389
     467       2.6323
     468       2.6412
     469       2.5670
     470       2.5183
     471       2.5568
     472       2.6477
     473       2.6240
     474       2.6473
     475       2.7589
     476       2.8126
     477       2.8552
     478       2.7067
     479       2.8651
     480       2.8873
     481       2.9616
     482       2.9908
     483       3.1367
     484       3.1388
     485       2.9546
     486       2.9132
     487       2.8228
     488       2.7184
     489       2.6434
     490       2.5660
     491       2.5465
     492       2.6815
     493       2.9247
     494       2.8388
     495       2.9000
     496       2.8147
     497       2.5946
     498       2.6294
     499       2.6302
     500       2.6732
     501       2.5534
     502       2.6309
     503       2.7368
     504       2.6374
     505       2.5401
     506       2.5529
     507       2.4647
     508       2.4736
     509       2.4896
     510       2.5506
     511       2.5826
     512       2.6913
     513       2.5606
     514       2.4585
     515       2.4258
     516       2.4281
     517       2.2908
     518       2.1976
     519       2.3619
     520       2.2972
     521       2.1560
     522       2.1601
     523       2.1710
     524       2.1379
     525       2.0517
     526       2.1121
     527       2.1874
     528       2.2996
     529       2.3159
     530       2.3238
     531       2.4096
     532       2.5156
     533       2.4953
     534       2.4452
     535       2.4620
     536       2.4580
     537       2.3024
     538       2.3686
     539       2.3504
     540       2.3554
     541       2.1932
     542       2.2051
     543       2.1058
     544       1.9914
     545       1.8957
     546       2.0178
     547       1.9828
     548       2.0938
     549       2.1563
     550       2.1779
     551       2.2545
     552       2.3227
     553       2.3125
     554       2.4987
     555       2.5151
     556       2.4209
     557       2.4267
     558       2.4353
     559       2.4671
     560       2.4156
     561       2.3606
     562       2.1569
     563       2.0133
     564       1.9091
     565       2.0883
     566       2.2387
     567       2.3434
     568       2.3266
     569       2.1392
     570       2.0866
     571       2.0857
     572       1.9578
     573       1.9537
     574       1.8871
     575       1.9411
     576       1.9489
     577       2.0082
     578       1.9854
     579       2.1049
     580       2.0235
     581       2.1312
     582       2.1286
     583       2.0660
     584       2.2480
     585       2.1439
     586       2.1352
     587       2.1248
     588       2.1550
     589       2.1275
     590       2.0905
     591       2.1521
     592       2.1108
     593       2.0367
     594       1.9778
     595       1.9574
     596       1.8590
     597       1.7723
     598       1.6310
     599       1.6904
     600       1.5175
     601       1.4443
     602       1.4709
     603       1.4498
     604       1.5700
     605       1.5326
     606       1.3847
     607       1.3481
     608       1.4047
     609       1.5025
     610       1.4282
     611       1.4617
     612       1.5528
     613       1.4616
     614       1.4306
     615       1.4254
     616       1.3149
     617       1.4381
     618       1.4716
     619       1.5369
     620       1.3978
     621       1.4790
     622       1.4712
     623       1.4380
     624       1.4369
     625       1.3210
     626       1.3156
     627       1.3023
     628       1.4079
     629       1.4280
     630       1.4596
     631       1.5207
     632       1.5008
     633       1.2830
     634       1.2069
     635       1.1778
     636       1.2448
     637       1.3254
     638       1.2643
     639       1.3167
     640       1.3204
     641       1.5303
     642       1.4612
     643       1.3111
     644       1.2744
     645       1.1592
     646       1.2564
     647       1.4029
     648       1.4564
     649       1.3716
     650       1.4039
     651       1.3782
     652       1.3893
     653       1.4962
     654       1.5278
     655       1.5220
     656       1.5897
     657       1.5373
     658       1.5226
     659       1.4515
     660       1.4251
     661       1.4397
     662       1.3748
     663       1.3700
     664       1.4973
     665       1.4252
     666       1.5045
     667       1.3529
     668       1.4305
     669       1.3663
     670       1.4661
     671       1.3302
     672       1.2295
     673       1.2506
     674       1.2241
     675       1.2228
     676       1.2118
     677       1.1338
     678       1.2083
     679       1.1585
     680       1.1104
     681       1.1235
     682       1.1652
     683       1.1204
     684       1.1218
     685       1.1754
     686       1.2292
     687       1.3278
     688       1.3933
     689       1.4081
     690       1.6126
     691       1.5924
     692       1.4769
     693       1.4876
     694       1.3636
     695       1.4197
     696       1.4231
     697       1.4141
     698       1.3988
     699       1.4144
     700       1.5710
     701       1.6250
     702       1.5427
     703       1.6095
     704       1.6207
     705       1.5744
     706       1.6659
     707       1.8093
     708       1.7158
     709       1.8188
     710       1.8206
     711       1.7743
     712       1.5437
     713       1.5704
     714       1.4783
     715       1.4220
     716       1.3893
     717       1.3852
     718       1.3217
     719       1.2704
     720       1.3116
     721       1.2998
     722       1.2837
     723       1.2329
     724       1.2262
     725       1.2710
     726       1.3054
     727       1.2848
     728       1.3726
     729       1.3128
     730       1.2856
     731       1.2957
     732       1.2720
     733       1.2735
     734       1.4639
     735       1.4612
     736       1.4266
     737       1.5030
     738       1.4138
     739       1.5853
     740       1.4778
     741       1.5538
     742       1.4602
     743       1.5597
     744       1.4746
     745       1.3369
     746       1.4374
     747       1.3434
     748       1.5249
     749       1.4569
     750       1.5095
     751       1.5560
     752       1.4689
     753       1.3182
     754       1.1874
     755       1.2210
     756       1.2538
     757       1.3910
     758       1.5425
     759       1.3880
     760       1.3566
     761       1.3515
     762       1.2584
     763       1.1893
     764       1.2540
     765       1.2694
     766       1.3504
     767       1.4532
     768       1.2744
     769       1.2450
     770       1.2711
     771       1.3522
     772       1.2914
     773       1.2719
     774       1.3926
     775       1.2644
     776       1.3274
     777       1.3399
     778       1.2508
     779       1.4016
     780       1.2178
     781       1.1998
     782       1.2853
     783       1.2979
     784       1.3193
     785       1.3735
     786       1.4100
     787       1.3414
     788       1.2946
     789       1.3561
     790       1.2941
     791       1.1712
     792       1.1347
     793       1.1337
     794       1.1568
     795       1.1904
     796       1.2488
     797       1.2381
     798       1.2794
     799       1.2512
     800       1.3462
     801       1.4607
     802       1.4645
     803       1.4785
     804       1.3825
     805       1.4373
     806       1.4913
     807       1.5011
     808       1.5045
     809       1.6339
     810       1.6526
     811       1.5328
     812       1.5792
     813       1.4475
     814       1.3194
     815       1.4328
     816       1.4588
     817       1.5439
     818       1.4940
     819       1.5616
     820       1.5393
     821       1.7083
     822       1.7041
     823       1.5042
     824       1.6139
     825       1.5758
     826       1.4351
     827       1.5329
     828       1.5724
     829       1.5840
     830       1.5435
     831       1.6170
     832       1.6214
     833       1.5775
     834       1.5553
     835       1.5552
     836       1.4812
     837       1.3881
     838       1.2545
     839       1.3701
     840       1.3980
     841       1.4476
     842       1.4128
     843       1.4055
     844       1.5097
     845       1.6475
     846       1.7293
     847       1.5822
     848       1.6450
     849       1.6462
     850       1.6110
     851       1.5146
     852       1.6318
     853       1.5081
     854       1.4872
     855       1.4674
     856       1.5214
     857       1.4623
     858       1.4134
     859       1.4092
     860       1.4375
     861       1.5039
     862       1.6583
     863       1.8232
     864       1.9320
     865       1.9287
     866       1.8909
     867       1.8547
     868       1.8818
     869       1.8938
     870       1.7965
     871       1.7788
     872       1.7604
     873       1.6776
     874       1.6151
     875       1.6557
     876       1.7912
     877       1.8920
     878       1.7373
     879       1.7746
     880       1.8540
     881       1.9268
     882       1.8542
     883       1.8148
     884       1.9052
     885       1.8847
     886       1.9780
     887       1.9750
     888       2.0278
     889       2.0406
     890       2.0595
     891       2.0732
     892       2.0616
     893       1.8405
     894       1.8751
     895       1.7339
     896       1.7648
     897       1.7619
     898       1.6777
     899       1.8651
     900       1.8737
     901       1.8151
     902       1.7373
     903       1.8799
     904       1.8313
     905       1.8007
     906       2.0085
     907       1.9598
     908       2.0229
     909       1.9797
     910       1.9078
     911       1.9998
     912       2.0233
     913       2.1332
     914       2.0702
     915       2.0263
     916       2.1190
     917       2.2596
     918       1.9714
     919       2.0041
     920       1.8565
     921       1.9166
     922       1.8861
     923       1.9428
     924       1.9607
     925       1.9993
     926       1.9290
     927       2.0427
     928       1.9518
     929       1.9813
     930       1.8153
     931       1.9520
     932       1.8157
     933       1.9599
     934       1.9748
     935       1.9852
     936       1.9558
     937       1.9644
     938       1.9210
     939       1.8485
     940       1.9002
     941       1.9930
     942       1.8680
     943       1.9502
     944       1.9995
     945       1.8733
     946       1.8366
     947       1.7894
     948       1.8663
     949       1.8365
     950       1.9087
     951       1.7887
     952       1.6752
     953       1.7237
     954       1.6310
     955       1.7347
     956       1.6523
     957       1.6457
     958       1.6403
     959       1.6951
     960       1.5870
     961       1.5960
     962       1.5907
     963       1.5706
     964       1.6353
     965       1.5587
     966       1.6263
     967       1.6470
     968       1.6097
     969       1.5629
     970       1.6207
     971       1.5722
     972       1.5236
     973       1.6187
     974       1.6652
     975       1.6448
     976       1.6514
     977       1.7450
     978       1.6864
     979       1.5815
     980       1.6213
     981       1.6137
     982       1.6731
     983       1.7011
     984       1.5389
     985       1.6530
     986       1.7332
     987       1.6709
     988       1.6844
     989       1.7466
     990       1.7363
     991       1.7312
     992       1.7508
     993       1.6585
     994       1.5778
     995       1.6358
     996       1.5912
     997       1.5171
     998       1.5185
     999       1.5332
    1000       1.5285
