#Frame        fadcore
       1       0.0000
       2       0.4171
       3       0.3324
       4       0.4082
       5       0.3830
       6       0.5046
       7       0.3873
       8       0.3388
       9       0.2176
      10       0.3204
      11       0.2804
      12       0.2482
      13       0.2326
      14       0.3062
      15       0.3321
      16       0.3054
      17       0.3453
      18       0.2919
      19       0.4083
      20       0.4214
      21       0.4844
      22       0.4017
      23       0.4451
      24       0.4631
      25       0.3990
      26       0.4763
      27       0.3898
      28       0.3586
      29       0.3594
      30       0.3344
      31       0.4035
      32       0.3320
      33       0.3221
      34       0.3422
      35       0.4396
      36       0.4217
      37       0.3894
      38       0.4059
      39       0.4513
      40       0.3628
      41       0.4431
      42       0.4525
      43       0.3057
      44       0.2829
      45       0.3635
      46       0.4119
      47       0.4562
      48       0.4099
      49       0.4327
      50       0.4223
      51       0.3688
      52       0.4517
      53       0.5283
      54       0.4142
      55       0.3875
      56       0.5013
      57       0.4146
      58       0.4013
      59       0.3582
      60       0.3781
      61       0.3524
      62       0.3973
      63       0.3697
      64       0.4261
      65       0.6488
      66       0.4084
      67       0.4189
      68       0.3898
      69       0.4877
      70       0.3874
      71       0.5339
      72       0.3608
      73       0.4048
      74       0.3118
      75       0.3716
      76       0.4564
      77       0.3976
      78       0.3882
      79       0.3958
      80       0.4075
      81       0.4085
      82       0.3970
      83       0.4319
      84       0.3783
      85       0.4153
      86       0.4114
      87       0.4175
      88       0.4987
      89       0.6309
      90       0.4847
      91       0.4251
      92       0.4931
      93       0.4100
      94       0.4479
      95       0.4265
      96       0.5360
      97       0.4117
      98       0.4573
      99       0.4011
     100       0.4546
     101       0.5191
     102       0.4848
     103       0.5082
     104       0.4584
     105       0.3797
     106       0.4564
     107       0.4293
     108       0.4217
     109       0.4342
     110       0.3717
     111       0.4125
     112       0.4173
     113       0.5305
     114       0.4757
     115       0.4441
     116       0.4945
     117       0.4812
     118       0.4927
     119       0.5068
     120       0.6124
     121       0.5729
     122       0.5555
     123       0.5789
     124       0.5581
     125       0.4737
     126       0.4449
     127       0.4490
     128       0.4277
     129       0.5084
     130       0.4224
     131       0.4866
     132       0.4123
     133       0.4938
     134       0.4070
     135       0.5377
     136       0.4859
     137       0.4339
     138       0.4106
     139       0.5375
     140       0.4825
     141       0.4117
     142       0.4151
     143       0.4623
     144       0.4840
     145       0.5630
     146       0.4275
     147       0.3346
     148       0.3548
     149       0.4051
     150       0.2990
     151       0.3384
     152       0.3447
     153       0.3018
     154       0.3571
     155       0.3420
     156       0.3465
     157       0.3756
     158       0.3935
     159       0.4153
     160       0.3663
     161       0.3799
     162       0.3868
     163       0.4920
     164       0.3692
     165       0.3539
     166       0.3081
     167       0.3920
     168       0.4488
     169       0.4605
     170       0.4645
     171       0.3801
     172       0.3176
     173       0.4144
     174       0.4167
     175       0.4581
     176       0.4776
     177       0.4429
     178       0.3834
     179       0.3601
     180       0.2890
     181       0.4766
     182       0.3918
     183       0.3677
     184       0.3897
     185       0.3939
     186       0.3865
     187       0.4745
     188       0.3121
     189       0.3298
     190       0.2818
     191       0.3273
     192       0.4056
     193       0.3438
     194       0.3183
     195       0.3644
     196       0.3501
     197       0.4002
     198       0.2705
     199       0.3728
     200       0.3086
     201       0.4466
     202       0.4061
     203       0.4703
     204       0.5121
     205       0.4791
     206       0.5420
     207       0.6254
     208       0.5119
     209       0.5174
     210       0.5026
     211       0.5986
     212       0.5309
     213       0.4999
     214       0.3795
     215       0.4304
     216       0.4671
     217       0.4463
     218       0.4807
     219       0.4903
     220       0.4976
     221       0.5280
     222       0.6451
     223       0.6226
     224       0.5759
     225       0.5257
     226       0.5970
     227       0.6144
     228       0.6500
     229       0.5852
     230       0.5322
     231       0.5518
     232       0.4545
     233       0.5357
     234       0.4914
     235       0.5076
     236       0.4346
     237       0.5077
     238       0.3888
     239       0.4531
     240       0.5019
     241       0.4743
     242       0.4179
     243       0.4779
     244       0.4690
     245       0.4335
     246       0.4541
     247       0.4478
     248       0.4687
     249       0.4141
     250       0.4579
     251       0.4504
     252       0.5657
     253       0.3287
     254       0.3627
     255       0.3605
     256       0.3825
     257       0.4330
     258       0.4843
     259       0.4590
     260       0.4761
     261       0.4580
     262       0.5454
     263       0.5366
     264       0.4791
     265       0.5480
     266       0.5044
     267       0.4688
     268       0.4542
     269       0.4267
     270       0.4161
     271       0.4522
     272       0.4230
     273       0.4077
     274       0.4110
     275       0.3433
     276       0.3618
     277       0.3693
     278       0.4115
     279       0.4514
     280       0.4260
     281       0.4009
     282       0.4006
     283       0.3303
     284       0.3530
     285       0.3435
     286       0.3237
     287       0.3197
     288       0.3498
     289       0.3558
     290       0.4367
     291       0.4852
     292       0.3913
     293       0.4871
     294       0.4683
     295       0.3824
     296       0.3661
     297       0.3264
     298       0.3400
     299       0.4189
     300       0.3626
     301       0.5133
     302       0.4123
     303       0.3682
     304       0.4587
     305       0.3113
     306       0.3700
     307       0.3662
     308       0.4898
     309       0.5488
     310       0.5549
     311       0.3633
     312       0.3975
     313       0.4339
     314       0.3404
     315       0.4009
     316       0.5602
     317       0.5254
     318       0.4553
     319       0.4412
     320       0.4265
     321       0.3887
     322       0.4522
     323       0.4364
     324       0.3946
     325       0.4651
     326       0.3539
     327       0.4716
     328       0.5343
     329       0.5039
     330       0.4290
     331       0.4397
     332       0.4198
     333       0.3627
     334       0.4616
     335       0.4801
     336       0.4888
     337       0.4772
     338       0.5009
     339       0.4424
     340       0.4302
     341       0.3845
     342       0.3143
     343       0.3095
     344       0.4161
     345       0.4642
     346       0.3792
     347       0.3825
     348       0.4786
     349       0.4517
     350       0.5204
     351       0.4780
     352       0.4401
     353       0.4751
     354       0.4683
     355       0.5669
     356       0.4138
     357       0.5169
     358       0.5971
     359       0.5335
     360       0.5713
     361       0.5534
     362       0.5803
     363       0.5141
     364       0.5432
     365       0.4973
     366       0.4330
     367       0.4535
     368       0.4253
     369       0.5093
     370       0.4492
     371       0.4144
     372       0.5402
     373       0.5505
     374       0.4851
     375       0.3975
     376       0.4004
     377       0.4079
     378       0.3768
     379       0.3258
     380       0.3979
     381       0.3495
     382       0.3759
     383       0.4012
     384       0.3440
     385       0.3679
     386       0.4377
     387       0.3982
     388       0.4889
     389       0.4850
     390       0.4986
     391       0.4699
     392       0.3791
     393       0.3526
     394       0.4145
     395       0.4267
     396       0.4460
     397       0.4846
     398       0.4315
     399       0.3797
     400       0.4919
     401       0.4536
     402       0.4479
     403       0.3998
     404       0.4106
     405       0.4990
     406       0.4517
     407       0.4097
     408       0.4662
     409       0.3950
     410       0.4740
     411       0.4579
     412       0.4188
     413       0.4559
     414       0.3844
     415       0.4954
     416       0.5053
     417       0.4825
     418       0.4699
     419       0.4302
     420       0.5001
     421       0.4560
     422       0.4035
     423       0.4115
     424       0.5645
     425       0.4048
     426       0.3858
     427       0.5066
     428       0.4949
     429       0.5286
     430       0.4954
     431       0.5784
     432       0.6286
     433       0.5594
     434       0.5541
     435       0.5726
     436       0.4945
     437       0.4869
     438       0.5440
     439       0.6158
     440       0.5599
     441       0.5828
     442       0.5703
     443       0.6206
     444       0.6669
     445       0.6862
     446       0.5524
     447       0.5298
     448       0.7441
     449       0.6398
     450       0.6785
     451       0.5179
     452       0.5410
     453       0.5827
     454       0.5034
     455       0.4691
     456       0.4966
     457       0.5021
     458       0.5495
     459       0.4150
     460       0.4847
     461       0.4664
     462       0.4560
     463       0.4206
     464       0.4997
     465       0.5061
     466       0.4665
     467       0.5994
     468       0.4384
     469       0.5151
     470       0.4620
     471       0.4527
     472       0.3709
     473       0.3800
     474       0.3900
     475       0.3585
     476       0.4258
     477       0.5579
     478       0.4832
     479       0.5385
     480       0.4633
     481       0.5016
     482       0.4693
     483       0.3840
     484       0.4543
     485       0.3883
     486       0.3851
     487       0.4592
     488       0.4043
     489       0.3965
     490       0.4227
     491       0.4472
     492       0.3731
     493       0.3464
     494       0.4390
     495       0.5504
     496       0.6012
     497       0.5618
     498       0.6085
     499       0.4950
     500       0.5417
     501       0.4800
     502       0.5744
     503       0.5548
     504       0.5583
     505       0.5004
     506       0.4812
     507       0.4886
     508       0.4921
     509       0.5199
     510       0.5533
     511       0.6434
     512       0.5795
     513       0.6189
     514       0.5916
     515       0.5507
     516       0.5549
     517       0.5817
     518       0.5548
     519       0.4910
     520       0.5568
     521       0.5855
     522       0.6302
     523       0.5013
     524       0.5069
     525       0.3305
     526       0.3967
     527       0.3888
     528       0.3176
     529       0.4019
     530       0.4604
     531       0.4720
     532       0.5343
     533       0.4801
     534       0.6342
     535       0.5066
     536       0.6338
     537       0.6202
     538       0.6615
     539       0.5422
     540       0.4652
     541       0.4976
     542       0.4141
     543       0.4967
     544       0.4951
     545       0.5950
     546       0.5988
     547       0.5465
     548       0.5574
     549       0.5460
     550       0.6175
     551       0.5250
     552       0.5217
     553       0.5581
     554       0.4650
     555       0.4432
     556       0.4599
     557       0.4815
     558       0.4149
     559       0.3951
     560       0.4417
     561       0.5251
     562       0.6712
     563       0.4284
     564       0.4394
     565       0.3702
     566       0.5565
     567       0.4272
     568       0.4276
     569       0.4371
     570       0.4656
     571       0.3267
     572       0.4161
     573       0.4059
     574       0.3002
     575       0.2816
     576       0.4435
     577       0.4178
     578       0.2948
     579       0.3802
     580       0.3429
     581       0.3507
     582       0.3100
     583       0.3655
     584       0.4132
     585       0.3411
     586       0.4494
     587       0.4545
     588       0.4592
     589       0.5188
     590       0.4048
     591       0.3407
     592       0.2874
     593       0.3431
     594       0.3475
     595       0.3621
     596       0.4443
     597       0.4749
     598       0.3662
     599       0.3807
     600       0.4543
     601       0.3923
     602       0.4594
     603       0.4702
     604       0.4960
     605       0.4849
     606       0.4105
     607       0.3939
     608       0.3516
     609       0.4508
     610       0.3466
     611       0.3653
     612       0.3705
     613       0.4622
     614       0.5436
     615       0.6615
     616       0.5552
     617       0.5154
     618       0.4490
     619       0.4629
     620       0.4720
     621       0.3332
     622       0.4482
     623       0.4219
     624       0.5043
     625       0.4153
     626       0.4826
     627       0.5583
     628       0.4333
     629       0.3926
     630       0.3507
     631       0.3831
     632       0.5214
     633       0.3420
     634       0.3993
     635       0.3371
     636       0.2823
     637       0.3150
     638       0.3758
     639       0.4560
     640       0.4108
     641       0.4007
     642       0.3414
     643       0.3480
     644       0.3491
     645       0.4294
     646       0.5362
     647       0.3970
     648       0.4527
     649       0.4149
     650       0.4180
     651       0.4606
     652       0.4392
     653       0.3788
     654       0.3342
     655       0.3872
     656       0.4589
     657       0.3838
     658       0.3835
     659       0.2738
     660       0.3836
     661       0.4598
     662       0.4529
     663       0.3224
     664       0.4023
     665       0.3084
     666       0.3825
     667       0.4349
     668       0.5129
     669       0.3648
     670       0.4250
     671       0.2643
     672       0.3793
     673       0.4424
     674       0.4658
     675       0.5528
     676       0.3284
     677       0.3665
     678       0.4803
     679       0.3751
     680       0.3713
     681       0.3664
     682       0.3836
     683       0.3996
     684       0.4506
     685       0.5168
     686       0.4136
     687       0.3493
     688       0.3529
     689       0.4707
     690       0.4471
     691       0.4783
     692       0.3604
     693       0.4391
     694       0.5210
     695       0.5432
     696       0.6592
     697       0.5518
     698       0.4425
     699       0.3824
     700       0.4149
     701       0.3958
     702       0.4550
     703       0.5356
     704       0.5666
     705       0.5402
     706       0.5692
     707       0.5050
     708       0.5080
     709       0.4394
     710       0.5040
     711       0.5038
     712       0.5798
     713       0.5130
     714       0.4705
     715       0.4721
     716       0.4693
     717       0.3811
     718       0.4078
     719       0.3899
     720       0.4897
     721       0.3696
     722       0.5013
     723       0.4280
     724       0.4098
     725       0.3749
     726       0.4039
     727       0.4076
     728       0.3968
     729       0.5533
     730       0.5245
     731       0.4093
     732       0.4427
     733       0.4340
     734       0.4540
     735       0.4797
     736       0.5986
     737       0.5131
     738       0.5759
     739       0.4116
     740       0.4418
     741       0.4059
     742       0.3515
     743       0.4833
     744       0.5486
     745       0.5988
     746       0.5640
     747       0.5356
     748       0.5503
     749       0.4755
     750       0.4492
     751       0.6156
     752       0.4788
     753       0.4531
     754       0.5651
     755       0.5879
     756       0.5144
     757       0.4507
     758       0.4245
     759       0.4899
     760       0.4411
     761       0.3965
     762       0.3837
     763       0.4436
     764       0.4974
     765       0.3669
     766       0.3697
     767       0.3172
     768       0.4279
     769       0.3208
     770       0.3293
     771       0.3776
     772       0.4386
     773       0.3951
     774       0.3586
     775       0.3256
     776       0.4186
     777       0.3843
     778       0.4348
     779       0.5402
     780       0.5012
     781       0.4317
     782       0.3815
     783       0.5062
     784       0.3994
     785       0.3873
     786       0.5208
     787       0.4758
     788       0.4774
     789       0.4476
     790       0.4470
     791       0.4214
     792       0.3483
     793       0.4628
     794       0.3958
     795       0.3071
     796       0.3152
     797       0.3180
     798       0.5175
     799       0.4021
     800       0.3835
     801       0.4115
     802       0.3556
     803       0.2746
     804       0.2483
     805       0.2963
     806       0.3765
     807       0.2304
     808       0.2930
     809       0.3202
     810       0.3885
     811       0.4079
     812       0.2808
     813       0.3417
     814       0.2945
     815       0.3508
     816       0.4234
     817       0.4130
     818       0.3645
     819       0.3391
     820       0.3020
     821       0.4894
     822       0.2984
     823       0.3713
     824       0.4783
     825       0.4446
     826       0.3817
     827       0.3380
     828       0.3847
     829       0.3838
     830       0.4067
     831       0.5729
     832       0.4280
     833       0.4012
     834       0.3904
     835       0.4762
     836       0.4412
     837       0.4718
     838       0.5261
     839       0.3635
     840       0.3938
     841       0.4341
     842       0.4594
     843       0.3742
     844       0.3778
     845       0.3406
     846       0.3832
     847       0.4234
     848       0.4581
     849       0.4202
     850       0.3595
     851       0.3456
     852       0.3247
     853       0.3170
     854       0.3167
     855       0.3195
     856       0.3613
     857       0.4862
     858       0.4529
     859       0.5386
     860       0.5334
     861       0.4259
     862       0.4624
     863       0.4402
     864       0.3387
     865       0.3456
     866       0.3778
     867       0.3149
     868       0.3925
     869       0.4821
     870       0.4141
     871       0.3581
     872       0.4807
     873       0.4335
     874       0.4171
     875       0.3923
     876       0.4070
     877       0.5351
     878       0.6137
     879       0.5686
     880       0.4691
     881       0.4671
     882       0.4669
     883       0.4168
     884       0.4016
     885       0.4177
     886       0.3825
     887       0.3956
     888       0.4053
     889       0.4875
     890       0.3587
     891       0.3846
     892       0.2926
     893       0.4351
     894       0.3706
     895       0.3596
     896       0.3736
     897       0.3565
     898       0.4598
     899       0.2701
     900       0.3403
     901       0.3994
     902       0.3596
     903       0.4261
     904       0.4026
     905       0.3727
     906       0.3125
     907       0.2968
     908       0.3678
     909       0.4261
     910       0.4319
     911       0.3791
     912       0.3645
     913       0.4507
     914       0.3695
     915       0.3296
     916       0.2864
     917       0.3742
     918       0.3672
     919       0.3873
     920       0.3716
     921       0.3256
     922       0.3690
     923       0.3663
     924       0.4586
     925       0.4980
     926       0.4306
     927       0.4409
     928       0.4091
     929       0.5389
     930       0.4115
     931       0.4284
     932       0.4123
     933       0.3269
     934       0.3524
     935       0.4977
     936       0.3638
     937       0.3826
     938       0.3333
     939       0.4601
     940       0.4543
     941       0.3899
     942       0.4211
     943       0.3851
     944       0.4055
     945       0.4220
     946       0.4944
     947       0.4546
     948       0.4187
     949       0.4769
     950       0.3936
     951       0.5422
     952       0.4923
     953       0.5143
     954       0.5114
     955       0.4461
     956       0.3536
     957       0.3447
     958       0.3724
     959       0.4675
     960       0.4148
     961       0.4297
     962       0.4456
     963       0.4119
     964       0.4361
     965       0.5251
     966       0.4265
     967       0.4046
     968       0.4532
     969       0.5201
     970       0.5601
     971       0.4703
     972       0.6101
     973       0.6651
     974       0.5929
     975       0.4066
     976       0.3334
     977       0.4002
     978       0.4502
     979       0.5134
     980       0.5686
     981       0.4991
     982       0.4750
     983       0.5290
     984       0.5353
     985       0.6892
     986       0.6760
     987       0.6703
     988       0.5281
     989       0.4437
     990       0.4649
     991       0.5162
     992       0.4791
     993       0.5741
     994       0.6995
     995       0.6101
     996       0.4902
     997       0.5312
     998       0.5233
     999       0.4905
    1000       0.4751
