#Frame         ligrms
       1       0.0000
       2       1.4206
       3       1.8086
       4       1.4457
       5       1.3417
       6       0.4781
       7       1.7643
       8       1.7390
       9       1.7461
      10       1.7746
      11       1.2184
      12       1.1681
      13       1.5214
      14       1.5452
      15       1.6752
      16       1.4262
      17       1.8755
      18       1.0018
      19       1.4805
      20       1.6842
      21       1.9725
      22       1.3978
      23       1.1968
      24       1.4294
      25       1.7740
      26       0.6779
      27       1.5848
      28       1.3636
      29       1.3976
      30       1.3653
      31       1.4382
      32       1.5981
      33       1.6170
      34       1.6448
      35       1.8450
      36       1.9449
      37       1.4658
      38       1.4320
      39       1.3599
      40       1.8037
      41       1.9572
      42       1.6002
      43       2.0827
      44       2.1410
      45       1.6693
      46       1.6457
      47       1.5912
      48       2.4473
      49       2.0487
      50       1.7451
      51       1.5150
      52       1.0901
      53       1.7018
      54       2.0871
      55       1.1546
      56       1.2908
      57       2.1261
      58       1.8295
      59       2.0155
      60       1.4450
      61       1.5103
      62       2.0596
      63       1.6117
      64       1.5078
      65       1.7369
      66       1.2694
      67       1.2546
      68       1.4371
      69       1.8961
      70       1.1279
      71       1.7032
      72       1.6424
      73       1.9190
      74       1.7290
      75       1.2780
      76       1.0843
      77       1.0231
      78       1.4561
      79       1.7366
      80       1.8825
      81       1.9493
      82       2.2391
      83       1.8045
      84       1.7928
      85       1.5373
      86       1.6152
      87       1.6306
      88       1.7859
      89       1.7070
      90       1.8430
      91       1.7972
      92       1.8317
      93       1.5666
      94       2.2075
      95       1.8480
      96       1.8430
      97       1.8518
      98       2.1301
      99       1.6571
     100       1.2962
     101       1.5127
     102       1.2465
     103       1.4142
     104       1.9366
     105       1.6451
     106       1.6571
     107       1.8556
     108       1.9880
     109       1.9410
     110       1.7917
     111       2.1955
     112       1.7024
     113       1.6651
     114       1.8689
     115       1.4025
     116       1.5817
     117       2.2129
     118       1.8840
     119       2.1719
     120       2.6331
     121       2.4237
     122       1.6979
     123       1.6410
     124       1.9062
     125       1.9445
     126       1.7996
     127       1.9997
     128       1.4679
     129       1.5775
     130       1.6862
     131       1.6693
     132       1.7042
     133       1.9385
     134       2.4069
     135       2.1133
     136       1.8997
     137       1.8428
     138       1.5019
     139       1.9513
     140       1.3317
     141       2.1590
     142       1.8992
     143       2.3574
     144       2.3000
     145       2.1172
     146       1.8851
     147       1.6568
     148       2.6486
     149       1.6766
     150       1.3369
     151       2.0310
     152       2.2052
     153       2.3855
     154       2.4075
     155       2.4237
     156       2.7879
     157       1.3976
     158       2.1400
     159       1.8995
     160       1.4917
     161       1.6185
     162       1.6483
     163       1.5680
     164       1.3274
     165       1.4837
     166       1.5179
     167       1.5532
     168       1.6954
     169       1.7943
     170       1.9883
     171       1.4568
     172       1.4662
     173       1.8176
     174       1.1286
     175       1.7397
     176       1.6318
     177       1.4950
     178       1.3607
     179       1.3290
     180       1.4696
     181       1.2499
     182       1.0662
     183       1.1741
     184       1.8277
     185       1.9304
     186       1.6470
     187       1.8242
     188       1.6398
     189       1.6585
     190       1.7247
     191       1.2592
     192       2.3712
     193       2.0193
     194       1.9710
     195       1.2565
     196       1.4014
     197       1.4488
     198       1.7425
     199       1.8033
     200       1.2110
     201       1.4170
     202       1.8377
     203       1.4274
     204       2.1229
     205       1.7948
     206       1.8478
     207       2.0831
     208       1.6033
     209       1.5858
     210       1.9631
     211       1.4521
     212       1.2696
     213       1.4093
     214       1.8791
     215       1.9389
     216       1.9700
     217       1.8483
     218       1.5625
     219       1.2521
     220       1.5061
     221       2.1316
     222       2.2451
     223       1.3001
     224       1.0694
     225       1.5190
     226       1.3095
     227       1.4320
     228       1.7241
     229       2.0644
     230       1.3847
     231       1.8446
     232       2.0379
     233       2.2805
     234       2.3125
     235       1.2718
     236       1.8710
     237       1.6166
     238       1.3909
     239       1.5495
     240       1.7255
     241       1.0851
     242       1.7305
     243       1.6074
     244       2.0845
     245       1.4842
     246       1.6753
     247       1.5965
     248       1.5895
     249       1.6288
     250       1.5050
     251       1.9152
     252       2.3243
     253       1.7133
     254       1.4359
     255       1.8768
     256       1.5056
     257       1.5590
     258       1.2549
     259       1.1363
     260       2.0935
     261       2.0304
     262       1.5713
     263       1.7630
     264       1.7558
     265       1.2342
     266       2.0544
     267       1.8836
     268       1.7205
     269       1.6642
     270       1.3280
     271       2.1403
     272       1.7422
     273       1.9896
     274       1.9195
     275       2.0062
     276       1.8944
     277       1.6058
     278       1.7978
     279       2.1274
     280       1.4542
     281       1.6200
     282       1.7642
     283       1.4500
     284       1.4933
     285       1.5014
     286       1.5794
     287       1.1014
     288       1.3687
     289       2.3007
     290       0.9833
     291       1.0396
     292       1.4780
     293       1.3502
     294       1.1938
     295       1.3004
     296       1.6405
     297       1.1431
     298       1.3657
     299       1.3762
     300       2.0616
     301       1.7049
     302       1.3559
     303       1.0589
     304       1.4042
     305       1.7084
     306       2.0724
     307       1.7209
     308       2.0717
     309       1.7629
     310       1.9096
     311       1.6380
     312       2.1111
     313       1.7380
     314       1.7553
     315       2.0797
     316       1.5351
     317       1.4773
     318       1.5302
     319       2.2259
     320       1.7319
     321       2.4686
     322       2.3282
     323       1.6276
     324       2.1019
     325       2.0303
     326       2.0870
     327       2.0200
     328       1.8032
     329       1.6146
     330       1.6360
     331       2.1515
     332       1.4704
     333       1.7159
     334       1.5037
     335       1.2793
     336       1.8374
     337       1.0722
     338       1.5573
     339       1.6940
     340       1.7848
     341       1.4309
     342       1.4748
     343       2.0561
     344       1.6304
     345       1.7450
     346       1.7947
     347       1.9272
     348       2.0318
     349       2.2036
     350       1.4127
     351       2.1934
     352       2.4204
     353       1.6911
     354       2.0342
     355       1.9757
     356       2.1340
     357       1.8642
     358       2.1743
     359       1.6909
     360       2.1668
     361       2.4303
     362       2.4845
     363       2.1491
     364       1.8800
     365       1.7857
     366       2.1218
     367       2.2293
     368       2.0491
     369       2.2226
     370       2.2699
     371       2.2144
     372       2.2843
     373       2.4029
     374       2.1184
     375       1.9568
     376       2.1679
     377       2.0309
     378       2.2690
     379       2.3687
     380       2.0313
     381       2.1639
     382       2.1694
     383       1.9188
     384       2.4885
     385       2.3225
     386       1.8543
     387       2.0758
     388       2.3957
     389       2.1370
     390       2.1342
     391       2.2766
     392       2.0137
     393       2.4397
     394       2.4673
     395       2.1153
     396       1.9043
     397       1.8673
     398       2.3773
     399       2.4149
     400       2.6901
     401       2.1112
     402       2.4619
     403       2.4429
     404       2.2113
     405       2.1048
     406       2.3631
     407       1.9103
     408       2.0405
     409       1.8445
     410       2.2906
     411       2.6759
     412       1.5001
     413       2.0385
     414       2.5479
     415       2.0294
     416       2.0998
     417       1.7274
     418       1.8487
     419       1.9639
     420       2.2136
     421       2.0817
     422       2.1572
     423       2.2765
     424       2.0793
     425       1.7565
     426       2.1711
     427       2.0816
     428       2.0958
     429       1.6797
     430       1.6704
     431       1.8736
     432       2.2462
     433       2.5694
     434       1.9896
     435       2.3034
     436       2.2045
     437       2.3090
     438       2.2005
     439       2.1741
     440       2.1755
     441       2.1139
     442       1.4075
     443       1.8568
     444       1.8745
     445       2.0056
     446       2.4286
     447       2.0458
     448       1.9674
     449       2.1455
     450       2.0728
     451       2.0623
     452       2.3597
     453       2.0958
     454       2.1860
     455       2.0962
     456       1.8363
     457       2.2761
     458       1.9373
     459       2.0940
     460       2.0672
     461       2.0257
     462       1.8985
     463       2.0936
     464       2.0778
     465       1.8464
     466       1.8849
     467       2.1238
     468       1.8891
     469       2.0308
     470       1.9832
     471       2.0602
     472       1.8716
     473       1.6681
     474       1.9877
     475       2.1124
     476       2.0179
     477       2.1717
     478       2.1544
     479       2.1709
     480       2.1188
     481       2.4009
     482       1.6717
     483       1.8538
     484       2.0477
     485       2.1883
     486       2.1882
     487       2.3747
     488       2.5082
     489       2.6431
     490       2.0187
     491       2.1199
     492       2.2533
     493       2.0132
     494       1.7837
     495       1.7023
     496       1.9442
     497       1.4919
     498       1.7679
     499       1.8335
     500       2.2887
     501       2.0666
     502       2.4724
     503       2.1925
     504       1.9307
     505       1.8723
     506       1.9279
     507       2.1525
     508       1.9629
     509       1.3368
     510       1.6293
     511       1.9779
     512       1.8573
     513       2.3337
     514       2.0419
     515       1.9748
     516       2.1969
     517       2.4277
     518       2.3900
     519       2.3760
     520       2.1401
     521       1.9850
     522       2.2949
     523       2.1592
     524       1.8069
     525       2.0782
     526       1.8404
     527       1.3239
     528       2.3369
     529       1.8935
     530       1.8612
     531       2.2089
     532       1.3235
     533       2.1300
     534       1.9996
     535       2.4660
     536       2.2919
     537       2.5232
     538       1.9240
     539       2.0300
     540       2.2813
     541       2.2101
     542       2.4938
     543       1.9341
     544       2.2744
     545       2.1995
     546       2.2950
     547       1.9417
     548       2.2255
     549       3.0113
     550       2.4565
     551       1.6323
     552       2.1677
     553       2.3514
     554       2.3380
     555       1.8858
     556       2.3123
     557       2.3076
     558       2.4810
     559       2.3894
     560       2.5752
     561       1.7028
     562       2.0594
     563       2.0320
     564       2.3290
     565       2.0730
     566       2.1583
     567       0.8836
     568       1.9890
     569       2.6849
     570       2.2596
     571       2.3989
     572       2.3436
     573       1.8703
     574       1.4557
     575       1.8351
     576       1.4617
     577       2.1579
     578       1.6521
     579       2.0966
     580       2.1454
     581       2.1909
     582       1.8742
     583       1.4297
     584       2.3404
     585       2.2434
     586       2.2428
     587       2.0284
     588       1.7547
     589       2.2029
     590       1.7628
     591       1.5250
     592       1.6609
     593       1.7376
     594       1.9824
     595       2.0527
     596       1.7650
     597       1.3610
     598       2.1161
     599       1.6260
     600       2.2000
     601       2.2225
     602       1.7890
     603       1.4484
     604       1.7105
     605       2.0996
     606       2.1822
     607       2.1325
     608       2.3501
     609       2.0274
     610       1.5491
     611       1.5806
     612       1.8169
     613       1.7539
     614       2.2736
     615       2.0191
     616       2.0690
     617       1.9510
     618       1.6920
     619       2.4370
     620       2.2400
     621       1.6430
     622       1.7094
     623       1.7534
     624       1.9700
     625       1.8896
     626       1.8379
     627       1.6800
     628       1.5570
     629       1.9397
     630       1.6085
     631       1.3769
     632       1.2721
     633       1.4932
     634       2.2170
     635       1.5499
     636       1.8600
     637       2.0096
     638       1.5243
     639       2.4592
     640       2.2751
     641       1.8881
     642       2.1668
     643       2.2682
     644       2.1212
     645       2.3722
     646       2.1187
     647       2.7398
     648       2.4724
     649       1.8275
     650       2.0072
     651       2.0723
     652       1.9485
     653       2.1595
     654       2.0302
     655       2.3736
     656       2.1519
     657       1.9895
     658       1.5677
     659       1.4051
     660       1.4674
     661       2.1149
     662       1.9373
     663       2.4846
     664       1.7116
     665       1.5434
     666       1.6287
     667       1.7617
     668       1.8842
     669       2.5270
     670       1.7969
     671       1.5612
     672       1.6265
     673       1.8104
     674       1.6110
     675       1.6677
     676       2.1168
     677       1.3697
     678       1.7240
     679       1.5768
     680       1.8609
     681       1.5585
     682       1.9703
     683       1.7315
     684       1.9218
     685       2.3058
     686       1.9860
     687       2.1301
     688       2.5637
     689       2.4985
     690       2.4348
     691       2.0182
     692       1.6601
     693       1.8735
     694       1.7266
     695       1.8176
     696       1.7223
     697       1.5533
     698       1.5221
     699       1.9461
     700       2.0409
     701       1.7020
     702       1.3269
     703       1.5095
     704       1.9955
     705       1.2449
     706       2.0235
     707       1.8200
     708       1.6513
     709       1.6155
     710       1.7877
     711       2.0097
     712       1.5031
     713       1.5723
     714       1.3273
     715       1.8057
     716       1.5551
     717       1.8243
     718       1.9039
     719       1.7902
     720       1.6580
     721       1.6376
     722       1.7247
     723       1.7345
     724       1.4246
     725       2.0243
     726       1.8094
     727       1.8942
     728       1.5227
     729       2.4626
     730       1.6326
     731       1.6839
     732       2.2559
     733       1.9151
     734       1.8726
     735       1.7375
     736       1.8099
     737       2.2990
     738       2.2673
     739       2.1661
     740       2.1412
     741       1.6770
     742       2.2742
     743       1.7801
     744       1.4918
     745       2.0359
     746       2.2076
     747       2.2895
     748       1.8650
     749       1.8344
     750       2.1024
     751       1.8291
     752       1.9635
     753       1.9249
     754       1.9644
     755       1.7315
     756       1.7631
     757       1.8271
     758       2.4712
     759       2.4966
     760       1.9219
     761       2.4175
     762       2.1769
     763       2.2576
     764       1.9897
     765       2.2843
     766       2.8771
     767       2.5576
     768       2.5682
     769       2.5823
     770       2.1711
     771       1.9266
     772       1.9213
     773       2.2026
     774       1.8723
     775       2.2662
     776       1.9099
     777       2.3297
     778       2.1651
     779       1.9085
     780       2.0456
     781       2.2106
     782       2.6011
     783       1.8610
     784       1.5905
     785       2.2017
     786       1.6538
     787       2.0274
     788       1.7029
     789       2.2462
     790       2.1267
     791       2.8245
     792       2.1733
     793       2.5485
     794       2.5007
     795       2.4050
     796       2.6370
     797       2.8146
     798       2.3989
     799       2.0909
     800       2.1491
     801       2.3761
     802       2.3910
     803       1.7913
     804       2.4879
     805       2.3011
     806       2.6501
     807       2.2460
     808       2.2523
     809       2.0752
     810       1.6153
     811       2.2439
     812       2.2535
     813       2.4482
     814       2.4688
     815       1.9058
     816       2.2115
     817       2.5202
     818       2.3988
     819       2.2471
     820       2.1587
     821       2.4350
     822       2.2512
     823       2.1547
     824       2.4360
     825       2.4467
     826       2.5321
     827       2.5622
     828       2.1510
     829       2.2694
     830       2.4512
     831       2.5031
     832       2.3929
     833       2.3958
     834       2.5462
     835       2.5968
     836       2.7673
     837       2.5152
     838       2.5628
     839       2.9579
     840       2.5948
     841       2.3157
     842       2.9851
     843       2.4854
     844       2.9971
     845       2.5254
     846       1.9125
     847       2.8420
     848       2.6997
     849       2.5967
     850       2.3130
     851       2.3467
     852       1.8217
     853       2.0908
     854       2.1375
     855       1.5989
     856       2.2960
     857       1.7079
     858       2.4700
     859       1.8773
     860       1.5607
     861       1.4788
     862       2.1568
     863       1.4195
     864       1.8296
     865       1.1672
     866       2.2221
     867       1.9772
     868       1.9269
     869       1.9480
     870       1.9438
     871       1.8912
     872       2.3841
     873       1.4002
     874       2.4075
     875       1.4934
     876       2.4712
     877       1.8316
     878       2.1135
     879       1.7582
     880       2.2953
     881       2.2989
     882       2.0919
     883       1.5203
     884       2.3189
     885       2.0440
     886       1.9348
     887       1.9325
     888       1.9038
     889       1.8313
     890       2.6322
     891       1.6858
     892       1.4753
     893       1.7901
     894       2.2592
     895       1.9970
     896       1.9193
     897       2.4156
     898       2.4195
     899       2.4755
     900       1.8791
     901       1.3829
     902       1.3616
     903       2.2020
     904       2.2881
     905       1.6436
     906       1.3239
     907       2.2034
     908       1.2479
     909       1.3446
     910       2.2181
     911       1.8245
     912       1.3836
     913       2.1419
     914       2.1114
     915       1.6531
     916       1.7263
     917       2.1769
     918       1.6578
     919       2.2826
     920       2.3889
     921       2.4508
     922       2.6900
     923       2.4113
     924       2.0419
     925       1.7484
     926       2.4413
     927       1.9324
     928       2.2519
     929       2.0645
     930       1.5596
     931       1.8102
     932       1.8489
     933       2.5027
     934       2.4680
     935       2.0976
     936       1.8076
     937       1.9997
     938       1.8574
     939       2.3603
     940       1.9810
     941       2.0539
     942       2.0316
     943       1.7560
     944       1.7017
     945       2.6105
     946       2.5767
     947       1.6518
     948       2.0868
     949       3.5306
     950       2.4288
     951       2.7530
     952       2.4944
     953       2.7867
     954       2.4305
     955       2.1316
     956       1.7986
     957       1.4912
     958       1.7338
     959       1.9125
     960       2.0147
     961       2.2471
     962       2.3727
     963       1.5189
     964       1.7519
     965       2.1912
     966       2.0114
     967       2.0962
     968       2.2077
     969       2.4180
     970       2.4316
     971       2.9357
     972       3.0430
     973       3.7490
     974       3.3581
     975       2.9291
     976       3.0023
     977       3.1254
     978       3.1715
     979       3.5280
     980       3.5023
     981       2.4101
     982       2.8681
     983       3.4702
     984       3.3369
     985       3.3754
     986       2.9002
     987       2.7310
     988       1.7405
     989       1.7661
     990       1.5806
     991       2.4862
     992       2.4316
     993       3.1377
     994       2.3548
     995       3.0879
     996       2.5223
     997       2.3244
     998       1.6210
     999       2.2797
    1000       2.8208
