#Frame        ligcore
       1       0.0000
       2       1.4170
       3       1.8030
       4       1.4393
       5       1.3443
       6       0.4814
       7       1.7667
       8       1.7438
       9       1.7543
      10       1.7820
      11       1.2331
      12       1.1742
      13       1.5170
      14       1.5575
      15       1.6879
      16       1.4391
      17       1.9156
      18       1.0214
      19       1.5073
      20       1.6928
      21       1.9797
      22       1.3964
      23       1.1981
      24       1.4358
      25       1.7689
      26       0.6870
      27       1.5872
      28       1.3626
      29       1.4065
      30       1.3700
      31       1.4496
      32       1.6034
      33       1.6321
      34       1.6452
      35       1.8434
      36       1.9432
      37       1.4502
      38       1.4314
      39       1.3499
      40       1.7893
      41       1.9439
      42       1.5753
      43       2.0600
      44       2.1228
      45       1.6545
      46       1.6335
      47       1.5601
      48       2.4331
      49       2.0309
      50       1.7189
      51       1.4930
      52       1.0759
      53       1.6847
      54       2.0724
      55       1.1383
      56       1.2785
      57       2.1061
      58       1.8017
      59       1.9934
      60       1.4159
      61       1.4759
      62       2.0379
      63       1.5822
      64       1.4834
      65       1.7281
      66       1.2548
      67       1.2349
      68       1.4210
      69       1.8684
      70       1.1077
      71       1.6930
      72       1.6168
      73       1.8841
      74       1.6811
      75       1.2384
      76       1.0476
      77       0.9677
      78       1.3947
      79       1.7011
      80       1.8391
      81       1.9012
      82       2.2034
      83       1.7886
      84       1.7763
      85       1.5158
      86       1.5788
      87       1.5918
      88       1.7546
      89       1.6711
      90       1.8079
      91       1.7627
      92       1.7766
      93       1.4909
      94       2.1542
      95       1.7774
      96       1.7832
      97       1.7903
      98       2.0827
      99       1.6042
     100       1.2479
     101       1.4761
     102       1.2411
     103       1.4090
     104       1.8987
     105       1.6084
     106       1.5972
     107       1.7955
     108       1.9318
     109       1.8957
     110       1.7236
     111       2.1228
     112       1.6505
     113       1.6239
     114       1.8149
     115       1.3427
     116       1.5314
     117       2.1691
     118       1.8485
     119       2.1344
     120       2.5939
     121       2.3686
     122       1.6584
     123       1.5973
     124       1.8614
     125       1.8912
     126       1.7553
     127       1.9553
     128       1.4309
     129       1.5312
     130       1.6481
     131       1.6446
     132       1.6704
     133       1.8981
     134       2.3635
     135       2.0677
     136       1.8708
     137       1.8098
     138       1.4748
     139       1.9316
     140       1.2966
     141       2.1221
     142       1.8647
     143       2.3344
     144       2.2773
     145       2.0759
     146       1.8526
     147       1.6105
     148       2.6187
     149       1.6468
     150       1.3054
     151       1.9728
     152       2.1638
     153       2.3425
     154       2.3695
     155       2.3896
     156       2.7562
     157       1.3683
     158       2.0947
     159       1.8632
     160       1.4717
     161       1.5912
     162       1.6223
     163       1.5230
     164       1.3045
     165       1.4634
     166       1.4863
     167       1.5231
     168       1.6770
     169       1.7582
     170       1.9466
     171       1.4273
     172       1.4606
     173       1.7893
     174       1.0952
     175       1.7112
     176       1.6088
     177       1.4901
     178       1.3701
     179       1.3267
     180       1.4529
     181       1.2539
     182       1.0695
     183       1.1780
     184       1.8360
     185       1.9327
     186       1.6520
     187       1.8318
     188       1.6473
     189       1.6560
     190       1.7058
     191       1.2328
     192       2.3356
     193       1.9882
     194       1.9357
     195       1.2184
     196       1.3632
     197       1.4076
     198       1.7063
     199       1.7670
     200       1.1908
     201       1.3811
     202       1.8059
     203       1.3904
     204       2.0839
     205       1.7543
     206       1.7870
     207       2.0332
     208       1.5553
     209       1.5366
     210       1.9268
     211       1.4149
     212       1.2189
     213       1.3646
     214       1.8208
     215       1.8668
     216       1.8949
     217       1.7672
     218       1.4917
     219       1.2298
     220       1.4401
     221       2.0803
     222       2.1962
     223       1.2449
     224       1.0100
     225       1.4536
     226       1.2532
     227       1.3764
     228       1.6574
     229       2.0128
     230       1.3256
     231       1.7970
     232       1.9774
     233       2.2237
     234       2.2693
     235       1.2186
     236       1.8128
     237       1.5896
     238       1.3472
     239       1.4988
     240       1.6982
     241       1.0564
     242       1.6922
     243       1.5627
     244       2.0302
     245       1.4408
     246       1.6295
     247       1.5451
     248       1.5513
     249       1.6052
     250       1.4691
     251       1.8729
     252       2.2902
     253       1.6697
     254       1.4008
     255       1.8431
     256       1.4817
     257       1.5238
     258       1.2195
     259       1.0812
     260       2.0568
     261       1.9916
     262       1.5300
     263       1.7125
     264       1.6945
     265       1.1771
     266       2.0142
     267       1.8551
     268       1.6862
     269       1.6280
     270       1.2929
     271       2.1048
     272       1.6953
     273       1.9517
     274       1.8661
     275       1.9324
     276       1.8210
     277       1.5157
     278       1.7132
     279       2.0512
     280       1.3740
     281       1.5494
     282       1.7199
     283       1.4066
     284       1.4535
     285       1.4801
     286       1.5461
     287       1.0578
     288       1.3199
     289       2.2750
     290       0.9691
     291       1.0085
     292       1.4435
     293       1.3232
     294       1.1489
     295       1.2731
     296       1.6112
     297       1.1112
     298       1.3326
     299       1.3477
     300       2.0418
     301       1.7002
     302       1.3411
     303       1.0475
     304       1.3837
     305       1.6732
     306       2.0260
     307       1.6782
     308       2.0406
     309       1.7156
     310       1.8683
     311       1.5768
     312       2.0528
     313       1.6746
     314       1.6936
     315       2.0418
     316       1.4920
     317       1.4203
     318       1.4679
     319       2.1790
     320       1.6921
     321       2.4304
     322       2.2913
     323       1.5900
     324       2.0437
     325       1.9795
     326       2.0410
     327       1.9703
     328       1.7693
     329       1.5794
     330       1.6243
     331       2.1108
     332       1.4462
     333       1.6885
     334       1.4674
     335       1.2491
     336       1.8168
     337       1.0540
     338       1.5305
     339       1.6627
     340       1.7518
     341       1.4056
     342       1.4385
     343       2.0208
     344       1.6047
     345       1.7057
     346       1.7645
     347       1.8915
     348       1.9883
     349       2.1662
     350       1.3899
     351       2.1630
     352       2.3912
     353       1.6533
     354       2.0019
     355       1.9514
     356       2.1032
     357       1.8377
     358       2.1322
     359       1.6334
     360       2.1187
     361       2.3749
     362       2.4341
     363       2.0953
     364       1.8299
     365       1.7421
     366       2.0792
     367       2.1870
     368       1.9932
     369       2.1789
     370       2.2348
     371       2.1714
     372       2.2458
     373       2.3736
     374       2.0842
     375       1.9174
     376       2.1369
     377       1.9833
     378       2.2165
     379       2.3301
     380       1.9971
     381       2.1341
     382       2.1432
     383       1.8742
     384       2.4465
     385       2.2688
     386       1.8178
     387       2.0198
     388       2.3449
     389       2.0938
     390       2.0838
     391       2.2123
     392       1.9561
     393       2.3760
     394       2.3959
     395       2.0624
     396       1.8302
     397       1.8030
     398       2.3091
     399       2.3443
     400       2.6301
     401       2.0613
     402       2.4146
     403       2.3974
     404       2.1550
     405       2.0572
     406       2.3057
     407       1.8588
     408       1.9735
     409       1.7827
     410       2.2370
     411       2.6147
     412       1.4505
     413       1.9880
     414       2.5028
     415       1.9611
     416       2.0447
     417       1.6698
     418       1.8048
     419       1.9311
     420       2.1810
     421       2.0585
     422       2.1233
     423       2.2553
     424       2.0408
     425       1.7255
     426       2.1372
     427       2.0429
     428       2.0756
     429       1.6605
     430       1.6345
     431       1.8368
     432       2.2008
     433       2.5289
     434       1.9556
     435       2.2765
     436       2.1596
     437       2.2676
     438       2.1559
     439       2.1423
     440       2.1431
     441       2.0643
     442       1.3580
     443       1.8049
     444       1.8238
     445       1.9650
     446       2.3696
     447       1.9910
     448       1.9212
     449       2.0945
     450       2.0396
     451       2.0327
     452       2.3360
     453       2.0650
     454       2.1446
     455       2.0501
     456       1.7932
     457       2.2409
     458       1.9176
     459       2.0712
     460       2.0260
     461       1.9817
     462       1.8602
     463       2.0533
     464       2.0457
     465       1.8035
     466       1.8464
     467       2.0963
     468       1.8666
     469       2.0102
     470       1.9735
     471       2.0408
     472       1.8657
     473       1.6492
     474       1.9749
     475       2.1000
     476       2.0090
     477       2.1447
     478       2.1344
     479       2.1411
     480       2.0906
     481       2.3767
     482       1.6463
     483       1.8333
     484       2.0385
     485       2.1700
     486       2.1640
     487       2.3698
     488       2.4947
     489       2.6152
     490       1.9924
     491       2.0995
     492       2.2324
     493       1.9906
     494       1.7410
     495       1.6710
     496       1.9237
     497       1.4661
     498       1.7433
     499       1.8202
     500       2.2675
     501       2.0393
     502       2.4458
     503       2.1714
     504       1.9145
     505       1.8535
     506       1.8926
     507       2.1081
     508       1.9224
     509       1.2954
     510       1.5810
     511       1.9337
     512       1.8200
     513       2.2798
     514       1.9993
     515       1.9340
     516       2.1511
     517       2.3890
     518       2.3600
     519       2.3466
     520       2.0939
     521       1.9316
     522       2.2535
     523       2.1171
     524       1.7739
     525       2.0568
     526       1.8182
     527       1.2996
     528       2.3022
     529       1.8510
     530       1.8321
     531       2.1677
     532       1.2613
     533       2.0838
     534       1.9623
     535       2.4206
     536       2.2419
     537       2.4761
     538       1.8720
     539       1.9952
     540       2.2559
     541       2.1813
     542       2.4614
     543       1.9081
     544       2.2433
     545       2.1668
     546       2.2726
     547       1.9179
     548       2.1952
     549       2.9753
     550       2.4150
     551       1.5783
     552       2.1284
     553       2.3153
     554       2.3147
     555       1.8646
     556       2.2826
     557       2.2737
     558       2.4639
     559       2.3795
     560       2.5575
     561       1.6891
     562       2.0494
     563       2.0151
     564       2.3132
     565       2.0578
     566       2.1468
     567       0.8552
     568       1.9679
     569       2.6766
     570       2.2497
     571       2.3922
     572       2.3230
     573       1.8526
     574       1.4543
     575       1.8182
     576       1.4577
     577       2.1484
     578       1.6368
     579       2.0823
     580       2.1210
     581       2.1748
     582       1.8516
     583       1.4096
     584       2.3171
     585       2.2272
     586       2.2337
     587       2.0144
     588       1.7288
     589       2.1740
     590       1.7434
     591       1.5182
     592       1.6495
     593       1.7066
     594       1.9619
     595       2.0218
     596       1.7322
     597       1.3277
     598       2.0784
     599       1.5819
     600       2.1430
     601       2.1710
     602       1.7329
     603       1.3817
     604       1.6625
     605       2.0553
     606       2.1491
     607       2.0830
     608       2.2950
     609       1.9929
     610       1.5179
     611       1.5519
     612       1.7836
     613       1.7126
     614       2.2426
     615       1.9861
     616       2.0356
     617       1.9104
     618       1.6482
     619       2.3936
     620       2.2005
     621       1.6202
     622       1.6843
     623       1.7299
     624       1.9437
     625       1.8765
     626       1.8175
     627       1.6509
     628       1.5326
     629       1.9143
     630       1.5708
     631       1.3562
     632       1.2484
     633       1.4643
     634       2.1831
     635       1.5214
     636       1.8401
     637       1.9820
     638       1.5102
     639       2.4408
     640       2.2721
     641       1.8831
     642       2.1551
     643       2.2639
     644       2.1153
     645       2.3769
     646       2.1109
     647       2.7292
     648       2.4714
     649       1.8180
     650       1.9792
     651       2.0475
     652       1.9118
     653       2.1272
     654       1.9948
     655       2.3166
     656       2.0936
     657       1.9377
     658       1.5245
     659       1.3568
     660       1.4240
     661       2.0644
     662       1.8976
     663       2.4306
     664       1.6577
     665       1.5007
     666       1.5661
     667       1.7122
     668       1.8445
     669       2.4939
     670       1.7602
     671       1.5380
     672       1.5936
     673       1.7715
     674       1.5706
     675       1.6454
     676       2.0976
     677       1.3372
     678       1.6901
     679       1.5437
     680       1.8261
     681       1.5214
     682       1.9252
     683       1.6723
     684       1.8918
     685       2.2672
     686       1.9500
     687       2.1001
     688       2.5414
     689       2.4755
     690       2.4108
     691       1.9816
     692       1.6329
     693       1.8375
     694       1.7049
     695       1.7908
     696       1.6817
     697       1.5238
     698       1.4926
     699       1.8972
     700       2.0058
     701       1.6713
     702       1.2912
     703       1.4571
     704       1.9530
     705       1.1880
     706       1.9786
     707       1.7819
     708       1.6099
     709       1.5817
     710       1.7465
     711       1.9744
     712       1.4410
     713       1.5332
     714       1.2849
     715       1.7451
     716       1.5100
     717       1.7629
     718       1.8457
     719       1.7452
     720       1.6350
     721       1.6067
     722       1.7096
     723       1.7207
     724       1.4167
     725       2.0259
     726       1.8118
     727       1.8998
     728       1.5169
     729       2.4574
     730       1.6271
     731       1.6787
     732       2.2361
     733       1.8758
     734       1.8510
     735       1.6972
     736       1.7821
     737       2.2674
     738       2.2172
     739       2.1119
     740       2.0877
     741       1.6170
     742       2.2092
     743       1.7418
     744       1.4469
     745       1.9985
     746       2.1723
     747       2.2461
     748       1.8170
     749       1.7725
     750       2.0394
     751       1.7685
     752       1.9179
     753       1.8772
     754       1.9164
     755       1.6866
     756       1.7092
     757       1.7514
     758       2.4076
     759       2.4411
     760       1.8653
     761       2.3671
     762       2.1207
     763       2.2105
     764       1.9352
     765       2.2218
     766       2.8346
     767       2.5049
     768       2.5285
     769       2.5318
     770       2.1179
     771       1.8810
     772       1.8800
     773       2.1497
     774       1.8206
     775       2.2282
     776       1.8721
     777       2.2991
     778       2.1294
     779       1.8609
     780       1.9846
     781       2.1574
     782       2.5557
     783       1.7907
     784       1.5675
     785       2.1727
     786       1.6226
     787       1.9992
     788       1.6721
     789       2.2111
     790       2.0954
     791       2.7892
     792       2.1338
     793       2.5219
     794       2.4596
     795       2.3694
     796       2.5921
     797       2.7675
     798       2.3514
     799       2.0515
     800       2.1188
     801       2.3543
     802       2.3636
     803       1.7654
     804       2.4541
     805       2.2534
     806       2.6107
     807       2.1866
     808       2.2141
     809       2.0382
     810       1.5762
     811       2.2089
     812       2.2048
     813       2.3988
     814       2.4201
     815       1.8617
     816       2.1754
     817       2.4796
     818       2.3462
     819       2.1881
     820       2.1114
     821       2.3960
     822       2.1883
     823       2.1072
     824       2.4048
     825       2.4159
     826       2.4980
     827       2.5394
     828       2.1230
     829       2.2349
     830       2.4222
     831       2.4729
     832       2.3554
     833       2.3483
     834       2.5071
     835       2.5550
     836       2.7335
     837       2.4687
     838       2.5126
     839       2.9158
     840       2.5518
     841       2.2747
     842       2.9368
     843       2.4363
     844       2.9480
     845       2.4705
     846       1.8573
     847       2.7821
     848       2.6424
     849       2.5450
     850       2.2679
     851       2.3016
     852       1.7771
     853       2.0423
     854       2.0960
     855       1.5497
     856       2.2501
     857       1.6625
     858       2.4247
     859       1.8211
     860       1.5021
     861       1.4371
     862       2.1163
     863       1.3841
     864       1.7880
     865       1.1459
     866       2.1990
     867       1.9407
     868       1.8949
     869       1.9229
     870       1.8994
     871       1.8348
     872       2.3359
     873       1.3646
     874       2.3509
     875       1.4592
     876       2.4268
     877       1.7726
     878       2.0694
     879       1.7123
     880       2.2464
     881       2.2516
     882       2.0434
     883       1.4792
     884       2.2771
     885       1.9879
     886       1.8856
     887       1.8940
     888       1.8762
     889       1.7964
     890       2.6000
     891       1.6578
     892       1.4377
     893       1.7609
     894       2.2305
     895       1.9764
     896       1.8910
     897       2.3817
     898       2.3815
     899       2.4324
     900       1.8384
     901       1.3256
     902       1.3087
     903       2.1573
     904       2.2636
     905       1.6154
     906       1.2935
     907       2.1833
     908       1.2325
     909       1.3266
     910       2.2005
     911       1.8124
     912       1.3679
     913       2.1223
     914       2.0831
     915       1.6465
     916       1.7039
     917       2.1530
     918       1.6304
     919       2.2543
     920       2.3730
     921       2.4282
     922       2.6779
     923       2.3868
     924       2.0118
     925       1.7105
     926       2.4031
     927       1.8897
     928       2.2102
     929       2.0253
     930       1.5127
     931       1.7805
     932       1.8274
     933       2.4736
     934       2.4377
     935       2.0671
     936       1.7625
     937       1.9674
     938       1.8321
     939       2.3220
     940       1.9254
     941       2.0097
     942       1.9757
     943       1.6806
     944       1.6229
     945       2.5585
     946       2.5279
     947       1.6217
     948       2.0432
     949       3.4818
     950       2.3795
     951       2.7031
     952       2.4396
     953       2.7298
     954       2.3603
     955       2.0606
     956       1.7365
     957       1.4353
     958       1.6880
     959       1.8860
     960       1.9842
     961       2.2080
     962       2.3356
     963       1.4613
     964       1.6909
     965       2.1393
     966       1.9536
     967       2.0398
     968       2.1508
     969       2.3714
     970       2.3685
     971       2.8690
     972       2.9870
     973       3.6907
     974       3.2981
     975       2.8654
     976       2.9314
     977       3.0669
     978       3.1189
     979       3.4703
     980       3.4568
     981       2.3583
     982       2.8246
     983       3.4323
     984       3.2909
     985       3.3374
     986       2.8636
     987       2.6871
     988       1.6952
     989       1.6880
     990       1.4967
     991       2.4085
     992       2.3780
     993       3.0893
     994       2.3105
     995       3.0413
     996       2.4674
     997       2.2569
     998       1.5684
     999       2.2289
    1000       2.7736
