#Frame         fadrms
       1       0.0000
       2       0.4152
       3       0.3305
       4       0.4073
       5       0.3846
       6       0.5087
       7       0.3897
       8       0.3432
       9       0.2192
      10       0.3230
      11       0.2805
      12       0.2498
      13       0.2364
      14       0.3060
      15       0.3329
      16       0.3078
      17       0.3483
      18       0.2992
      19       0.4194
      20       0.4176
      21       0.4831
      22       0.3998
      23       0.4408
      24       0.4609
      25       0.3931
      26       0.4760
      27       0.3869
      28       0.3568
      29       0.3556
      30       0.3337
      31       0.4096
      32       0.3335
      33       0.3216
      34       0.3403
      35       0.4401
      36       0.4174
      37       0.3883
      38       0.4021
      39       0.4503
      40       0.3657
      41       0.4403
      42       0.4483
      43       0.3076
      44       0.2938
      45       0.3634
      46       0.4192
      47       0.4568
      48       0.4147
      49       0.4410
      50       0.4388
      51       0.3869
      52       0.4658
      53       0.5463
      54       0.4251
      55       0.3985
      56       0.5085
      57       0.4264
      58       0.4142
      59       0.3671
      60       0.3899
      61       0.3655
      62       0.4049
      63       0.3790
      64       0.4300
      65       0.6561
      66       0.4161
      67       0.4235
      68       0.3967
      69       0.5023
      70       0.3930
      71       0.5431
      72       0.3756
      73       0.4175
      74       0.3191
      75       0.3940
      76       0.4809
      77       0.4250
      78       0.4070
      79       0.4097
      80       0.4265
      81       0.4158
      82       0.4152
      83       0.4404
      84       0.3906
      85       0.4321
      86       0.4295
      87       0.4393
      88       0.5226
      89       0.6538
      90       0.5075
      91       0.4458
      92       0.5103
      93       0.4387
      94       0.4838
      95       0.4575
      96       0.5729
      97       0.4444
      98       0.4767
      99       0.4219
     100       0.4789
     101       0.5304
     102       0.4949
     103       0.5146
     104       0.4682
     105       0.3954
     106       0.4778
     107       0.4539
     108       0.4362
     109       0.4390
     110       0.3767
     111       0.4194
     112       0.4231
     113       0.5350
     114       0.4810
     115       0.4561
     116       0.5063
     117       0.4913
     118       0.5075
     119       0.5276
     120       0.6364
     121       0.5954
     122       0.5738
     123       0.5967
     124       0.5741
     125       0.4977
     126       0.4633
     127       0.4639
     128       0.4310
     129       0.5099
     130       0.4290
     131       0.4919
     132       0.4219
     133       0.5035
     134       0.4155
     135       0.5378
     136       0.4830
     137       0.4369
     138       0.4246
     139       0.5386
     140       0.4879
     141       0.4236
     142       0.4236
     143       0.4712
     144       0.4945
     145       0.5671
     146       0.4355
     147       0.3439
     148       0.3648
     149       0.4174
     150       0.3065
     151       0.3369
     152       0.3469
     153       0.3118
     154       0.3801
     155       0.3605
     156       0.3615
     157       0.3816
     158       0.4151
     159       0.4303
     160       0.3755
     161       0.3804
     162       0.3967
     163       0.4949
     164       0.3772
     165       0.3677
     166       0.3228
     167       0.3966
     168       0.4482
     169       0.4697
     170       0.4639
     171       0.3904
     172       0.3276
     173       0.4231
     174       0.4274
     175       0.4767
     176       0.4923
     177       0.4578
     178       0.3992
     179       0.3759
     180       0.3002
     181       0.4902
     182       0.4089
     183       0.3851
     184       0.4064
     185       0.4100
     186       0.4013
     187       0.4912
     188       0.3222
     189       0.3391
     190       0.2974
     191       0.3350
     192       0.4127
     193       0.3411
     194       0.3205
     195       0.3671
     196       0.3670
     197       0.4116
     198       0.2774
     199       0.3686
     200       0.3285
     201       0.4685
     202       0.4209
     203       0.4865
     204       0.5317
     205       0.4897
     206       0.5425
     207       0.6237
     208       0.5075
     209       0.5115
     210       0.5008
     211       0.5926
     212       0.5350
     213       0.4999
     214       0.3914
     215       0.4528
     216       0.4963
     217       0.4727
     218       0.5079
     219       0.5176
     220       0.5135
     221       0.5445
     222       0.6666
     223       0.6457
     224       0.6001
     225       0.5403
     226       0.6125
     227       0.6368
     228       0.6766
     229       0.6112
     230       0.5561
     231       0.5810
     232       0.4864
     233       0.5630
     234       0.5053
     235       0.5245
     236       0.4585
     237       0.5282
     238       0.4121
     239       0.4756
     240       0.5214
     241       0.4939
     242       0.4309
     243       0.4944
     244       0.4832
     245       0.4530
     246       0.4862
     247       0.4627
     248       0.4923
     249       0.4322
     250       0.4810
     251       0.4753
     252       0.5918
     253       0.3429
     254       0.3678
     255       0.3625
     256       0.3853
     257       0.4336
     258       0.4844
     259       0.4593
     260       0.4835
     261       0.4572
     262       0.5545
     263       0.5464
     264       0.4904
     265       0.5519
     266       0.5142
     267       0.4797
     268       0.4656
     269       0.4310
     270       0.4231
     271       0.4664
     272       0.4285
     273       0.4077
     274       0.4315
     275       0.3662
     276       0.3748
     277       0.3847
     278       0.4075
     279       0.4682
     280       0.4364
     281       0.3980
     282       0.4047
     283       0.3346
     284       0.3587
     285       0.3408
     286       0.3272
     287       0.3228
     288       0.3462
     289       0.3632
     290       0.4383
     291       0.4832
     292       0.3907
     293       0.4856
     294       0.4638
     295       0.3765
     296       0.3659
     297       0.3208
     298       0.3405
     299       0.4136
     300       0.3632
     301       0.5111
     302       0.4110
     303       0.3639
     304       0.4560
     305       0.3103
     306       0.3786
     307       0.3818
     308       0.5053
     309       0.5688
     310       0.5722
     311       0.3809
     312       0.4278
     313       0.4493
     314       0.3634
     315       0.4221
     316       0.5845
     317       0.5547
     318       0.4822
     319       0.4701
     320       0.4451
     321       0.4005
     322       0.4688
     323       0.4581
     324       0.4142
     325       0.4850
     326       0.3675
     327       0.4886
     328       0.5506
     329       0.5233
     330       0.4386
     331       0.4481
     332       0.4279
     333       0.3696
     334       0.4599
     335       0.4885
     336       0.4909
     337       0.4828
     338       0.5129
     339       0.4583
     340       0.4275
     341       0.3927
     342       0.3162
     343       0.3131
     344       0.4123
     345       0.4697
     346       0.3874
     347       0.3978
     348       0.4843
     349       0.4564
     350       0.5201
     351       0.4747
     352       0.4444
     353       0.4713
     354       0.4696
     355       0.5740
     356       0.4154
     357       0.5240
     358       0.6094
     359       0.5376
     360       0.5826
     361       0.5676
     362       0.5935
     363       0.5381
     364       0.5669
     365       0.5094
     366       0.4407
     367       0.4556
     368       0.4376
     369       0.5125
     370       0.4473
     371       0.4125
     372       0.5322
     373       0.5440
     374       0.4785
     375       0.3950
     376       0.4008
     377       0.3959
     378       0.3670
     379       0.3240
     380       0.3936
     381       0.3493
     382       0.3735
     383       0.4049
     384       0.3475
     385       0.3668
     386       0.4430
     387       0.3993
     388       0.4801
     389       0.4864
     390       0.4864
     391       0.4553
     392       0.3692
     393       0.3504
     394       0.4189
     395       0.4293
     396       0.4616
     397       0.4940
     398       0.4462
     399       0.3812
     400       0.5070
     401       0.4724
     402       0.4547
     403       0.3999
     404       0.4159
     405       0.4924
     406       0.4596
     407       0.4087
     408       0.4623
     409       0.3978
     410       0.4744
     411       0.4559
     412       0.4228
     413       0.4689
     414       0.3830
     415       0.5040
     416       0.5142
     417       0.4840
     418       0.4752
     419       0.4311
     420       0.5014
     421       0.4591
     422       0.4056
     423       0.4157
     424       0.5735
     425       0.4153
     426       0.3937
     427       0.5021
     428       0.4905
     429       0.5277
     430       0.4940
     431       0.5797
     432       0.6332
     433       0.5607
     434       0.5549
     435       0.5696
     436       0.4869
     437       0.4879
     438       0.5446
     439       0.6221
     440       0.5657
     441       0.5897
     442       0.5729
     443       0.6255
     444       0.6668
     445       0.6966
     446       0.5587
     447       0.5334
     448       0.7536
     449       0.6447
     450       0.6867
     451       0.5254
     452       0.5467
     453       0.5875
     454       0.5057
     455       0.4689
     456       0.5082
     457       0.5070
     458       0.5562
     459       0.4232
     460       0.4888
     461       0.4668
     462       0.4620
     463       0.4260
     464       0.5031
     465       0.5025
     466       0.4626
     467       0.5993
     468       0.4407
     469       0.5121
     470       0.4639
     471       0.4540
     472       0.3719
     473       0.3781
     474       0.3859
     475       0.3588
     476       0.4253
     477       0.5627
     478       0.4869
     479       0.5451
     480       0.4705
     481       0.5157
     482       0.4785
     483       0.3928
     484       0.4580
     485       0.3921
     486       0.3877
     487       0.4604
     488       0.3957
     489       0.3931
     490       0.4222
     491       0.4504
     492       0.3780
     493       0.3485
     494       0.4491
     495       0.5509
     496       0.6068
     497       0.5640
     498       0.6091
     499       0.4920
     500       0.5393
     501       0.4780
     502       0.5795
     503       0.5584
     504       0.5613
     505       0.5042
     506       0.4864
     507       0.4875
     508       0.4999
     509       0.5284
     510       0.5469
     511       0.6458
     512       0.5883
     513       0.6341
     514       0.5924
     515       0.5543
     516       0.5651
     517       0.5984
     518       0.5674
     519       0.5037
     520       0.5717
     521       0.5979
     522       0.6421
     523       0.5161
     524       0.5141
     525       0.3365
     526       0.4017
     527       0.3945
     528       0.3259
     529       0.4152
     530       0.4772
     531       0.4963
     532       0.5538
     533       0.4970
     534       0.6606
     535       0.5181
     536       0.6435
     537       0.6299
     538       0.6690
     539       0.5449
     540       0.4674
     541       0.5039
     542       0.4186
     543       0.5044
     544       0.4968
     545       0.6027
     546       0.6060
     547       0.5525
     548       0.5641
     549       0.5531
     550       0.6230
     551       0.5261
     552       0.5279
     553       0.5609
     554       0.4671
     555       0.4433
     556       0.4655
     557       0.4942
     558       0.4192
     559       0.3953
     560       0.4527
     561       0.5335
     562       0.6795
     563       0.4377
     564       0.4444
     565       0.3726
     566       0.5650
     567       0.4379
     568       0.4336
     569       0.4444
     570       0.4732
     571       0.3300
     572       0.4236
     573       0.4104
     574       0.3046
     575       0.2849
     576       0.4483
     577       0.4247
     578       0.2952
     579       0.3914
     580       0.3410
     581       0.3478
     582       0.3085
     583       0.3607
     584       0.4054
     585       0.3384
     586       0.4544
     587       0.4585
     588       0.4567
     589       0.5113
     590       0.4015
     591       0.3370
     592       0.2842
     593       0.3357
     594       0.3418
     595       0.3569
     596       0.4575
     597       0.4879
     598       0.3766
     599       0.3975
     600       0.4722
     601       0.4109
     602       0.4817
     603       0.4945
     604       0.5112
     605       0.5058
     606       0.4179
     607       0.4068
     608       0.3679
     609       0.4651
     610       0.3549
     611       0.3717
     612       0.3793
     613       0.4565
     614       0.5529
     615       0.6694
     616       0.5617
     617       0.5210
     618       0.4518
     619       0.4756
     620       0.4747
     621       0.3436
     622       0.4542
     623       0.4291
     624       0.5112
     625       0.4197
     626       0.4812
     627       0.5721
     628       0.4451
     629       0.4055
     630       0.3647
     631       0.3926
     632       0.5290
     633       0.3550
     634       0.4144
     635       0.3497
     636       0.2892
     637       0.3222
     638       0.3840
     639       0.4656
     640       0.4166
     641       0.4098
     642       0.3477
     643       0.3534
     644       0.3567
     645       0.4347
     646       0.5447
     647       0.4037
     648       0.4554
     649       0.4176
     650       0.4161
     651       0.4668
     652       0.4474
     653       0.3858
     654       0.3400
     655       0.3983
     656       0.4658
     657       0.4033
     658       0.4042
     659       0.2769
     660       0.3905
     661       0.4741
     662       0.4745
     663       0.3420
     664       0.4013
     665       0.3120
     666       0.3972
     667       0.4494
     668       0.5264
     669       0.3702
     670       0.4367
     671       0.2783
     672       0.3954
     673       0.4580
     674       0.4810
     675       0.5634
     676       0.3360
     677       0.3716
     678       0.4950
     679       0.3817
     680       0.3735
     681       0.3675
     682       0.3948
     683       0.4112
     684       0.4588
     685       0.5229
     686       0.4217
     687       0.3425
     688       0.3567
     689       0.4798
     690       0.4585
     691       0.4807
     692       0.3689
     693       0.4461
     694       0.5340
     695       0.5533
     696       0.6770
     697       0.5663
     698       0.4594
     699       0.4055
     700       0.4271
     701       0.4150
     702       0.4720
     703       0.5584
     704       0.5822
     705       0.5537
     706       0.5907
     707       0.5293
     708       0.5294
     709       0.4556
     710       0.5259
     711       0.5209
     712       0.5845
     713       0.5172
     714       0.4751
     715       0.4766
     716       0.4747
     717       0.3914
     718       0.4208
     719       0.3969
     720       0.4911
     721       0.3728
     722       0.5027
     723       0.4356
     724       0.4146
     725       0.3776
     726       0.4098
     727       0.4120
     728       0.3983
     729       0.5550
     730       0.5250
     731       0.4141
     732       0.4537
     733       0.4544
     734       0.4675
     735       0.4962
     736       0.6094
     737       0.5300
     738       0.6013
     739       0.4235
     740       0.4609
     741       0.4301
     742       0.3711
     743       0.4962
     744       0.5671
     745       0.6138
     746       0.5859
     747       0.5545
     748       0.5663
     749       0.4951
     750       0.4756
     751       0.6429
     752       0.4965
     753       0.4790
     754       0.5898
     755       0.6107
     756       0.5464
     757       0.4807
     758       0.4535
     759       0.5171
     760       0.4676
     761       0.4198
     762       0.4076
     763       0.4615
     764       0.5143
     765       0.3866
     766       0.3885
     767       0.3375
     768       0.4436
     769       0.3391
     770       0.3411
     771       0.3954
     772       0.4679
     773       0.4242
     774       0.3727
     775       0.3313
     776       0.4330
     777       0.4003
     778       0.4471
     779       0.5530
     780       0.5092
     781       0.4415
     782       0.3869
     783       0.5152
     784       0.4018
     785       0.3892
     786       0.5173
     787       0.4756
     788       0.4766
     789       0.4552
     790       0.4506
     791       0.4222
     792       0.3528
     793       0.4694
     794       0.4102
     795       0.3206
     796       0.3255
     797       0.3198
     798       0.5134
     799       0.4044
     800       0.3810
     801       0.4170
     802       0.3595
     803       0.2793
     804       0.2482
     805       0.2894
     806       0.3788
     807       0.2304
     808       0.2976
     809       0.3380
     810       0.3944
     811       0.4248
     812       0.2919
     813       0.3505
     814       0.2923
     815       0.3567
     816       0.4345
     817       0.4192
     818       0.3792
     819       0.3522
     820       0.3177
     821       0.5001
     822       0.3146
     823       0.3921
     824       0.4917
     825       0.4579
     826       0.3932
     827       0.3455
     828       0.3967
     829       0.3915
     830       0.4099
     831       0.5826
     832       0.4419
     833       0.4132
     834       0.4010
     835       0.4964
     836       0.4564
     837       0.4837
     838       0.5427
     839       0.3725
     840       0.3960
     841       0.4401
     842       0.4621
     843       0.3725
     844       0.3807
     845       0.3299
     846       0.3847
     847       0.4271
     848       0.4689
     849       0.4259
     850       0.3581
     851       0.3410
     852       0.3295
     853       0.3100
     854       0.3131
     855       0.3221
     856       0.3722
     857       0.4957
     858       0.4674
     859       0.5566
     860       0.5567
     861       0.4489
     862       0.4880
     863       0.4597
     864       0.3471
     865       0.3559
     866       0.3860
     867       0.3254
     868       0.4046
     869       0.4937
     870       0.4180
     871       0.3626
     872       0.4939
     873       0.4341
     874       0.4261
     875       0.3889
     876       0.4059
     877       0.5388
     878       0.6202
     879       0.5776
     880       0.4661
     881       0.4588
     882       0.4566
     883       0.4107
     884       0.3969
     885       0.4078
     886       0.3866
     887       0.3963
     888       0.4124
     889       0.4911
     890       0.3609
     891       0.3883
     892       0.3001
     893       0.4382
     894       0.3852
     895       0.3747
     896       0.3885
     897       0.3621
     898       0.4598
     899       0.2734
     900       0.3495
     901       0.4000
     902       0.3599
     903       0.4262
     904       0.4058
     905       0.3850
     906       0.3182
     907       0.3014
     908       0.3703
     909       0.4189
     910       0.4252
     911       0.3756
     912       0.3607
     913       0.4433
     914       0.3604
     915       0.3361
     916       0.2885
     917       0.3770
     918       0.3687
     919       0.3947
     920       0.3800
     921       0.3269
     922       0.3713
     923       0.3661
     924       0.4688
     925       0.5115
     926       0.4465
     927       0.4614
     928       0.4238
     929       0.5544
     930       0.4251
     931       0.4400
     932       0.4232
     933       0.3374
     934       0.3587
     935       0.4975
     936       0.3571
     937       0.3929
     938       0.3415
     939       0.4838
     940       0.4659
     941       0.4055
     942       0.4387
     943       0.4052
     944       0.4277
     945       0.4277
     946       0.4976
     947       0.4626
     948       0.4244
     949       0.4969
     950       0.4053
     951       0.5574
     952       0.4993
     953       0.5280
     954       0.5311
     955       0.4626
     956       0.3619
     957       0.3539
     958       0.3902
     959       0.4831
     960       0.4310
     961       0.4439
     962       0.4621
     963       0.4310
     964       0.4558
     965       0.5337
     966       0.4354
     967       0.4251
     968       0.4717
     969       0.5380
     970       0.5852
     971       0.5033
     972       0.6373
     973       0.6925
     974       0.6104
     975       0.4152
     976       0.3476
     977       0.4167
     978       0.4685
     979       0.5395
     980       0.5845
     981       0.5185
     982       0.4952
     983       0.5452
     984       0.5559
     985       0.7083
     986       0.6959
     987       0.6988
     988       0.5504
     989       0.4749
     990       0.5043
     991       0.5540
     992       0.5067
     993       0.6078
     994       0.7274
     995       0.6354
     996       0.5209
     997       0.5584
     998       0.5499
     999       0.5181
    1000       0.4965
