#Frame        fitcore
       1       0.0000
       2       0.6123
       3       0.5564
       4       0.6961
       5       0.6961
       6       0.6992
       7       0.7216
       8       0.7122
       9       0.6956
      10       0.6784
      11       0.7418
      12       0.7615
      13       0.7773
      14       0.7797
      15       0.7300
      16       0.8171
      17       0.8161
      18       0.7390
      19       0.8563
      20       0.8318
      21       0.8273
      22       0.7320
      23       0.7991
      24       0.7521
      25       0.7777
      26       0.7349
      27       0.7799
      28       0.7358
      29       0.7604
      30       0.7802
      31       0.7690
      32       0.7182
      33       0.7906
      34       0.7697
      35       0.7397
      36       0.7892
      37       0.8317
      38       0.8098
      39       0.8218
      40       0.7593
      41       0.7614
      42       0.8730
      43       0.7935
      44       0.8289
      45       0.8381
      46       0.9453
      47       0.8515
      48       0.8675
      49       0.8331
      50       0.9278
      51       0.8462
      52       0.8621
      53       0.8891
      54       0.9098
      55       0.8683
      56       0.8965
      57       0.8480
      58       0.9371
      59       0.8362
      60       0.8943
      61       0.8630
      62       0.8967
      63       0.9347
      64       0.9291
      65       0.9172
      66       0.9014
      67       0.8506
      68       0.8102
      69       0.9361
      70       0.8806
      71       0.9318
      72       0.8940
      73       1.0012
      74       0.9815
      75       0.9709
      76       0.9033
      77       0.9347
      78       1.0506
      79       1.0323
      80       1.0081
      81       0.9270
      82       0.8795
      83       0.8938
      84       0.9388
      85       0.9214
      86       1.0764
      87       1.0715
      88       1.0486
      89       1.0116
      90       1.0230
      91       1.0369
      92       1.0333
      93       1.0678
      94       0.9835
      95       1.0510
      96       1.0628
      97       1.0290
      98       1.0612
      99       1.1044
     100       0.9949
     101       0.9267
     102       0.9767
     103       0.9670
     104       1.0079
     105       1.0348
     106       1.0191
     107       1.0918
     108       0.9853
     109       0.9570
     110       0.9753
     111       1.0820
     112       0.9930
     113       1.0111
     114       1.0373
     115       1.0681
     116       0.9945
     117       0.9274
     118       0.9667
     119       0.9477
     120       0.9551
     121       0.8392
     122       0.8322
     123       0.9830
     124       0.9620
     125       1.0044
     126       1.0002
     127       1.0049
     128       0.9314
     129       0.8741
     130       0.9557
     131       0.8604
     132       0.9459
     133       0.9538
     134       0.9537
     135       0.9333
     136       0.9007
     137       0.9651
     138       0.9711
     139       0.9539
     140       0.8700
     141       0.8475
     142       0.8295
     143       0.8812
     144       0.8242
     145       0.9196
     146       0.8618
     147       0.9497
     148       0.8994
     149       0.9233
     150       0.9271
     151       1.0239
     152       0.9626
     153       0.8735
     154       0.8362
     155       0.9174
     156       0.9257
     157       0.8392
     158       0.9197
     159       0.8728
     160       0.8114
     161       0.8734
     162       0.8479
     163       0.9063
     164       0.8609
     165       0.9196
     166       0.9283
     167       1.0045
     168       0.9630
     169       0.9497
     170       0.9273
     171       0.8483
     172       0.8786
     173       0.8996
     174       0.8772
     175       0.8457
     176       0.8467
     177       0.8497
     178       0.9526
     179       0.9242
     180       0.9676
     181       0.9909
     182       0.9542
     183       0.9223
     184       0.9425
     185       0.9552
     186       0.9964
     187       0.9340
     188       0.9476
     189       1.0190
     190       0.9436
     191       1.0039
     192       0.9271
     193       0.8702
     194       0.8470
     195       0.9342
     196       0.8890
     197       0.8906
     198       0.9222
     199       0.9158
     200       0.9081
     201       0.8320
     202       0.8842
     203       0.8787
     204       0.8349
     205       0.8335
     206       0.8892
     207       0.8718
     208       0.9381
     209       0.8297
     210       0.8723
     211       0.8965
     212       0.8830
     213       0.8640
     214       0.8902
     215       0.9608
     216       1.0040
     217       1.0000
     218       0.9613
     219       0.9391
     220       0.9867
     221       1.0000
     222       1.0150
     223       1.0524
     224       0.9334
     225       0.8903
     226       0.8808
     227       0.9062
     228       0.9703
     229       0.9170
     230       0.9088
     231       0.9262
     232       1.0099
     233       0.9947
     234       0.9361
     235       0.9443
     236       0.9371
     237       0.9535
     238       0.9527
     239       0.9257
     240       0.9437
     241       0.8909
     242       0.9356
     243       0.9076
     244       0.9125
     245       0.9234
     246       0.9866
     247       0.9880
     248       0.9273
     249       0.8940
     250       0.9955
     251       1.0138
     252       1.0472
     253       0.9761
     254       0.8951
     255       0.8580
     256       0.9128
     257       0.9204
     258       0.8946
     259       0.9356
     260       0.8647
     261       0.8476
     262       0.9142
     263       0.9707
     264       1.0116
     265       0.8829
     266       0.8490
     267       0.8489
     268       0.8971
     269       0.9431
     270       0.9657
     271       0.9246
     272       0.9422
     273       0.9969
     274       0.9956
     275       1.0086
     276       1.0211
     277       1.0706
     278       1.0909
     279       1.1630
     280       1.0941
     281       0.9735
     282       0.9083
     283       0.9635
     284       0.9363
     285       0.9023
     286       0.9429
     287       0.9997
     288       0.9310
     289       0.8719
     290       0.8286
     291       0.8805
     292       0.9119
     293       0.8767
     294       0.9705
     295       0.8580
     296       0.8177
     297       0.8625
     298       0.8508
     299       0.8421
     300       0.8674
     301       0.8084
     302       0.8582
     303       0.8462
     304       0.9210
     305       0.8252
     306       0.9024
     307       0.9108
     308       0.9213
     309       0.8794
     310       1.0505
     311       0.9743
     312       0.9943
     313       0.9973
     314       1.0243
     315       1.0807
     316       1.0126
     317       1.0256
     318       0.9949
     319       1.0508
     320       0.9790
     321       1.0415
     322       0.9313
     323       1.0222
     324       1.0610
     325       1.0290
     326       0.9765
     327       1.0676
     328       0.9906
     329       0.9703
     330       0.8711
     331       0.9522
     332       0.8495
     333       0.9337
     334       0.9207
     335       0.9458
     336       0.9193
     337       0.8896
     338       0.8537
     339       0.9357
     340       0.9327
     341       0.9778
     342       0.9728
     343       0.9472
     344       0.8941
     345       0.9183
     346       0.9521
     347       0.9727
     348       0.9907
     349       1.0752
     350       0.9996
     351       0.9981
     352       1.0772
     353       1.0034
     354       0.9791
     355       1.0031
     356       0.9758
     357       1.0703
     358       1.0439
     359       1.1566
     360       1.1264
     361       1.1591
     362       1.1716
     363       1.1173
     364       1.0481
     365       1.0579
     366       0.9778
     367       0.9749
     368       1.0342
     369       1.0457
     370       1.1166
     371       1.0492
     372       1.0057
     373       0.9416
     374       0.9804
     375       1.0266
     376       1.0332
     377       1.0925
     378       1.1436
     379       1.0034
     380       1.0209
     381       1.0999
     382       0.9953
     383       1.0745
     384       1.1057
     385       1.0955
     386       1.0939
     387       1.1353
     388       1.0914
     389       1.0129
     390       1.0419
     391       1.1081
     392       1.1015
     393       1.1509
     394       1.1942
     395       1.1196
     396       1.1291
     397       1.1482
     398       1.1828
     399       1.1522
     400       1.1621
     401       1.0232
     402       1.1599
     403       1.1008
     404       1.0640
     405       1.1001
     406       1.1162
     407       1.0852
     408       1.0997
     409       1.0253
     410       1.0882
     411       1.1330
     412       1.0536
     413       1.0729
     414       1.0164
     415       1.0824
     416       1.0538
     417       1.0980
     418       1.0097
     419       0.9888
     420       1.0046
     421       1.0289
     422       0.9894
     423       1.0130
     424       1.0267
     425       0.9681
     426       0.9485
     427       0.9889
     428       1.0342
     429       0.9239
     430       0.9965
     431       1.0194
     432       1.0710
     433       1.0404
     434       1.0537
     435       1.0044
     436       1.1012
     437       1.0620
     438       1.0664
     439       1.1003
     440       0.9938
     441       1.1276
     442       1.0470
     443       1.1080
     444       1.2228
     445       1.1329
     446       1.0799
     447       1.1263
     448       1.1029
     449       1.1058
     450       1.0997
     451       1.1529
     452       1.0766
     453       1.1084
     454       1.0916
     455       1.0785
     456       1.0195
     457       1.0688
     458       1.0387
     459       0.9746
     460       1.1054
     461       1.0000
     462       1.0049
     463       1.0159
     464       0.9530
     465       1.0263
     466       1.0729
     467       0.9375
     468       0.9945
     469       0.9985
     470       1.0029
     471       0.9957
     472       0.9888
     473       1.0304
     474       1.0123
     475       1.0949
     476       1.0497
     477       1.0879
     478       1.0367
     479       1.0307
     480       0.9845
     481       1.0731
     482       1.0395
     483       1.0267
     484       1.0630
     485       1.0508
     486       1.0857
     487       0.9985
     488       1.0372
     489       1.0248
     490       1.0669
     491       1.1494
     492       1.0562
     493       1.0334
     494       1.0160
     495       1.0407
     496       1.0351
     497       1.1069
     498       1.1058
     499       1.1173
     500       1.0467
     501       1.0536
     502       1.1001
     503       1.0299
     504       1.0747
     505       1.0683
     506       1.1073
     507       1.1976
     508       1.1085
     509       1.0741
     510       1.1201
     511       1.0877
     512       1.1479
     513       1.2280
     514       1.1768
     515       1.0487
     516       1.0629
     517       1.0354
     518       1.0701
     519       1.0641
     520       1.1170
     521       1.1055
     522       1.1175
     523       1.0889
     524       1.0442
     525       1.0084
     526       1.0158
     527       0.9713
     528       1.0103
     529       1.0191
     530       1.0321
     531       1.1290
     532       1.0734
     533       1.0332
     534       1.0825
     535       1.1520
     536       1.0860
     537       1.1371
     538       1.1060
     539       1.0449
     540       0.9998
     541       1.0503
     542       1.0277
     543       1.0747
     544       1.0618
     545       1.1384
     546       1.1073
     547       1.0677
     548       1.1710
     549       1.1583
     550       1.1198
     551       1.1399
     552       1.1651
     553       1.2075
     554       1.1838
     555       1.1498
     556       1.1853
     557       1.1609
     558       1.1006
     559       1.0951
     560       1.1681
     561       1.0627
     562       1.1556
     563       1.0592
     564       1.0240
     565       1.1405
     566       1.0813
     567       1.0393
     568       1.0390
     569       1.0233
     570       0.9648
     571       0.9631
     572       1.0129
     573       1.0278
     574       1.0070
     575       1.0281
     576       1.0484
     577       1.0076
     578       0.9952
     579       1.0022
     580       0.9284
     581       0.9559
     582       0.9842
     583       0.9615
     584       0.9657
     585       1.0327
     586       1.0403
     587       1.0016
     588       1.0299
     589       1.0791
     590       1.0078
     591       1.0153
     592       1.0331
     593       1.0298
     594       0.9658
     595       0.9610
     596       0.9594
     597       0.9486
     598       0.9982
     599       0.9878
     600       1.0276
     601       1.0053
     602       1.0411
     603       1.0799
     604       0.9945
     605       0.9907
     606       0.9811
     607       0.9572
     608       1.0755
     609       1.0421
     610       1.0096
     611       0.9934
     612       0.9927
     613       0.9895
     614       1.0052
     615       1.0303
     616       1.0152
     617       1.1356
     618       1.1363
     619       1.1205
     620       1.1019
     621       1.0786
     622       1.0630
     623       1.0484
     624       1.0173
     625       1.0280
     626       0.9958
     627       1.1300
     628       1.0869
     629       1.0622
     630       1.0543
     631       1.0131
     632       0.9900
     633       1.0999
     634       1.1053
     635       1.0397
     636       1.0132
     637       1.0478
     638       1.1315
     639       1.0679
     640       1.1315
     641       1.1030
     642       1.1136
     643       1.1052
     644       1.1424
     645       1.0351
     646       1.0802
     647       1.0505
     648       1.0539
     649       1.0494
     650       1.1087
     651       1.0201
     652       1.1257
     653       1.0810
     654       1.0899
     655       1.1387
     656       1.1566
     657       1.0729
     658       0.9994
     659       1.0785
     660       1.0286
     661       1.1758
     662       1.1350
     663       1.2110
     664       1.0984
     665       1.0271
     666       1.1334
     667       1.0774
     668       1.0730
     669       1.0293
     670       1.0548
     671       1.0846
     672       1.0586
     673       1.0668
     674       1.0934
     675       1.0082
     676       1.0625
     677       1.0431
     678       1.0698
     679       1.0100
     680       1.0138
     681       1.0884
     682       1.0666
     683       1.1264
     684       1.1685
     685       1.0607
     686       1.0702
     687       1.0335
     688       0.9919
     689       1.0143
     690       1.0215
     691       1.0748
     692       1.0295
     693       1.0477
     694       1.0915
     695       1.1064
     696       1.1542
     697       1.1398
     698       1.1119
     699       1.0879
     700       1.1233
     701       1.1290
     702       1.1120
     703       1.1600
     704       1.2260
     705       1.1349
     706       1.2255
     707       1.2040
     708       1.1559
     709       1.1825
     710       1.1124
     711       1.2630
     712       1.1433
     713       1.1570
     714       1.1385
     715       1.1778
     716       1.1192
     717       1.1569
     718       1.1344
     719       1.1354
     720       1.0733
     721       1.1398
     722       1.0425
     723       1.0435
     724       1.0349
     725       1.1309
     726       1.0405
     727       1.1640
     728       1.1643
     729       1.1499
     730       1.0777
     731       1.0704
     732       1.1134
     733       1.1698
     734       1.1839
     735       1.1678
     736       1.1091
     737       1.1013
     738       1.2416
     739       1.2256
     740       1.1892
     741       1.1514
     742       1.1714
     743       1.1349
     744       1.0347
     745       1.1731
     746       1.0878
     747       1.1183
     748       1.1536
     749       1.1495
     750       1.1869
     751       1.2026
     752       1.1660
     753       1.1913
     754       1.1233
     755       1.0917
     756       1.1143
     757       1.2209
     758       1.1573
     759       1.1546
     760       1.1045
     761       1.1309
     762       1.1409
     763       1.0535
     764       1.1054
     765       1.2136
     766       1.1380
     767       1.1475
     768       1.0526
     769       1.1288
     770       1.1442
     771       1.0990
     772       1.1725
     773       1.2001
     774       1.1592
     775       1.2040
     776       1.1854
     777       1.1163
     778       1.1339
     779       1.2874
     780       1.2378
     781       1.1589
     782       1.1570
     783       1.1569
     784       1.1802
     785       1.2109
     786       1.0977
     787       1.1944
     788       1.2178
     789       1.1853
     790       1.1769
     791       1.2351
     792       1.2106
     793       1.2616
     794       1.2498
     795       1.2541
     796       1.2619
     797       1.2118
     798       1.2272
     799       1.1889
     800       1.1963
     801       1.1715
     802       1.1814
     803       1.2229
     804       1.2841
     805       1.2792
     806       1.1927
     807       1.2341
     808       1.2188
     809       1.2285
     810       1.2104
     811       1.1587
     812       1.1620
     813       1.1996
     814       1.1540
     815       1.1608
     816       1.1875
     817       1.2858
     818       1.2675
     819       1.2045
     820       1.2147
     821       1.1850
     822       1.1826
     823       1.0926
     824       1.1484
     825       1.1914
     826       1.1508
     827       1.1865
     828       1.1630
     829       1.2513
     830       1.1536
     831       1.2019
     832       1.1441
     833       1.2025
     834       1.1502
     835       1.1174
     836       1.1303
     837       1.1530
     838       1.1912
     839       1.1837
     840       1.2264
     841       1.1648
     842       1.1440
     843       1.1982
     844       1.2050
     845       1.1497
     846       1.2336
     847       1.2411
     848       1.1563
     849       1.2119
     850       1.1654
     851       1.1283
     852       1.0805
     853       1.1548
     854       1.1264
     855       1.0800
     856       1.0940
     857       1.1499
     858       1.1601
     859       1.1519
     860       1.1386
     861       1.0719
     862       1.1088
     863       1.0567
     864       1.0427
     865       1.0363
     866       1.0291
     867       1.0790
     868       1.0847
     869       1.1350
     870       1.1184
     871       1.1570
     872       1.1881
     873       1.1809
     874       1.1203
     875       1.1596
     876       1.2029
     877       1.2710
     878       1.2145
     879       1.1571
     880       1.2046
     881       1.1017
     882       1.1501
     883       1.1579
     884       1.2216
     885       1.2781
     886       1.1131
     887       1.1635
     888       1.0998
     889       1.1778
     890       1.1595
     891       1.1762
     892       1.1563
     893       1.1270
     894       1.1640
     895       1.2627
     896       1.1767
     897       1.2030
     898       1.1947
     899       1.1975
     900       1.1108
     901       1.1836
     902       1.1909
     903       1.1891
     904       1.1800
     905       1.1848
     906       1.2311
     907       1.2453
     908       1.1823
     909       1.1880
     910       1.1753
     911       1.1385
     912       1.1123
     913       1.1622
     914       1.1125
     915       1.0831
     916       1.1805
     917       1.1603
     918       1.1211
     919       1.1123
     920       1.1710
     921       1.2493
     922       1.1306
     923       1.0996
     924       1.1424
     925       1.1902
     926       1.2356
     927       1.1556
     928       1.2183
     929       1.2480
     930       1.2462
     931       1.1510
     932       1.1135
     933       1.2017
     934       1.1851
     935       1.1295
     936       1.1935
     937       1.1640
     938       1.1555
     939       1.1758
     940       1.1806
     941       1.2650
     942       1.2463
     943       1.2818
     944       1.1823
     945       1.2336
     946       1.1533
     947       1.0798
     948       1.2081
     949       1.3027
     950       1.2639
     951       1.3121
     952       1.2825
     953       1.3014
     954       1.3184
     955       1.2301
     956       1.1721
     957       1.2367
     958       1.2674
     959       1.3388
     960       1.3129
     961       1.2428
     962       1.2509
     963       1.2762
     964       1.2681
     965       1.2429
     966       1.2922
     967       1.3473
     968       1.3163
     969       1.2980
     970       1.3794
     971       1.3996
     972       1.3691
     973       1.4530
     974       1.3768
     975       1.4031
     976       1.4243
     977       1.3691
     978       1.3852
     979       1.4474
     980       1.3827
     981       1.2741
     982       1.2827
     983       1.3435
     984       1.3449
     985       1.2586
     986       1.3193
     987       1.3573
     988       1.2635
     989       1.2648
     990       1.3130
     991       1.3257
     992       1.2868
     993       1.3324
     994       1.3075
     995       1.2564
     996       1.3001
     997       1.3174
     998       1.3089
     999       1.3293
    1000       1.3113
