#Frame        fitprot
       1       0.0000
       2       0.6128
       3       0.5604
       4       0.7033
       5       0.6981
       6       0.7016
       7       0.7221
       8       0.7239
       9       0.7059
      10       0.7114
      11       0.7828
      12       0.8261
      13       0.8379
      14       0.8056
      15       0.7658
      16       0.8896
      17       0.9161
      18       0.8162
      19       0.9039
      20       0.8899
      21       0.8629
      22       0.7658
      23       0.8090
      24       0.7674
      25       0.7865
      26       0.7478
      27       0.7854
      28       0.7395
      29       0.7816
      30       0.7848
      31       0.7942
      32       0.7307
      33       0.8055
      34       0.7828
      35       0.7624
      36       0.8148
      37       0.8742
      38       0.8296
      39       0.8381
      40       0.7817
      41       0.7743
      42       0.9137
      43       0.8310
      44       0.8564
      45       0.8690
      46       0.9668
      47       0.8977
      48       0.8838
      49       0.8515
      50       0.9730
      51       0.8924
      52       0.8860
      53       0.9319
      54       0.9437
      55       0.9084
      56       0.9336
      57       0.8782
      58       0.9886
      59       0.8715
      60       0.9393
      61       0.9142
      62       0.9386
      63       0.9770
      64       0.9599
      65       0.9291
      66       0.9187
      67       0.8775
      68       0.8363
      69       0.9789
      70       0.9286
      71       1.0002
      72       0.9647
      73       1.0671
      74       1.1146
      75       1.0858
      76       0.9990
      77       1.0362
      78       1.1679
      79       1.1228
      80       1.1100
      81       1.0335
      82       0.9617
      83       0.9469
      84       0.9781
      85       0.9926
      86       1.1596
      87       1.1672
      88       1.1586
      89       1.1264
      90       1.1548
      91       1.1625
      92       1.1734
      93       1.2132
      94       1.1143
      95       1.2012
      96       1.2051
      97       1.1570
      98       1.1634
      99       1.2109
     100       1.0973
     101       0.9884
     102       1.0256
     103       1.0184
     104       1.0869
     105       1.1234
     106       1.1660
     107       1.2288
     108       1.0995
     109       1.0495
     110       1.1152
     111       1.2217
     112       1.1160
     113       1.0942
     114       1.1191
     115       1.1862
     116       1.0944
     117       1.0062
     118       1.0376
     119       1.0155
     120       1.0249
     121       0.9448
     122       0.9096
     123       1.0659
     124       1.0430
     125       1.0872
     126       1.0782
     127       1.0669
     128       0.9906
     129       0.9425
     130       1.0137
     131       0.8997
     132       1.0079
     133       1.0278
     134       1.0161
     135       1.0133
     136       0.9402
     137       1.0094
     138       1.0295
     139       1.0286
     140       0.9489
     141       0.9369
     142       0.8861
     143       0.9235
     144       0.8931
     145       0.9828
     146       0.9083
     147       1.0201
     148       0.9500
     149       1.0116
     150       1.0426
     151       1.1482
     152       1.0637
     153       0.9763
     154       0.9253
     155       0.9935
     156       1.0044
     157       0.8994
     158       1.0060
     159       0.9356
     160       0.8516
     161       0.9528
     162       0.9184
     163       0.9914
     164       0.9539
     165       1.0285
     166       1.0501
     167       1.1640
     168       1.0890
     169       1.0973
     170       1.0599
     171       0.9464
     172       0.9802
     173       1.0037
     174       0.9688
     175       0.9280
     176       0.9225
     177       0.9429
     178       1.1051
     179       1.0622
     180       1.1094
     181       1.1237
     182       1.0745
     183       1.0301
     184       1.0799
     185       1.0734
     186       1.1326
     187       1.0655
     188       1.0658
     189       1.1159
     190       1.0515
     191       1.0870
     192       1.0267
     193       0.9666
     194       0.9445
     195       1.0497
     196       0.9988
     197       0.9832
     198       0.9917
     199       1.0121
     200       0.9963
     201       0.9554
     202       0.9848
     203       0.9785
     204       0.9444
     205       0.9331
     206       1.0383
     207       0.9909
     208       1.0422
     209       0.9170
     210       0.9462
     211       0.9811
     212       0.9839
     213       0.9882
     214       1.0195
     215       1.1258
     216       1.1968
     217       1.1987
     218       1.1558
     219       1.1313
     220       1.1390
     221       1.1636
     222       1.1468
     223       1.1649
     224       1.0645
     225       1.0127
     226       0.9854
     227       1.0661
     228       1.1145
     229       1.0297
     230       1.0393
     231       1.0344
     232       1.1794
     233       1.1499
     234       1.0514
     235       1.0946
     236       1.0774
     237       1.1207
     238       1.1154
     239       1.1058
     240       1.0380
     241       1.0210
     242       1.0309
     243       0.9991
     244       1.0481
     245       1.0829
     246       1.1631
     247       1.0976
     248       1.0426
     249       0.9664
     250       1.0890
     251       1.1024
     252       1.1330
     253       1.0606
     254       0.9991
     255       0.9251
     256       0.9939
     257       1.0386
     258       0.9915
     259       1.0482
     260       0.9517
     261       0.9314
     262       1.0111
     263       1.0661
     264       1.1498
     265       0.9837
     266       0.9287
     267       0.8875
     268       0.9705
     269       1.0147
     270       1.0665
     271       1.0012
     272       1.0416
     273       1.1329
     274       1.1328
     275       1.1908
     276       1.2350
     277       1.2830
     278       1.3622
     279       1.4113
     280       1.2510
     281       1.1125
     282       1.0098
     283       1.0570
     284       1.0005
     285       0.9285
     286       0.9978
     287       1.0994
     288       1.0066
     289       0.9059
     290       0.8452
     291       0.9137
     292       0.9565
     293       0.9021
     294       1.0306
     295       0.8906
     296       0.8804
     297       0.9050
     298       0.8877
     299       0.8826
     300       0.8954
     301       0.8291
     302       0.8796
     303       0.8658
     304       0.9525
     305       0.8947
     306       0.9872
     307       0.9889
     308       0.9930
     309       0.9926
     310       1.1310
     311       1.1060
     312       1.1366
     313       1.1693
     314       1.1627
     315       1.1696
     316       1.1315
     317       1.1231
     318       1.0919
     319       1.1459
     320       1.0662
     321       1.0910
     322       0.9950
     323       1.1008
     324       1.1684
     325       1.1423
     326       1.0957
     327       1.1610
     328       1.0449
     329       1.0239
     330       0.8939
     331       1.0203
     332       0.8926
     333       0.9753
     334       0.9672
     335       0.9776
     336       0.9409
     337       0.9273
     338       0.9002
     339       1.0021
     340       1.0222
     341       1.0443
     342       1.0584
     343       1.0375
     344       1.0080
     345       1.0395
     346       1.0290
     347       1.0462
     348       1.0694
     349       1.1299
     350       1.0381
     351       1.0481
     352       1.1190
     353       1.0665
     354       1.0392
     355       1.0300
     356       1.0171
     357       1.0998
     358       1.1042
     359       1.2452
     360       1.2201
     361       1.2683
     362       1.2628
     363       1.2208
     364       1.1372
     365       1.1395
     366       1.0508
     367       1.0637
     368       1.1419
     369       1.1010
     370       1.1704
     371       1.1081
     372       1.0653
     373       0.9859
     374       1.0191
     375       1.0620
     376       1.0618
     377       1.1806
     378       1.2564
     379       1.0817
     380       1.0748
     381       1.1298
     382       1.0249
     383       1.1390
     384       1.1780
     385       1.2023
     386       1.1729
     387       1.2343
     388       1.1724
     389       1.0955
     390       1.1305
     391       1.2261
     392       1.2210
     393       1.2903
     394       1.3558
     395       1.2264
     396       1.2949
     397       1.2830
     398       1.3149
     399       1.2864
     400       1.2938
     401       1.1314
     402       1.2328
     403       1.2018
     404       1.1595
     405       1.2038
     406       1.2095
     407       1.1980
     408       1.2286
     409       1.1602
     410       1.2248
     411       1.2558
     412       1.1613
     413       1.1915
     414       1.1061
     415       1.2035
     416       1.1554
     417       1.1885
     418       1.0645
     419       1.0375
     420       1.0624
     421       1.0796
     422       1.0349
     423       1.0640
     424       1.0877
     425       1.0130
     426       0.9996
     427       1.0448
     428       1.0538
     429       0.9490
     430       1.0575
     431       1.0995
     432       1.1401
     433       1.1110
     434       1.1166
     435       1.0597
     436       1.1992
     437       1.1690
     438       1.1874
     439       1.1756
     440       1.0791
     441       1.2353
     442       1.1581
     443       1.1948
     444       1.3430
     445       1.2732
     446       1.2249
     447       1.2558
     448       1.2091
     449       1.2455
     450       1.1806
     451       1.1890
     452       1.1213
     453       1.1556
     454       1.1690
     455       1.1678
     456       1.0835
     457       1.1220
     458       1.0589
     459       1.0012
     460       1.1741
     461       1.0895
     462       1.0767
     463       1.0969
     464       1.0092
     465       1.0974
     466       1.1325
     467       0.9990
     468       1.0213
     469       1.0176
     470       1.0097
     471       1.0197
     472       1.0149
     473       1.0758
     474       1.0671
     475       1.1368
     476       1.0650
     477       1.1225
     478       1.0581
     479       1.0667
     480       1.0290
     481       1.0997
     482       1.0654
     483       1.0456
     484       1.0699
     485       1.0706
     486       1.1060
     487       1.0029
     488       1.0531
     489       1.0678
     490       1.1128
     491       1.1911
     492       1.0785
     493       1.0562
     494       1.0706
     495       1.0808
     496       1.0608
     497       1.1372
     498       1.1307
     499       1.1373
     500       1.0919
     501       1.0906
     502       1.1347
     503       1.0552
     504       1.0926
     505       1.1080
     506       1.1451
     507       1.2804
     508       1.1815
     509       1.1388
     510       1.2030
     511       1.1737
     512       1.2169
     513       1.3165
     514       1.2376
     515       1.1182
     516       1.1327
     517       1.1160
     518       1.1374
     519       1.1462
     520       1.1839
     521       1.1841
     522       1.1832
     523       1.1531
     524       1.0971
     525       1.0308
     526       1.0302
     527       1.0000
     528       1.0748
     529       1.0873
     530       1.0761
     531       1.1995
     532       1.1812
     533       1.1230
     534       1.1622
     535       1.2185
     536       1.1731
     537       1.2107
     538       1.1808
     539       1.0888
     540       1.0287
     541       1.0909
     542       1.0978
     543       1.1346
     544       1.1186
     545       1.2029
     546       1.1466
     547       1.1103
     548       1.2169
     549       1.2091
     550       1.1836
     551       1.2190
     552       1.2254
     553       1.2497
     554       1.2043
     555       1.1702
     556       1.2164
     557       1.2096
     558       1.1158
     559       1.1086
     560       1.1958
     561       1.0845
     562       1.1622
     563       1.0807
     564       1.0458
     565       1.1690
     566       1.1067
     567       1.0927
     568       1.0788
     569       1.0334
     570       0.9751
     571       0.9702
     572       1.0332
     573       1.0536
     574       1.0145
     575       1.0452
     576       1.0550
     577       1.0152
     578       1.0077
     579       1.0343
     580       0.9512
     581       0.9721
     582       1.0042
     583       0.9826
     584       0.9960
     585       1.0512
     586       1.0468
     587       1.0094
     588       1.0621
     589       1.1087
     590       1.0354
     591       1.0214
     592       1.0451
     593       1.0598
     594       0.9849
     595       1.0108
     596       1.0055
     597       0.9872
     598       1.0590
     599       1.0637
     600       1.1201
     601       1.1046
     602       1.1269
     603       1.1836
     604       1.0824
     605       1.0648
     606       1.0365
     607       1.0558
     608       1.1687
     609       1.0931
     610       1.0726
     611       1.0534
     612       1.0375
     613       1.0551
     614       1.0529
     615       1.0961
     616       1.0580
     617       1.1915
     618       1.1881
     619       1.1764
     620       1.1430
     621       1.1034
     622       1.0950
     623       1.0708
     624       1.0420
     625       1.0370
     626       1.0325
     627       1.1645
     628       1.1237
     629       1.0949
     630       1.0926
     631       1.0365
     632       1.0180
     633       1.1579
     634       1.1845
     635       1.0852
     636       1.0541
     637       1.0922
     638       1.1665
     639       1.1132
     640       1.1663
     641       1.1358
     642       1.1385
     643       1.1184
     644       1.1638
     645       1.0538
     646       1.0904
     647       1.0573
     648       1.0545
     649       1.0528
     650       1.1327
     651       1.0443
     652       1.1653
     653       1.1212
     654       1.1317
     655       1.2242
     656       1.2704
     657       1.1542
     658       1.0617
     659       1.1341
     660       1.0905
     661       1.2598
     662       1.2052
     663       1.3111
     664       1.1789
     665       1.1021
     666       1.2440
     667       1.1590
     668       1.1236
     669       1.0821
     670       1.1122
     671       1.1245
     672       1.1084
     673       1.1202
     674       1.1485
     675       1.0328
     676       1.0837
     677       1.0735
     678       1.1141
     679       1.0550
     680       1.0634
     681       1.1604
     682       1.1333
     683       1.2181
     684       1.2353
     685       1.1265
     686       1.1031
     687       1.0789
     688       1.0208
     689       1.0378
     690       1.0538
     691       1.1303
     692       1.0603
     693       1.0970
     694       1.1103
     695       1.1316
     696       1.1989
     697       1.1789
     698       1.1619
     699       1.1816
     700       1.2323
     701       1.1926
     702       1.1506
     703       1.2182
     704       1.2568
     705       1.2037
     706       1.2927
     707       1.2589
     708       1.2131
     709       1.2266
     710       1.1663
     711       1.3278
     712       1.2609
     713       1.2439
     714       1.1905
     715       1.2870
     716       1.1901
     717       1.2796
     718       1.2601
     719       1.2070
     720       1.1059
     721       1.1850
     722       1.0516
     723       1.0666
     724       1.0474
     725       1.1347
     726       1.0650
     727       1.1726
     728       1.1770
     729       1.1626
     730       1.0856
     731       1.0761
     732       1.1333
     733       1.2098
     734       1.2001
     735       1.2011
     736       1.1328
     737       1.1299
     738       1.3256
     739       1.3063
     740       1.2767
     741       1.2429
     742       1.2868
     743       1.1821
     744       1.1043
     745       1.2289
     746       1.1525
     747       1.1761
     748       1.2263
     749       1.2393
     750       1.2881
     751       1.2859
     752       1.2239
     753       1.2692
     754       1.2210
     755       1.1571
     756       1.2212
     757       1.3556
     758       1.2623
     759       1.2360
     760       1.1755
     761       1.2175
     762       1.2315
     763       1.1326
     764       1.2012
     765       1.3220
     766       1.2180
     767       1.2408
     768       1.1368
     769       1.2084
     770       1.2293
     771       1.2035
     772       1.2679
     773       1.2918
     774       1.2334
     775       1.2496
     776       1.2529
     777       1.1476
     778       1.1839
     779       1.3487
     780       1.3268
     781       1.2570
     782       1.2370
     783       1.2493
     784       1.2017
     785       1.2360
     786       1.1377
     787       1.2241
     788       1.2615
     789       1.2329
     790       1.2166
     791       1.2764
     792       1.2753
     793       1.2982
     794       1.3453
     795       1.3318
     796       1.3328
     797       1.2905
     798       1.2841
     799       1.2298
     800       1.2262
     801       1.1874
     802       1.2118
     803       1.2448
     804       1.3158
     805       1.3518
     806       1.2449
     807       1.3293
     808       1.2756
     809       1.2668
     810       1.2515
     811       1.2105
     812       1.2330
     813       1.2708
     814       1.2402
     815       1.2172
     816       1.2403
     817       1.3489
     818       1.3332
     819       1.2980
     820       1.2905
     821       1.2539
     822       1.2780
     823       1.1612
     824       1.1782
     825       1.2170
     826       1.1890
     827       1.2029
     828       1.1877
     829       1.2814
     830       1.1833
     831       1.2364
     832       1.1947
     833       1.2573
     834       1.1951
     835       1.1810
     836       1.1692
     837       1.2212
     838       1.2610
     839       1.2468
     840       1.2910
     841       1.2269
     842       1.2321
     843       1.2904
     844       1.2842
     845       1.2305
     846       1.3022
     847       1.3437
     848       1.2705
     849       1.2967
     850       1.2350
     851       1.2171
     852       1.1749
     853       1.2349
     854       1.1944
     855       1.1482
     856       1.1696
     857       1.2263
     858       1.2265
     859       1.2315
     860       1.2162
     861       1.1395
     862       1.1797
     863       1.1260
     864       1.1009
     865       1.0733
     866       1.0520
     867       1.1190
     868       1.1330
     869       1.1564
     870       1.1639
     871       1.2273
     872       1.2691
     873       1.2609
     874       1.2341
     875       1.2735
     876       1.3230
     877       1.3606
     878       1.3004
     879       1.2365
     880       1.2861
     881       1.1744
     882       1.2206
     883       1.2109
     884       1.2728
     885       1.3489
     886       1.1935
     887       1.2113
     888       1.1348
     889       1.2121
     890       1.1919
     891       1.2059
     892       1.1952
     893       1.1637
     894       1.1965
     895       1.2983
     896       1.2096
     897       1.2367
     898       1.2418
     899       1.2507
     900       1.1690
     901       1.2562
     902       1.2683
     903       1.2400
     904       1.2058
     905       1.2184
     906       1.2539
     907       1.2550
     908       1.2057
     909       1.2006
     910       1.1923
     911       1.1535
     912       1.1253
     913       1.1751
     914       1.1369
     915       1.0991
     916       1.1981
     917       1.1786
     918       1.1435
     919       1.1413
     920       1.1820
     921       1.2705
     922       1.1361
     923       1.1217
     924       1.1732
     925       1.2333
     926       1.2867
     927       1.2162
     928       1.2662
     929       1.2964
     930       1.3195
     931       1.1907
     932       1.1340
     933       1.2237
     934       1.2191
     935       1.1624
     936       1.2454
     937       1.2012
     938       1.1748
     939       1.2269
     940       1.2772
     941       1.3321
     942       1.3351
     943       1.4620
     944       1.3660
     945       1.3850
     946       1.2285
     947       1.1275
     948       1.2752
     949       1.3810
     950       1.3373
     951       1.3964
     952       1.3892
     953       1.4014
     954       1.4366
     955       1.3512
     956       1.2427
     957       1.3397
     958       1.3567
     959       1.4169
     960       1.3773
     961       1.3082
     962       1.2998
     963       1.3464
     964       1.3472
     965       1.3104
     966       1.3526
     967       1.4060
     968       1.4040
     969       1.3662
     970       1.4793
     971       1.5196
     972       1.4691
     973       1.5480
     974       1.4988
     975       1.5454
     976       1.5386
     977       1.4778
     978       1.4828
     979       1.5773
     980       1.4794
     981       1.3446
     982       1.3534
     983       1.3928
     984       1.4131
     985       1.3086
     986       1.3748
     987       1.4191
     988       1.3347
     989       1.3773
     990       1.4366
     991       1.4522
     992       1.3690
     993       1.4029
     994       1.3581
     995       1.3198
     996       1.3889
     997       1.4098
     998       1.3932
     999       1.4070
    1000       1.3729
