#Res        AtomicFlx
   1.000       1.0347
   2.000       0.7231
   3.000       0.6420
   4.000       0.5914
   5.000       0.4372
   6.000       0.3915
   7.000       0.3490
   8.000       0.3499
   9.000       0.3831
  10.000       0.4185
  11.000       0.4324
  12.000       0.3409
  13.000       0.2856
  14.000       0.3787
  15.000       0.3747
  16.000       0.3745
  17.000       0.3442
  18.000       0.3756
  19.000       0.4369
  20.000       0.4316
  21.000       0.4499
  22.000       0.5245
  23.000       0.5899
  24.000       0.6018
  25.000       0.6945
  26.000       0.6070
  27.000       0.6309
  28.000       0.5121
  29.000       0.4468
  30.000       0.3709
  31.000       0.3771
  32.000       0.3757
  33.000       0.4127
  34.000       0.4484
  35.000       0.5576
  36.000       0.5467
  37.000       0.4827
  38.000       0.4489
  39.000       0.3257
  40.000       0.3275
  41.000       0.3967
  42.000       0.4642
  43.000       0.5478
  44.000       0.8910
  45.000       0.8565
  46.000       0.8365
  47.000       1.0265
  48.000       0.9723
  49.000       0.7851
  50.000       0.7039
  51.000       0.6417
  52.000       0.6679
  53.000       0.5758
  54.000       0.4926
  55.000       0.4824
  56.000       0.4639
  57.000       0.6219
  58.000       0.4493
  59.000       0.4429
  60.000       0.5788
  61.000       0.5318
  62.000       0.5444
  63.000       0.4592
  64.000       0.4558
  65.000       0.3974
  66.000       0.4314
  67.000       0.4656
  68.000       0.4778
  69.000       0.5544
  70.000       0.5837
  71.000       0.5660
  72.000       0.5676
  73.000       0.4876
  74.000       0.5466
  75.000       0.4907
  76.000       0.5809
  77.000       0.5216
  78.000       0.4741
  79.000       0.4346
  80.000       0.4965
  81.000       0.4977
  82.000       0.5427
  83.000       0.6385
  84.000       0.6412
  85.000       0.6367
  86.000       0.5809
  87.000       0.5801
  88.000       0.6319
  89.000       0.6434
  90.000       0.8244
  91.000       1.1773
  92.000       1.0365
  93.000       0.8543
  94.000       0.6561
  95.000       0.7230
  96.000       0.7362
  97.000       0.7659
  98.000       0.7736
  99.000       0.8776
 100.000       0.8150
 101.000       0.8099
 102.000       0.9747
 103.000       0.9180
 104.000       0.7547
 105.000       0.9522
 106.000       0.8411
 107.000       0.9234
 108.000       0.7744
 109.000       0.5991
 110.000       0.6077
 111.000       0.5125
 112.000       0.4583
 113.000       0.5173
 114.000       0.5733
 115.000       0.5578
 116.000       0.5365
 117.000       0.6136
 118.000       0.6380
 119.000       0.5874
 120.000       0.6042
 121.000       0.7319
 122.000       0.7275
 123.000       0.5474
 124.000       0.5808
 125.000       0.6720
 126.000       0.6207
 127.000       0.5321
 128.000       0.6204
 129.000       0.6479
 130.000       0.6105
 131.000       0.5530
 132.000       0.4917
 133.000       0.5960
 134.000       0.6747
 135.000       0.6293
 136.000       0.7169
 137.000       0.6364
 138.000       0.5451
 139.000       0.7023
 140.000       0.6295
 141.000       0.4768
 142.000       0.4312
 143.000       0.5313
 144.000       0.5853
 145.000       0.4877
 146.000       0.4363
 147.000       0.4768
 148.000       0.5197
 149.000       0.4796
 150.000       0.5124
 151.000       0.6704
 152.000       0.7749
 153.000       0.5849
 154.000       0.5984
 155.000       0.6286
 156.000       0.6390
 157.000       0.7551
 158.000       0.7959
 159.000       0.7182
 160.000       0.6886
 161.000       0.6302
 162.000       0.6175
 163.000       0.6003
 164.000       0.6046
 165.000       0.6331
 166.000       0.5548
 167.000       0.5460
 168.000       0.6046
 169.000       0.5834
 170.000       0.5740
 171.000       0.5814
 172.000       0.5556
 173.000       0.6152
 174.000       0.5920
 175.000       0.4856
 176.000       0.5189
 177.000       0.4859
 178.000       0.4497
 179.000       0.4028
 180.000       0.3862
 181.000       0.3732
 182.000       0.3588
 183.000       0.3459
 184.000       0.3637
 185.000       0.3545
 186.000       0.3535
 187.000       0.3818
 188.000       0.4007
 189.000       0.4014
 190.000       0.4859
 191.000       0.5854
 192.000       0.5235
 193.000       0.5303
 194.000       0.5286
 195.000       0.4680
 196.000       0.4486
 197.000       0.4948
 198.000       0.4756
 199.000       0.4581
 200.000       0.4926
 201.000       0.4882
 202.000       0.4653
 203.000       0.4888
 204.000       0.4584
 205.000       0.4422
 206.000       0.4289
 207.000       0.4669
 208.000       0.4899
 209.000       0.4784
 210.000       0.4916
 211.000       0.4851
 212.000       0.4683
 213.000       0.5029
 214.000       0.4644
 215.000       0.4432
 216.000       0.4483
 217.000       0.4928
 218.000       0.4594
 219.000       0.4253
 220.000       0.4828
 221.000       0.6025
 222.000       0.5842
 223.000       0.5323
 224.000       0.6558
 225.000       0.6648
 226.000       0.5228
 227.000       0.4513
 228.000       0.4789
 229.000       0.4706
 230.000       0.5227
 231.000       0.5255
 232.000       0.4855
 233.000       0.4222
 234.000       0.5233
 235.000       0.5267
 236.000       0.4998
 237.000       0.5250
 238.000       0.5130
 239.000       0.6630
 240.000       0.8104
 241.000       0.9699
 242.000       0.7173
 243.000       0.5150
 244.000       0.4979
 245.000       0.4749
 246.000       0.5082
 247.000       0.5332
 248.000       0.6306
 249.000       0.7078
 250.000       0.8604
 251.000       0.6857
 252.000       0.6242
 253.000       0.5375
 254.000       0.5448
 255.000       0.5110
 256.000       0.5560
 257.000       0.4320
 258.000       0.3665
 259.000       0.3351
 260.000       0.3818
 261.000       0.3827
 262.000       0.5046
 263.000       0.5711
 264.000       0.7051
 265.000       0.7105
 266.000       0.5768
 267.000       0.7415
 268.000       0.8498
 269.000       0.7602
 270.000       0.6438
 271.000       0.6211
 272.000       0.5652
 273.000       0.5780
 274.000       0.6328
 275.000       0.7378
 276.000       0.7475
 277.000       0.7451
 278.000       0.7242
 279.000       0.5893
 280.000       0.5659
 281.000       0.5953
 282.000       0.6405
 283.000       0.6056
 284.000       0.6135
 285.000       0.6857
 286.000       0.6020
 287.000       0.4650
 288.000       0.4777
 289.000       0.4428
 290.000       0.4718
 291.000       0.6099
 292.000       0.4941
 293.000       0.3993
 294.000       0.3611
 295.000       0.4342
 296.000       0.3869
 297.000       0.3897
 298.000       0.4498
 299.000       0.5240
 300.000       0.6734
 301.000       0.6978
 302.000       0.6274
 303.000       0.6831
 304.000       0.5531
 305.000       0.6236
 306.000       0.8016
 307.000       0.7467
 308.000       0.6933
 309.000       0.5584
 310.000       0.4873
 311.000       0.5389
 312.000       0.6069
 313.000       0.5789
 314.000       0.5868
 315.000       0.5824
 316.000       0.6450
 317.000       0.7398
 318.000       1.0255
 319.000       1.1352
 320.000       0.6973
 321.000       0.6364
 322.000       0.4772
 323.000       0.5356
 324.000       0.4281
 325.000       0.3481
 326.000       0.3977
 327.000       0.4259
 328.000       0.4534
 329.000       0.4803
 330.000       0.5218
 331.000       0.7690
 332.000       1.0127
 333.000       0.9116
 334.000       0.7203
 335.000       0.5745
 336.000       0.5348
 337.000       0.4308
 338.000       0.3827
 339.000       0.3390
 340.000       0.4141
 341.000       0.3618
 342.000       0.4241
 343.000       0.6766
 344.000       1.5139
 345.000       1.0146
 346.000       0.8918
 347.000       1.3289
 348.000       2.0803
 349.000       1.9559
 350.000       1.3946
 351.000       1.4652
 352.000       1.6544
 353.000       1.4543
 354.000       1.3343
 355.000       1.1052
 356.000       1.0854
 357.000       1.1028
 358.000       0.8924
 359.000       0.6462
 360.000       0.7403
 361.000       0.7234
 362.000       0.5380
 363.000       0.5345
 364.000       0.5936
 365.000       0.5483
 366.000       0.5173
 367.000       0.5727
 368.000       0.6343
 369.000       0.5920
 370.000       0.5983
 371.000       0.7431
 372.000       0.7530
 373.000       0.7905
 374.000       0.7097
 375.000       0.5814
 376.000       0.6535
 377.000       0.7229
 378.000       0.6116
 379.000       0.6016
 380.000       0.5125
 381.000       0.4205
 382.000       0.4250
 383.000       0.4467
 384.000       0.4225
 385.000       0.4800
 386.000       0.5277
 387.000       0.9160
 388.000       1.1066
 389.000       0.9665
 390.000       0.8344
 391.000       0.4918
 392.000       0.5574
 393.000       0.7794
 394.000       0.6249
 395.000       0.5163
 396.000       0.4636
 397.000       0.3623
 398.000       0.4078
 399.000       0.4737
 400.000       0.4377
 401.000       0.4618
 402.000       0.4617
 403.000       0.5192
 404.000       0.5044
 405.000       0.4747
 406.000       0.5134
 407.000       0.6046
 408.000       0.5996
 409.000       0.6158
 410.000       0.6141
 411.000       0.6041
 412.000       0.5754
 413.000       0.4857
 414.000       0.4945
 415.000       0.4766
 416.000       0.5689
 417.000       0.5892
 418.000       0.4786
 419.000       0.4344
 420.000       0.3624
 421.000       0.3767
 422.000       0.3547
 423.000       0.3135
 424.000       0.2901
 425.000       0.3552
 426.000       0.3513
 427.000       0.3681
 428.000       0.4190
 429.000       0.3947
 430.000       0.3489
 431.000       0.3363
 432.000       0.3890
 433.000       0.3352
 434.000       0.3295
 435.000       0.3290
 436.000       0.3301
 437.000       0.3089
 438.000       0.3299
 439.000       0.3331
 440.000       0.3363
 441.000       0.3528
 442.000       0.3523
 443.000       0.3553
 444.000       0.3446
 445.000       0.3666
 446.000       0.4091
 447.000       0.4077
 448.000       0.4213
 449.000       0.5106
 450.000       0.5686
 451.000       0.5957
 452.000       0.6843
 453.000       0.8486
 454.000       0.8688
 455.000       0.8719
 456.000       1.0551
 457.000       1.0613
 458.000       1.2184
 459.000       0.9425
 460.000       0.7420
 461.000       1.1851
 462.000       1.1427
 463.000       1.0375
 464.000       0.7014
 465.000       0.9203
 466.000       0.9389
 467.000       0.9021
 468.000       1.2345
 469.000       1.1255
 470.000       1.1377
 471.000       1.8582
 472.000       1.5907
 473.000       0.9368
 474.000       1.0609
 475.000       0.8859
 476.000       1.6701
 477.000       1.6712
 478.000       1.3528
 479.000       1.2985
 480.000       1.3771
 481.000       1.1311
 482.000       1.0564
 483.000       1.3096
 484.000       0.8377
 485.000       0.7674
 486.000       0.6742
 487.000       0.6528
 488.000       0.9372
 489.000       1.0044
 490.000       0.9575
 491.000       1.1489
 492.000       1.4420
 493.000       1.5544
 494.000       1.6616
 495.000       1.9812
 496.000       2.2599
 497.000       2.4001
 498.000       2.6867
 499.000       3.5631
