#Frame         ligrms
       1       0.0000
       2       0.9563
       3       0.6525
       4       0.9672
       5       0.8484
       6       0.9428
       7       1.1807
       8       0.8817
       9       1.3862
      10       1.1599
      11       1.0112
      12       1.4647
      13       1.2862
      14       1.2235
      15       1.2992
      16       1.2945
      17       1.3529
      18       1.3615
      19       1.0694
      20       1.3235
      21       1.2986
      22       1.2631
      23       1.2702
      24       1.1645
      25       0.8757
      26       1.1377
      27       1.3273
      28       0.9044
      29       1.3546
      30       0.8792
      31       1.0837
      32       1.2599
      33       1.0462
      34       0.7905
      35       1.1735
      36       1.1927
      37       0.9985
      38       0.9291
      39       1.1013
      40       1.2639
      41       1.0155
      42       1.1957
      43       1.1452
      44       1.0771
      45       1.0274
      46       1.0529
      47       1.1475
      48       1.1733
      49       1.4095
      50       1.2542
      51       1.3414
      52       1.2252
      53       1.2774
      54       1.3105
      55       1.3307
      56       1.1836
      57       1.1610
      58       1.1275
      59       1.4538
      60       1.4470
      61       1.6052
      62       1.6301
      63       1.2515
      64       0.8547
      65       0.7101
      66       1.1105
      67       1.0653
      68       0.7689
      69       0.7846
      70       0.8849
      71       1.0419
      72       0.8368
      73       1.2706
      74       0.6697
      75       1.3429
      76       1.1426
      77       1.0328
      78       1.2740
      79       1.2044
      80       1.4010
      81       1.3645
      82       1.3442
      83       1.2873
      84       1.2377
      85       1.2314
      86       1.0899
      87       1.1342
      88       1.1447
      89       1.3621
      90       1.3461
      91       1.2336
      92       1.0958
      93       1.1548
      94       1.3660
      95       1.2615
      96       1.1591
      97       1.2731
      98       1.1703
      99       1.2759
     100       1.3037
     101       0.9497
     102       0.8266
     103       0.9808
     104       0.8251
     105       0.8913
     106       1.0442
     107       1.1438
     108       1.0289
     109       0.9195
     110       0.8916
     111       1.3952
     112       1.3737
     113       1.4940
     114       1.2298
     115       0.9721
     116       1.1004
     117       1.4354
     118       1.6878
     119       1.5421
     120       1.6352
     121       1.6562
     122       1.0891
     123       1.0297
     124       1.0540
     125       1.0098
     126       1.2913
     127       1.2971
     128       1.5888
     129       1.4181
     130       1.3024
     131       1.2749
     132       1.2691
     133       1.1500
     134       1.2443
     135       1.9020
     136       1.3329
     137       1.2143
     138       1.3244
     139       1.4013
     140       1.8576
     141       1.3307
     142       1.4712
     143       1.5139
     144       1.7096
     145       1.5942
     146       1.7266
     147       1.6921
     148       1.4323
     149       1.7790
     150       1.7914
     151       1.3543
     152       1.7083
     153       1.7395
     154       1.6009
     155       1.5935
     156       1.7453
     157       1.6727
     158       1.8570
     159       1.3265
     160       1.3101
     161       1.1988
     162       1.0764
     163       1.2153
     164       1.2400
     165       1.3571
     166       1.4218
     167       1.5288
     168       1.3960
     169       1.4044
     170       1.5119
     171       1.4716
     172       1.7800
     173       1.1830
     174       0.8950
     175       0.8887
     176       1.0027
     177       1.2018
     178       1.3496
     179       1.3914
     180       1.2852
     181       1.7285
     182       1.9011
     183       1.8286
     184       1.8357
     185       1.4347
     186       1.6750
     187       1.6096
     188       1.8429
     189       1.4787
     190       1.8932
     191       1.3823
     192       1.3020
     193       1.5253
     194       1.8417
     195       1.4985
     196       1.5417
     197       1.5036
     198       1.6125
     199       1.2454
     200       1.9991
     201       1.7590
     202       1.9224
     203       1.9365
     204       1.8321
     205       1.4226
     206       2.0968
     207       1.8615
     208       1.7367
     209       1.4905
     210       1.8076
     211       1.8700
     212       2.0664
     213       1.8863
     214       2.0197
     215       1.7126
     216       1.8289
     217       1.7167
     218       1.6921
     219       1.9253
     220       1.4599
     221       1.4474
     222       1.5433
     223       1.8948
     224       1.6099
     225       1.6290
     226       1.5586
     227       1.4222
     228       1.6859
     229       1.8481
     230       1.9858
     231       1.0948
     232       1.9021
     233       1.9270
     234       1.4928
     235       1.7263
     236       1.9667
     237       1.6072
     238       1.3115
     239       1.5047
     240       1.7392
     241       1.8954
     242       1.7756
     243       1.5482
     244       1.4496
     245       1.5321
     246       1.6364
     247       1.4688
     248       1.8125
     249       1.4351
     250       1.5091
     251       1.9604
     252       1.6907
     253       1.4232
     254       1.6897
     255       1.9696
     256       1.4827
     257       1.6596
     258       1.5284
     259       1.9389
     260       1.8311
     261       1.6505
     262       1.5871
     263       1.6902
     264       1.5722
     265       1.7993
     266       1.7809
     267       2.0228
     268       2.0142
     269       1.5779
     270       1.7158
     271       1.4007
     272       1.6630
     273       1.6507
     274       1.4185
     275       1.5685
     276       1.5542
     277       1.5483
     278       1.2849
     279       1.8521
     280       1.8339
     281       1.6074
     282       1.6838
     283       1.6659
     284       1.9702
     285       1.6636
     286       1.4072
     287       1.5803
     288       1.5066
     289       1.4455
     290       1.6960
     291       1.9883
     292       1.7171
     293       1.7394
     294       1.9102
     295       1.7857
     296       2.0275
     297       1.7104
     298       2.1040
     299       1.5645
     300       1.6006
     301       1.9843
     302       1.6155
     303       2.1232
     304       2.0053
     305       1.8518
     306       1.6676
     307       1.7849
     308       1.9033
     309       1.6961
     310       2.1061
     311       1.8953
     312       1.9917
     313       2.3115
     314       2.1839
     315       2.0116
     316       1.8784
     317       1.9201
     318       1.9749
     319       2.1272
     320       2.0201
     321       2.0557
     322       1.9878
     323       1.9897
     324       1.7666
     325       2.4001
     326       2.1320
     327       2.0082
     328       2.2700
     329       2.0049
     330       1.9684
     331       2.1084
     332       1.8789
     333       2.0602
     334       2.1029
     335       2.3341
     336       2.3710
     337       2.2253
     338       2.2982
     339       1.9469
     340       1.9853
     341       2.1160
     342       2.1183
     343       2.1247
     344       2.0401
     345       2.3028
     346       2.0715
     347       1.9421
     348       1.9394
     349       2.0819
     350       2.0238
     351       2.2292
     352       2.1008
     353       1.9603
     354       2.1616
     355       2.1452
     356       1.9272
     357       1.8445
     358       2.1425
     359       2.1480
     360       2.2026
     361       1.8047
     362       1.9884
     363       2.1965
     364       2.2598
     365       2.1216
     366       2.1751
     367       1.9105
     368       1.9632
     369       1.9602
     370       1.8230
     371       1.8251
     372       1.8354
     373       1.9089
     374       2.2042
     375       1.9212
     376       1.7206
     377       2.0702
     378       1.9281
     379       2.1865
     380       2.2248
     381       2.1261
     382       1.9763
     383       1.9615
     384       2.0083
     385       2.0471
     386       2.0956
     387       1.9738
     388       1.7364
     389       2.0269
     390       1.9442
     391       2.1670
     392       1.8554
     393       1.7903
     394       1.9135
     395       2.1334
     396       1.8759
     397       1.9371
     398       2.0692
     399       1.9006
     400       2.0641
     401       1.9875
     402       1.6593
     403       1.9081
     404       2.0165
     405       1.8298
     406       1.8980
     407       1.6508
     408       1.9344
     409       1.7448
     410       2.1733
     411       2.0951
     412       2.0325
     413       2.1590
     414       2.0199
     415       1.8972
     416       1.8677
     417       1.6986
     418       2.2067
     419       2.0259
     420       1.9688
     421       1.6054
     422       1.4667
     423       1.7925
     424       1.8146
     425       1.3715
     426       1.7506
     427       1.5427
     428       1.7642
     429       1.4377
     430       1.8051
     431       2.1724
     432       1.8269
     433       1.9146
     434       2.1647
     435       1.7834
     436       1.6208
     437       1.4951
     438       1.7338
     439       1.5164
     440       1.2908
     441       1.3041
     442       1.4870
     443       1.5482
     444       1.8640
     445       1.7686
     446       1.5035
     447       1.8140
     448       1.8007
     449       1.3606
     450       1.6099
     451       2.0860
     452       1.4978
     453       1.6360
     454       1.6951
     455       1.9642
     456       2.0584
     457       2.0157
     458       2.0106
     459       1.8239
     460       1.7518
     461       1.7561
     462       1.8499
     463       2.1663
     464       2.0521
     465       2.3138
     466       1.8895
     467       1.9906
     468       2.0019
     469       2.1198
     470       1.8529
     471       1.4870
     472       2.0403
     473       2.0422
     474       2.0630
     475       2.0560
     476       2.1392
     477       2.2116
     478       2.1544
     479       2.1251
     480       2.3132
     481       1.8240
     482       2.0416
     483       1.9073
     484       2.1469
     485       2.1871
     486       2.0332
     487       1.8339
     488       2.0423
     489       1.9895
     490       2.2060
     491       2.1835
     492       1.9260
     493       2.0322
     494       2.0953
     495       1.7627
     496       1.8695
     497       2.1620
     498       1.9162
     499       2.0464
     500       2.1588
     501       1.8179
     502       1.6535
     503       1.6731
     504       1.4359
     505       1.9352
     506       2.1468
     507       1.9656
     508       2.0576
     509       2.0474
     510       1.8806
     511       1.3998
     512       1.3515
     513       1.4900
     514       1.4222
     515       1.9550
     516       1.7025
     517       1.8321
     518       1.6865
     519       1.9966
     520       1.5805
     521       1.2249
     522       1.2957
     523       1.4673
     524       1.8676
     525       1.8361
     526       1.5301
     527       1.8267
     528       1.7007
     529       1.4947
     530       1.3611
     531       1.5230
     532       1.6107
     533       1.7022
     534       1.6015
     535       1.6601
     536       1.4735
     537       1.6338
     538       1.7375
     539       1.3450
     540       0.9154
     541       1.5789
     542       1.3769
     543       1.3443
     544       1.2978
     545       1.5938
     546       1.7955
     547       1.7626
     548       1.8279
     549       1.7183
     550       1.8462
     551       1.6890
     552       1.8116
     553       1.5836
     554       1.6562
     555       1.8694
     556       1.4591
     557       1.6012
     558       1.5811
     559       1.5782
     560       1.2086
     561       1.5665
     562       1.6869
     563       1.0544
     564       1.4979
     565       1.8126
     566       1.1973
     567       1.2847
     568       1.1989
     569       1.6594
     570       1.1211
     571       1.4460
     572       1.9348
     573       1.8241
     574       1.9822
     575       2.1403
     576       2.2561
     577       1.8299
     578       1.7955
     579       1.4056
     580       1.6024
     581       1.7957
     582       2.1194
     583       1.4131
     584       1.8873
     585       1.4445
     586       1.8281
     587       1.6587
     588       1.5263
     589       1.4387
     590       1.3791
     591       1.6988
     592       1.4010
     593       1.8297
     594       1.6467
     595       1.5522
     596       1.3517
     597       1.0064
     598       1.2765
     599       1.6071
     600       1.7075
     601       1.8419
     602       1.5155
     603       1.6503
     604       1.3492
     605       1.4669
     606       1.4612
     607       0.9688
     608       1.4660
     609       1.7218
     610       1.2899
     611       1.3600
     612       1.1765
     613       1.3337
     614       1.3676
     615       1.0168
     616       0.8894
     617       1.3198
     618       1.2628
     619       1.5061
     620       0.9284
     621       1.1576
     622       1.3789
     623       1.2669
     624       1.7376
     625       1.2754
     626       1.3201
     627       1.6336
     628       1.1529
     629       0.8245
     630       1.1333
     631       1.2309
     632       1.5274
     633       1.1640
     634       1.2495
     635       1.3682
     636       1.3928
     637       1.4069
     638       1.8670
     639       1.7709
     640       1.8632
     641       1.8196
     642       1.5105
     643       1.4020
     644       1.3062
     645       1.5751
     646       1.5903
     647       1.2171
     648       1.6287
     649       1.7860
     650       1.3809
     651       1.8757
     652       1.5319
     653       1.3683
     654       1.0854
     655       1.1852
     656       1.2469
     657       1.7640
     658       1.2321
     659       1.4713
     660       1.7382
     661       1.2051
     662       1.8109
     663       1.3776
     664       1.4121
     665       1.3603
     666       1.2431
     667       1.6493
     668       1.2848
     669       1.1171
     670       1.6542
     671       1.3619
     672       1.6388
     673       1.5382
     674       1.4506
     675       1.5319
     676       1.8026
     677       1.6416
     678       1.5306
     679       1.4738
     680       1.6928
     681       1.6842
     682       1.6107
     683       1.3755
     684       1.6467
     685       1.5856
     686       1.2768
     687       0.8708
     688       1.4548
     689       1.7173
     690       0.9335
     691       1.1705
     692       1.4615
     693       1.7673
     694       1.2051
     695       1.2108
     696       1.6927
     697       1.0063
     698       1.3559
     699       1.5314
     700       1.1251
     701       1.2765
     702       1.5371
     703       1.6145
     704       1.5911
     705       1.4394
     706       1.6808
     707       1.5841
     708       1.6445
     709       1.6223
     710       1.5265
     711       1.5108
     712       1.5890
     713       1.1416
     714       1.2336
     715       1.1715
     716       1.4123
     717       1.3378
     718       1.6336
     719       1.3000
     720       1.1183
     721       1.4567
     722       1.4046
     723       1.2871
     724       1.1948
     725       1.3968
     726       1.4646
     727       1.9789
     728       1.2800
     729       1.1010
     730       1.5883
     731       1.5706
     732       1.3196
     733       1.4876
     734       1.0766
     735       1.2874
     736       1.2945
     737       1.6020
     738       1.4925
     739       1.4221
     740       1.4064
     741       1.2955
     742       1.7432
     743       1.6847
     744       1.6893
     745       1.4886
     746       1.3264
     747       1.4511
     748       1.3845
     749       1.7072
     750       1.2085
     751       1.7410
     752       1.2147
     753       1.7240
     754       1.5950
     755       1.6218
     756       1.7564
     757       1.7906
     758       1.7777
     759       1.5031
     760       1.5351
     761       1.7380
     762       1.6694
     763       1.7543
     764       1.5338
     765       1.6103
     766       1.4197
     767       1.5363
     768       1.7112
     769       1.3724
     770       1.1053
     771       1.3314
     772       1.4959
     773       1.6263
     774       1.5425
     775       1.4958
     776       1.6003
     777       1.3895
     778       1.3633
     779       1.7700
     780       1.6389
     781       1.5224
     782       1.4644
     783       1.7595
     784       1.8353
     785       1.6846
     786       1.5410
     787       1.6479
     788       1.7530
     789       1.4911
     790       1.5002
     791       1.4431
     792       1.5454
     793       1.5842
     794       1.3383
     795       1.3468
     796       1.3678
     797       1.4564
     798       2.0656
     799       1.5815
     800       1.8387
     801       1.6029
     802       1.5282
     803       1.7987
     804       1.4896
     805       1.0674
     806       1.3345
     807       1.7549
     808       1.7454
     809       1.0735
     810       1.4255
     811       1.6561
     812       1.5552
     813       1.4976
     814       1.7583
     815       1.4006
     816       1.4873
     817       1.6888
     818       1.3079
     819       1.5192
     820       1.5216
     821       1.7127
     822       1.5187
     823       1.4473
     824       1.3137
     825       1.3708
     826       1.6968
     827       1.8919
     828       1.5573
     829       1.4559
     830       1.4642
     831       1.1167
     832       1.6643
     833       1.2498
     834       1.9483
     835       1.2650
     836       1.3716
     837       1.6028
     838       1.4800
     839       1.4991
     840       1.3931
     841       1.5685
     842       1.7383
     843       1.5602
     844       1.8508
     845       1.6710
     846       1.5618
     847       1.4268
     848       1.1274
     849       1.1323
     850       1.3735
     851       1.8382
     852       1.5235
     853       1.6528
     854       1.4974
     855       1.9752
     856       1.8379
     857       1.1865
     858       1.6627
     859       1.6511
     860       1.6917
     861       1.4969
     862       1.2649
     863       1.3020
     864       0.9018
     865       1.3800
     866       1.1040
     867       1.7940
     868       1.4415
     869       1.0526
     870       1.8406
     871       1.2061
     872       1.5931
     873       1.4989
     874       1.3393
     875       1.7685
     876       1.0637
     877       1.6747
     878       1.6630
     879       1.7136
     880       1.5190
     881       0.7908
     882       1.2886
     883       1.1802
     884       1.2348
     885       1.5520
     886       1.5082
     887       1.6967
     888       1.3927
     889       1.2524
     890       1.5990
     891       1.3611
     892       1.2224
     893       1.7154
     894       1.5186
     895       1.4902
     896       1.6298
     897       1.6343
     898       1.1947
     899       1.4288
     900       1.1754
     901       1.3371
     902       1.6626
     903       1.4205
     904       1.3564
     905       1.2950
     906       1.1192
     907       1.5464
     908       1.2648
     909       1.2583
     910       1.6917
     911       1.2788
     912       1.1352
     913       1.2896
     914       1.4266
     915       1.5509
     916       1.5345
     917       1.3338
     918       1.3484
     919       1.1144
     920       1.5154
     921       1.0774
     922       1.5504
     923       1.2824
     924       1.5172
     925       0.9226
     926       1.3071
     927       1.5669
     928       1.0505
     929       0.7585
     930       1.2019
     931       0.7314
     932       1.2079
     933       1.0394
     934       1.0986
     935       1.7224
     936       1.3776
     937       1.5881
     938       1.8165
     939       1.2600
     940       1.4800
     941       1.1443
     942       1.1629
     943       1.0341
     944       1.7829
     945       1.2430
     946       1.2272
     947       1.4049
     948       1.5486
     949       1.3073
     950       1.3140
     951       1.3627
     952       1.3214
     953       1.9482
     954       1.8084
     955       1.3754
     956       1.0528
     957       1.5021
     958       1.4212
     959       1.2931
     960       1.4693
     961       1.4148
     962       1.5433
     963       1.3116
     964       1.7601
     965       1.1833
     966       1.1534
     967       1.3270
     968       1.3643
     969       1.5395
     970       1.6404
     971       1.7854
     972       0.8992
     973       1.4926
     974       1.4544
     975       1.2831
     976       1.0765
     977       1.2658
     978       1.5545
     979       1.3033
     980       1.0126
     981       1.2802
     982       1.2628
     983       0.9136
     984       1.0505
     985       1.6731
     986       1.8544
     987       1.5890
     988       1.3861
     989       1.1020
     990       1.6301
     991       1.5327
     992       1.3109
     993       1.6348
     994       2.0355
     995       1.5226
     996       1.7816
     997       1.7722
     998       1.7746
     999       1.5347
    1000       1.5346
