Run semi-empirical minimization
 &qmmm
    qm_theory='AM1', grms_tol=0.0005,
 scfconv=1.d-10, ndiis_attempts=700,   qmcharge=0,
 /
   6    C1      180.0540       14.1770       44.7420 
   6    C2      180.3670       15.6240       44.4660 
   6    C3      179.8940       16.6080       45.3540 
   6    C4      180.1660       17.9700       45.1540 
   6    C5      179.6280       18.9740       46.0960 
   8    O1      178.2400       18.9630       46.1640 
   6    C6      177.6100       19.8460       47.0030 
   6    C7      176.2150       19.8110       47.0300 
   6    C8      175.5110       20.6820       47.8630 
   6    C9      176.2020       21.5880       48.6710 
   6   C10      177.5940       21.6210       48.6440 
   8    O2      178.2060       22.5310       49.4610 
   6   C11      178.2970       20.7490       47.8080 
   6   C12      179.7590       20.7510       47.7490 
   8    O3      180.4380       21.5130       48.4350 
   6   C13      180.4090       19.7930       46.8250 
   8    O4      181.7910       19.7930       46.7870 
   6   C14      180.9130       18.3420       44.0310 
   6   C15      181.3920       17.3770       43.1420 
   6   C16      181.1320       16.0110       43.3440 
   6   C17      181.6690       14.9950       42.3590 
   9    F1      181.5460       15.3970       41.0640 
   9    F2      181.0420       13.7850       42.4280 
   9    F3      182.9930       14.7300       42.5460 
   1    H1      180.0180       14.0110       45.8290 
   1    H2      179.0800       13.9220       44.2990 
   1    H3      180.8350       13.5420       44.2990 
   1    H4      179.2970       16.3020       46.2260 
   1    H5      175.6700       19.0970       46.3950 
   1    H6      174.4110       20.6550       47.8830 
   1    H7      175.6470       22.2740       49.3280 
   1    H8      178.9850       22.9670       49.1760 
   1    H9      182.2780       19.3550       47.4570 
   1   H10      181.1250       19.4050       43.8460 
   1   H11      181.9830       17.6920       42.2690 

