#Frame         ligrms
       1       0.0000
       2       0.5528
       3       1.0732
       4       1.4501
       5       1.1216
       6       0.8343
       7       1.2463
       8       1.2277
       9       0.9360
      10       1.0740
      11       1.3298
      12       1.1724
      13       1.7225
      14       1.6346
      15       1.5346
      16       1.1679
      17       1.1044
      18       0.5160
      19       0.8971
      20       1.1201
      21       1.3397
      22       1.3343
      23       0.6718
      24       0.5448
      25       1.1457
      26       1.2954
      27       1.1627
      28       1.0432
      29       1.2182
      30       1.6803
      31       1.0340
      32       0.7699
      33       0.9638
      34       1.0236
      35       0.9173
      36       0.9399
      37       1.3093
      38       1.2538
      39       1.2623
      40       1.2125
      41       1.8837
      42       0.8302
      43       1.0918
      44       1.3344
      45       0.9480
      46       1.0980
      47       1.4915
      48       1.0285
      49       0.7036
      50       0.8946
      51       0.9819
      52       0.8179
      53       1.1545
      54       1.1579
      55       0.6110
      56       1.0031
      57       0.7926
      58       0.9040
      59       0.8272
      60       0.8593
      61       0.9586
      62       0.7908
      63       0.8191
      64       1.2265
      65       1.0675
      66       1.2125
      67       1.3587
      68       1.2901
      69       1.6917
      70       1.0144
      71       1.0892
      72       1.4580
      73       1.1988
      74       1.3376
      75       1.0485
      76       1.3898
      77       1.2149
      78       0.9770
      79       1.5464
      80       1.0588
      81       1.4423
      82       1.0485
      83       1.0308
      84       1.0316
      85       1.1075
      86       1.7293
      87       1.6147
      88       1.5241
      89       1.5573
      90       1.8018
      91       1.8740
      92       1.1353
      93       1.2189
      94       1.0826
      95       1.5890
      96       1.4349
      97       1.3682
      98       1.5477
      99       1.0358
     100       1.0532
     101       1.2128
     102       1.2034
     103       1.0600
     104       1.1229
     105       0.7365
     106       1.0925
     107       1.1477
     108       0.8575
     109       1.0278
     110       1.3242
     111       1.3031
     112       1.4115
     113       1.1309
     114       1.0997
     115       1.5320
     116       0.8237
     117       0.8880
     118       0.9597
     119       1.0553
     120       0.9103
     121       0.9808
     122       0.8425
     123       1.8178
     124       1.4291
     125       1.1038
     126       1.0578
     127       1.6498
     128       1.1494
     129       1.1882
     130       1.0991
     131       1.1326
     132       1.5269
     133       1.2846
     134       0.8191
     135       1.4306
     136       1.3436
     137       1.7885
     138       1.3357
     139       1.2827
     140       1.0078
     141       0.8735
     142       1.1387
     143       1.1226
     144       0.9068
     145       0.7120
     146       0.7795
     147       0.9845
     148       1.1344
     149       1.1033
     150       0.8678
     151       0.8078
     152       0.8662
     153       0.9580
     154       1.5000
     155       0.9007
     156       0.8652
     157       0.6923
     158       0.5553
     159       0.7658
     160       1.2096
     161       1.0620
     162       1.1121
     163       1.0155
     164       1.2404
     165       1.3345
     166       0.9248
     167       0.9603
     168       0.9489
     169       0.8150
     170       0.9042
     171       1.0252
     172       0.8533
     173       0.9959
     174       1.2553
     175       1.2200
     176       1.2450
     177       1.2447
     178       1.2505
     179       1.2089
     180       0.9404
     181       1.2075
     182       1.4637
     183       0.9449
     184       1.2769
     185       1.0564
     186       1.0689
     187       0.9457
     188       1.2532
     189       0.9916
     190       1.0576
     191       1.1560
     192       1.2806
     193       1.4855
     194       1.2575
     195       1.1727
     196       1.2770
     197       0.9645
     198       1.5799
     199       1.2087
     200       1.2078
     201       1.5282
     202       1.4839
     203       1.5466
     204       1.9296
     205       2.0180
     206       1.7378
     207       2.4904
     208       2.0559
     209       2.7346
     210       2.2758
     211       1.8725
     212       1.7975
     213       4.4343
     214       4.4503
     215       4.1758
     216       4.4593
     217       4.8049
     218       3.9137
     219       4.1217
     220       4.1447
     221       4.1781
     222       4.8378
     223       4.3812
     224       4.1713
     225       3.9118
     226       4.3822
     227       5.1261
     228       5.3202
     229       4.5030
     230       4.5416
     231       4.3277
     232       4.4163
     233       4.6203
     234       4.3718
     235       4.6184
     236       3.9180
     237       4.1996
     238       4.5966
     239       4.5967
     240       4.4011
     241       4.5073
     242       4.4242
     243       4.8565
     244       4.8709
     245       4.7317
     246       4.2553
     247       4.4037
     248       4.4064
     249       4.2392
     250       4.2320
     251       4.8942
     252       4.3122
     253       4.1366
     254       3.9362
     255       3.9024
     256       4.3847
     257       4.4577
     258       4.6296
     259       4.9054
     260       5.0750
     261       5.1340
     262       5.1235
     263       5.7424
     264       4.9331
     265       4.7190
     266       4.9991
     267       5.2684
     268       5.5804
     269       4.7251
     270       4.5930
     271       5.1349
     272       5.0198
     273       5.0452
     274       5.0453
     275       5.1654
     276       5.2498
     277       4.8665
     278       5.4973
     279       5.2910
     280       4.9357
     281       4.8343
     282       5.0472
     283       4.8472
     284       4.9692
     285       3.8470
     286       4.2595
     287       4.2428
     288       3.6480
     289       4.3793
     290       4.6120
     291       4.4637
     292       5.1332
     293       4.2706
     294       4.3123
     295       4.1336
     296       4.7649
     297       4.4871
     298       4.6162
     299       4.2691
     300       4.2911
     301       4.3483
     302       4.4555
     303       4.3899
     304       4.3905
     305       4.8198
     306       4.6582
     307       4.1477
     308       4.7752
     309       4.0830
     310       4.3081
     311       4.6981
     312       4.4782
     313       4.6429
     314       4.9138
     315       4.2849
     316       4.3646
     317       4.4013
     318       4.5549
     319       4.3888
     320       4.5472
     321       4.1189
     322       4.0257
     323       4.3318
     324       4.2628
     325       4.4773
     326       4.6279
     327       4.2180
     328       4.7130
     329       4.5842
     330       5.2415
     331       4.4375
     332       4.4724
     333       4.8007
     334       4.6269
     335       4.7419
     336       4.9181
     337       5.1469
     338       4.7743
     339       4.9614
     340       4.1089
     341       4.5134
     342       3.7759
     343       4.1915
     344       4.2023
     345       4.4109
     346       4.2203
     347       4.5116
     348       3.6283
     349       4.2714
     350       4.0831
     351       4.6953
     352       4.2695
     353       4.0243
     354       4.1252
     355       4.5480
     356       4.6624
     357       4.1077
     358       4.2354
     359       4.0545
     360       4.9237
     361       4.2938
     362       4.2454
     363       4.8575
     364       4.5568
     365       3.6833
     366       3.7898
     367       3.6857
     368       3.8037
     369       4.2347
     370       4.2154
     371       4.1381
     372       4.1730
     373       4.1990
     374       3.8568
     375       4.1594
     376       4.6700
     377       4.2816
     378       4.4281
     379       3.9885
     380       4.4298
     381       4.2892
     382       4.6583
     383       4.0939
     384       4.3692
     385       4.6659
     386       4.4618
     387       4.0421
     388       4.3430
     389       4.0301
     390       3.9260
     391       4.0681
     392       4.5084
     393       4.2150
     394       4.4986
     395       4.3392
     396       4.1009
     397       4.3851
     398       4.1963
     399       4.5642
     400       4.3850
     401       3.6043
     402       4.3193
     403       4.2269
     404       4.3121
     405       4.5514
     406       4.4300
     407       4.2955
     408       4.9082
     409       4.4005
     410       4.3281
     411       4.5147
     412       4.3586
     413       3.7198
     414       4.2330
     415       4.0709
     416       4.3448
     417       3.9931
     418       4.3249
     419       4.3063
     420       4.6848
     421       5.0622
     422       4.6518
     423       4.4223
     424       4.6686
     425       4.3114
     426       5.1588
     427       4.3284
     428       5.1663
     429       4.5701
     430       4.4823
     431       4.5291
     432       4.3102
     433       4.2220
     434       4.1754
     435       4.1565
     436       4.3585
     437       4.4298
     438       4.4805
     439       4.2306
     440       4.2472
     441       4.3782
     442       4.4312
     443       4.4416
     444       4.4507
     445       4.2670
     446       4.7101
     447       4.2347
     448       4.5786
     449       4.7338
     450       4.5579
     451       4.7474
     452       4.7259
     453       4.4412
     454       4.7958
     455       4.6338
     456       4.8347
     457       4.9935
     458       4.2260
     459       4.4923
     460       4.3121
     461       4.6790
     462       3.9808
     463       4.9152
     464       4.4763
     465       4.7057
     466       4.2864
     467       4.3909
     468       4.7449
     469       4.2531
     470       4.2735
     471       4.4382
     472       4.1844
     473       3.8753
     474       4.0328
     475       4.4794
     476       4.2619
     477       4.2781
     478       4.3233
     479       4.3412
     480       4.1511
     481       4.3239
     482       4.6912
     483       4.4946
     484       4.4554
     485       4.9897
     486       4.4459
     487       4.4264
     488       4.9404
     489       4.8632
     490       4.7122
     491       4.8043
     492       4.6022
     493       4.5855
     494       4.2025
     495       4.6831
     496       4.6897
     497       5.2714
     498       4.6809
     499       4.7172
     500       4.0034
     501       4.6221
     502       4.4818
     503       3.5036
     504       3.8651
     505       4.6256
     506       4.0015
     507       4.3364
     508       4.8471
     509       4.0502
     510       4.3485
     511       4.2707
     512       3.7334
     513       4.0127
     514       4.4055
     515       4.4587
     516       3.8981
     517       4.2986
     518       3.7652
     519       4.2628
     520       4.3005
     521       3.9515
     522       4.3441
     523       3.9947
     524       4.2525
     525       4.9972
     526       4.4833
     527       4.8575
     528       4.6460
     529       4.7076
     530       5.1238
     531       4.7007
     532       4.5065
     533       4.5932
     534       4.9105
     535       4.6083
     536       4.4989
     537       4.2538
     538       4.6397
     539       4.6555
     540       4.2966
     541       5.0156
     542       4.6809
     543       4.3716
     544       3.9547
     545       4.3686
     546       4.2766
     547       4.5353
     548       4.2980
     549       4.2838
     550       4.6272
     551       3.9494
     552       3.9065
     553       3.0134
     554       4.5342
     555       4.3029
     556       4.1293
     557       4.2957
     558       3.9336
     559       4.5836
     560       3.8218
     561       4.1635
     562       4.3692
     563       4.9584
     564       4.6078
     565       4.4526
     566       4.0968
     567       3.9983
     568       3.8644
     569       4.3334
     570       3.9723
     571       3.9068
     572       4.0769
     573       4.0704
     574       4.2192
     575       4.2223
     576       4.1422
     577       3.7389
     578       4.4827
     579       4.1271
     580       4.1377
     581       4.2746
     582       4.6217
     583       4.6368
     584       4.0495
     585       4.0878
     586       4.5729
     587       4.4599
     588       3.9887
     589       4.4765
     590       4.1309
     591       4.5340
     592       4.1274
     593       4.1223
     594       3.8747
     595       3.9136
     596       4.5175
     597       4.1215
     598       3.5477
     599       3.5533
     600       3.8706
     601       4.0662
     602       4.0314
     603       4.0329
     604       3.8444
     605       4.0993
     606       4.5568
     607       3.7439
     608       4.1387
     609       4.3214
     610       3.9116
     611       4.2568
     612       4.1887
     613       4.3288
     614       4.0937
     615       3.8389
     616       3.7150
     617       4.2196
     618       4.3323
     619       3.8845
     620       4.1180
     621       4.0981
     622       4.3903
     623       4.3276
     624       4.1795
     625       4.4837
     626       4.1174
     627       3.9425
     628       3.7045
     629       4.4714
     630       3.6767
     631       4.4145
     632       4.1003
     633       3.9464
     634       3.8880
     635       4.4744
     636       4.1638
     637       4.3598
     638       4.3178
     639       4.7029
     640       4.1882
     641       4.7564
     642       4.4325
     643       3.7983
     644       3.9720
     645       3.8899
     646       3.7567
     647       4.3864
     648       3.9808
     649       4.0733
     650       3.7413
     651       4.1055
     652       4.1824
     653       3.9621
     654       4.0628
     655       4.8497
     656       4.0961
     657       4.1223
     658       3.9105
     659       4.4415
     660       3.8352
     661       3.8038
     662       4.4401
     663       3.9414
     664       3.5896
     665       3.7847
     666       4.3163
     667       3.9182
     668       3.5322
     669       4.3485
     670       4.0298
     671       3.7615
     672       4.1193
     673       4.1388
     674       3.6677
     675       3.9236
     676       4.0235
     677       4.1947
     678       4.3510
     679       4.1373
     680       4.8577
     681       4.7149
     682       4.3919
     683       4.3003
     684       4.2290
     685       4.2975
     686       4.6780
     687       4.2674
     688       3.8323
     689       4.4148
     690       4.3297
     691       4.1520
     692       4.3432
     693       4.4237
     694       4.9375
     695       4.6455
     696       4.4591
     697       4.8597
     698       5.0537
     699       5.0789
     700       5.0674
     701       4.7759
     702       4.7155
     703       4.7260
     704       4.6057
     705       4.5741
     706       5.0504
     707       5.2680
     708       5.3013
     709       5.2850
     710       4.7564
     711       5.0784
     712       4.9617
     713       5.4170
     714       4.8536
     715       4.7495
     716       4.4773
     717       4.6850
     718       4.8525
     719       4.7714
     720       4.3981
     721       3.4512
     722       3.5107
     723       4.3541
     724       4.2544
     725       4.5603
     726       3.9203
     727       4.5760
     728       3.9750
     729       4.5678
     730       4.8430
     731       4.4030
     732       5.4185
     733       4.3465
     734       4.8089
     735       4.7770
     736       4.9791
     737       4.9952
     738       4.6942
     739       4.3523
     740       4.3742
     741       4.5936
     742       4.8796
     743       4.9019
     744       4.9285
     745       4.3988
     746       4.9698
     747       4.4665
     748       4.9474
     749       5.2944
     750       4.7402
     751       5.2636
     752       4.7990
     753       4.7609
     754       4.6429
     755       5.0550
     756       4.3129
     757       5.2225
     758       5.1534
     759       4.8674
     760       5.4316
     761       5.1812
     762       4.7351
     763       4.4291
     764       4.6438
     765       5.1025
     766       4.5580
     767       5.2956
     768       5.2948
     769       4.7891
     770       5.0196
     771       5.0953
     772       4.8320
     773       4.7886
     774       4.5036
     775       4.2718
     776       4.5011
     777       4.5061
     778       4.9370
     779       4.5721
     780       4.3931
     781       4.3863
     782       4.4402
     783       4.1962
     784       4.1146
     785       4.5409
     786       4.0908
     787       4.1487
     788       4.2628
     789       4.9566
     790       4.4614
     791       4.4781
     792       4.6117
     793       4.4027
     794       4.3171
     795       4.1500
     796       4.2297
     797       4.4134
     798       4.3347
     799       4.3624
     800       4.5345
     801       4.1210
     802       3.9620
     803       4.2391
     804       4.3604
     805       4.6029
     806       4.7664
     807       4.5430
     808       4.5557
     809       4.8114
     810       4.5607
     811       4.8885
     812       4.7592
     813       4.7406
     814       4.9296
     815       4.7203
     816       4.2846
     817       4.6902
     818       4.5838
     819       4.3643
     820       4.2181
     821       4.6621
     822       4.6098
     823       4.2456
     824       3.7404
     825       4.5464
     826       4.2987
     827       4.3910
     828       4.4510
     829       4.7242
     830       4.5149
     831       4.7407
     832       4.1470
     833       4.7190
     834       4.9656
     835       4.7412
     836       5.0026
     837       4.3799
     838       4.6368
     839       4.8927
     840       4.9143
     841       4.4973
     842       4.8068
     843       4.5970
     844       4.5682
     845       4.7793
     846       4.6586
     847       4.5841
     848       4.5976
     849       4.7430
     850       4.7523
     851       4.6245
     852       4.5189
     853       4.8357
     854       4.3722
     855       4.7493
     856       4.8295
     857       4.8624
     858       4.2831
     859       4.3397
     860       4.5790
     861       4.7808
     862       4.4382
     863       4.8416
     864       4.4713
     865       4.6653
     866       4.8500
     867       4.5542
     868       4.6443
     869       4.0916
     870       4.6386
     871       4.3227
     872       4.2883
     873       4.3042
     874       4.2320
     875       4.2493
     876       4.6772
     877       4.6914
     878       4.6307
     879       4.1448
     880       4.3040
     881       4.5471
     882       4.6327
     883       4.3045
     884       4.0174
     885       4.4071
     886       4.4746
     887       4.0123
     888       4.5274
     889       3.9425
     890       4.2621
     891       3.8036
     892       3.9609
     893       4.6222
     894       4.4421
     895       4.3025
     896       4.1191
     897       4.2847
     898       4.2442
     899       4.4630
     900       4.0041
     901       3.4430
     902       3.8697
     903       3.6463
     904       4.1081
     905       4.1042
     906       4.1379
     907       4.2701
     908       4.6006
     909       4.2430
     910       4.1386
     911       4.0021
     912       4.3414
     913       3.9026
     914       4.2174
     915       4.2011
     916       3.8037
     917       4.2938
     918       4.6242
     919       4.5736
     920       4.7475
     921       4.5822
     922       4.5689
     923       4.6573
     924       4.2254
     925       4.5655
     926       4.1175
     927       4.7402
     928       4.5453
     929       4.3358
     930       4.5631
     931       4.5285
     932       4.7925
     933       4.3613
     934       4.2312
     935       4.1005
     936       4.1306
     937       3.9224
     938       4.2505
     939       3.9121
     940       4.1364
     941       4.0680
     942       3.8085
     943       4.1881
     944       4.1535
     945       4.0199
     946       4.6038
     947       4.0168
     948       4.3047
     949       3.5969
     950       4.0161
     951       3.6481
     952       4.1125
     953       3.9200
     954       4.2045
     955       4.4511
     956       3.6439
     957       4.0990
     958       4.3359
     959       4.4250
     960       4.3463
     961       4.2758
     962       4.2319
     963       3.9559
     964       4.0410
     965       4.3223
     966       4.1252
     967       4.5686
     968       4.0548
     969       4.2001
     970       3.7536
     971       4.5883
     972       4.0850
     973       3.8411
     974       3.7559
     975       4.3246
     976       3.9058
     977       4.4730
     978       4.1375
     979       4.5138
     980       4.3907
     981       4.3899
     982       4.2205
     983       4.1503
     984       4.1382
     985       4.1425
     986       4.1472
     987       4.2040
     988       4.1926
     989       3.7613
     990       4.3222
     991       4.2977
     992       4.2122
     993       3.6021
     994       4.0500
     995       4.3675
     996       4.3054
     997       4.1947
     998       3.7331
     999       3.9950
    1000       3.8825
