#Frame        fitprot
       1       0.0000
       2       0.7121
       3       0.7644
       4       0.6866
       5       0.6964
       6       0.7909
       7       0.7589
       8       0.8860
       9       0.8088
      10       1.0232
      11       1.0305
      12       0.9583
      13       0.9821
      14       1.1296
      15       1.1635
      16       0.9802
      17       1.0003
      18       1.0528
      19       1.1762
      20       1.1741
      21       1.0725
      22       0.9854
      23       0.9721
      24       1.1101
      25       1.2509
      26       1.2460
      27       1.2150
      28       1.1547
      29       1.0889
      30       1.1046
      31       1.1756
      32       1.1195
      33       1.0828
      34       1.0802
      35       1.1524
      36       1.1795
      37       1.1696
      38       1.0963
      39       1.2454
      40       1.2263
      41       1.0629
      42       1.1373
      43       1.2372
      44       1.3793
      45       1.2550
      46       1.0863
      47       1.1927
      48       1.1291
      49       1.1263
      50       1.1026
      51       1.0427
      52       0.9427
      53       0.9955
      54       1.0019
      55       1.0086
      56       1.0354
      57       0.9835
      58       1.0048
      59       1.0472
      60       0.9862
      61       0.9882
      62       1.0467
      63       1.1118
      64       1.1469
      65       1.1407
      66       1.1483
      67       1.0814
      68       1.0773
      69       0.9418
      70       1.1054
      71       1.1066
      72       1.1896
      73       1.1406
      74       1.0749
      75       0.9674
      76       1.0967
      77       1.2348
      78       1.0289
      79       1.1517
      80       1.2581
      81       1.3341
      82       1.2851
      83       1.1597
      84       1.1077
      85       1.1989
      86       1.3308
      87       1.3326
      88       1.2941
      89       1.1689
      90       1.2046
      91       1.2044
      92       1.1089
      93       1.1847
      94       1.1233
      95       1.1493
      96       1.1125
      97       1.1249
      98       1.0839
      99       1.1012
     100       1.0578
     101       1.0021
     102       1.0965
     103       1.0854
     104       1.0824
     105       1.0668
     106       1.1372
     107       1.2522
     108       1.2249
     109       1.1479
     110       1.1708
     111       1.2597
     112       1.2150
     113       1.2284
     114       1.0828
     115       1.0826
     116       1.0753
     117       1.1522
     118       1.0450
     119       1.0610
     120       1.0547
     121       1.1256
     122       1.1219
     123       1.1287
     124       1.1353
     125       1.1895
     126       1.2669
     127       1.2290
     128       1.2095
     129       1.2508
     130       1.2158
     131       1.2051
     132       1.2886
     133       1.2343
     134       1.2024
     135       1.2085
     136       1.2864
     137       1.3979
     138       1.2901
     139       1.2566
     140       1.2036
     141       1.1578
     142       1.0522
     143       1.2538
     144       1.1784
     145       1.0579
     146       1.0451
     147       1.0934
     148       1.1686
     149       1.0949
     150       1.1085
     151       1.2333
     152       1.2032
     153       1.0263
     154       1.2136
     155       1.2087
     156       1.4127
     157       1.2150
     158       1.1389
     159       1.0870
     160       1.1345
     161       1.2213
     162       1.0908
     163       1.1728
     164       1.1615
     165       1.0682
     166       1.1759
     167       1.1300
     168       1.1998
     169       1.1622
     170       1.2372
     171       1.2258
     172       1.3879
     173       1.3097
     174       1.4240
     175       1.2844
     176       1.2962
     177       1.1415
     178       1.1908
     179       1.1816
     180       1.1364
     181       0.9888
     182       0.9950
     183       1.1134
     184       1.0713
     185       1.0338
     186       1.0203
     187       1.1108
     188       1.2137
     189       1.2180
     190       1.2530
     191       1.2205
     192       1.3461
     193       1.2172
     194       1.2504
     195       1.3234
     196       1.2719
     197       1.6016
     198       1.4291
     199       1.3767
     200       1.5532
     201       1.5772
     202       1.5946
     203       1.5436
     204       1.4327
     205       1.3686
     206       1.4161
     207       1.4096
     208       1.5042
     209       1.2934
     210       1.2612
     211       1.3510
     212       1.4488
     213       1.3504
     214       1.4746
     215       1.3963
     216       1.4043
     217       1.3812
     218       1.4647
     219       1.3058
     220       1.3383
     221       1.5883
     222       1.6793
     223       1.5573
     224       1.5530
     225       1.5617
     226       1.5857
     227       1.4444
     228       1.3851
     229       1.3200
     230       1.2904
     231       1.2844
     232       1.3534
     233       1.2878
     234       1.3247
     235       1.3288
     236       1.3741
     237       1.4024
     238       1.3765
     239       1.1248
     240       1.2834
     241       1.5075
     242       1.3126
     243       1.4345
     244       1.4535
     245       1.3839
     246       1.4357
     247       1.4035
     248       1.5428
     249       1.5524
     250       1.5333
     251       1.3980
     252       1.5382
     253       1.5876
     254       1.6407
     255       1.6941
     256       1.7488
     257       1.7938
     258       1.7610
     259       1.5729
     260       1.5452
     261       1.6658
     262       1.6332
     263       1.7195
     264       1.7539
     265       1.8162
     266       1.7284
     267       1.8184
     268       1.8310
     269       1.7402
     270       1.6838
     271       1.7033
     272       1.7079
     273       1.7108
     274       1.6236
     275       1.7768
     276       1.6224
     277       1.5802
     278       1.5882
     279       1.5907
     280       1.5519
     281       1.5114
     282       1.6492
     283       1.4856
     284       1.6272
     285       1.5026
     286       1.5613
     287       1.5429
     288       1.6257
     289       1.6558
     290       1.7469
     291       1.7619
     292       1.7712
     293       1.7027
     294       1.7302
     295       1.6010
     296       1.6148
     297       1.6183
     298       1.5384
     299       1.5061
     300       1.5557
     301       1.7060
     302       1.6209
     303       1.6078
     304       1.7065
     305       1.8349
     306       1.8478
     307       1.7504
     308       1.7016
     309       1.6949
     310       1.6435
     311       1.6524
     312       1.5588
     313       1.6294
     314       1.5963
     315       1.4994
     316       1.4731
     317       1.4946
     318       1.5148
     319       1.5869
     320       1.4732
     321       1.5043
     322       1.3890
     323       1.3133
     324       1.3106
     325       1.5283
     326       1.4727
     327       1.4658
     328       1.4541
     329       1.4973
     330       1.4993
     331       1.5307
     332       1.6128
     333       1.6821
     334       1.6805
     335       1.6386
     336       1.6684
     337       1.5719
     338       1.4866
     339       1.5936
     340       1.6245
     341       1.7831
     342       1.7187
     343       1.5539
     344       1.5080
     345       1.5508
     346       1.4623
     347       1.5763
     348       1.4817
     349       1.4660
     350       1.4661
     351       1.4046
     352       1.4856
     353       1.5610
     354       1.6355
     355       1.5386
     356       1.5222
     357       1.6257
     358       1.6196
     359       1.6931
     360       1.8536
     361       1.8429
     362       1.7522
     363       1.7904
     364       1.7877
     365       1.7881
     366       1.7202
     367       1.6393
     368       1.5683
     369       1.6425
     370       1.7742
     371       1.6566
     372       1.6081
     373       1.4551
     374       1.5507
     375       1.5325
     376       1.5643
     377       1.5537
     378       1.6043
     379       1.6666
     380       1.5498
     381       1.7418
     382       1.8004
     383       1.6664
     384       1.6610
     385       1.7244
     386       1.6389
     387       1.7646
     388       1.4871
     389       1.5376
     390       1.5160
     391       1.5181
     392       1.5617
     393       1.5511
     394       1.7146
     395       1.5878
     396       1.5295
     397       1.4800
     398       1.4683
     399       1.5196
     400       1.4652
     401       1.5031
     402       1.4966
     403       1.7228
     404       1.6388
     405       1.5403
     406       1.5484
     407       1.5828
     408       1.5410
     409       1.6242
     410       1.7557
     411       1.8933
     412       1.8833
     413       1.7551
     414       1.5861
     415       1.5872
     416       1.7825
     417       1.8453
     418       1.7414
     419       1.8439
     420       1.8251
     421       1.7634
     422       1.5643
     423       1.6325
     424       1.6133
     425       1.7276
     426       1.7245
     427       1.5723
     428       1.5908
     429       1.6570
     430       1.5188
     431       1.4774
     432       1.5959
     433       1.5926
     434       1.4793
     435       1.5335
     436       1.6416
     437       1.6804
     438       1.5972
     439       1.7099
     440       1.7474
     441       1.5780
     442       1.6519
     443       1.6989
     444       1.7901
     445       1.7160
     446       1.6449
     447       1.7911
     448       1.8015
     449       1.7555
     450       1.7815
     451       1.8301
     452       1.8476
     453       1.7675
     454       1.9350
     455       1.7339
     456       1.7028
     457       1.7699
     458       1.6308
     459       1.5263
     460       1.6679
     461       1.4925
     462       1.5265
     463       1.5402
     464       1.6620
     465       1.6744
     466       1.5205
     467       1.6233
     468       1.6114
     469       1.5000
     470       1.4795
     471       1.3663
     472       1.4943
     473       1.4542
     474       1.4637
     475       1.4662
     476       1.4079
     477       1.5035
     478       1.5211
     479       1.5644
     480       1.6506
     481       1.6875
     482       1.6631
     483       1.7448
     484       1.5114
     485       1.6160
     486       1.5760
     487       1.6988
     488       1.6294
     489       1.5267
     490       1.4560
     491       1.5577
     492       1.5556
     493       1.6198
     494       1.5484
     495       1.5244
     496       1.5734
     497       1.5595
     498       1.5610
     499       1.6076
     500       1.4992
     501       1.5085
     502       1.4990
     503       1.5109
     504       1.4424
     505       1.5705
     506       1.5940
     507       1.5506
     508       1.6377
     509       1.5660
     510       1.5647
     511       1.5449
     512       1.5510
     513       1.5085
     514       1.5978
     515       1.6153
     516       1.5770
     517       1.6447
     518       1.6705
     519       1.6307
     520       1.6238
     521       1.6539
     522       1.5314
     523       1.6151
     524       1.7138
     525       1.7177
     526       1.8233
     527       1.6109
     528       1.6894
     529       1.8558
     530       1.8748
     531       1.8402
     532       1.7662
     533       1.7508
     534       1.7611
     535       1.6708
     536       1.8021
     537       1.8690
     538       1.6608
     539       1.7498
     540       1.7993
     541       1.7133
     542       1.7158
     543       1.5839
     544       1.7020
     545       1.6898
     546       1.5778
     547       1.5661
     548       1.5536
     549       1.5790
     550       1.6765
     551       1.5723
     552       1.4663
     553       1.5631
     554       1.5470
     555       1.5552
     556       1.6363
     557       1.6371
     558       1.7259
     559       1.5702
     560       1.6310
     561       1.6649
     562       1.7424
     563       1.7405
     564       1.7825
     565       1.7236
     566       1.7065
     567       1.6991
     568       1.7947
     569       1.8301
     570       1.8100
     571       1.7366
     572       1.7538
     573       1.8037
     574       1.7198
     575       1.7723
     576       1.6346
     577       1.7939
     578       1.5915
     579       1.6976
     580       1.6863
     581       1.5817
     582       1.6505
     583       1.6484
     584       1.7755
     585       1.7506
     586       1.6484
     587       1.5633
     588       1.6428
     589       1.6103
     590       1.6566
     591       1.7030
     592       1.6639
     593       1.7637
     594       1.6462
     595       1.8049
     596       1.7859
     597       1.7535
     598       1.5870
     599       1.6632
     600       1.7094
     601       1.6759
     602       1.5629
     603       1.6014
     604       1.6543
     605       1.6054
     606       1.6296
     607       1.6098
     608       1.5869
     609       1.5237
     610       1.4999
     611       1.4554
     612       1.5518
     613       1.5405
     614       1.5675
     615       1.6396
     616       1.6683
     617       1.5291
     618       1.5375
     619       1.5179
     620       1.5085
     621       1.5196
     622       1.6289
     623       1.5922
     624       1.5490
     625       1.5171
     626       1.5424
     627       1.5347
     628       1.5081
     629       1.5042
     630       1.5045
     631       1.5499
     632       1.5820
     633       1.6656
     634       1.5437
     635       1.5018
     636       1.4153
     637       1.6520
     638       1.4845
     639       1.5048
     640       1.4451
     641       1.4202
     642       1.5599
     643       1.4981
     644       1.5425
     645       1.4179
     646       1.4411
     647       1.4563
     648       1.4129
     649       1.3762
     650       1.4247
     651       1.4267
     652       1.4237
     653       1.4101
     654       1.4474
     655       1.4778
     656       1.6316
     657       1.5961
     658       1.5396
     659       1.3603
     660       1.3510
     661       1.4501
     662       1.3004
     663       1.4328
     664       1.3293
     665       1.2865
     666       1.4343
     667       1.3951
     668       1.3849
     669       1.5383
     670       1.5158
     671       1.4084
     672       1.4899
     673       1.3975
     674       1.4001
     675       1.4017
     676       1.3595
     677       1.4464
     678       1.4683
     679       1.4815
     680       1.5237
     681       1.5756
     682       1.5456
     683       1.4559
     684       1.4668
     685       1.5437
     686       1.6531
     687       1.6969
     688       1.6688
     689       1.6922
     690       1.6313
     691       1.6493
     692       1.6904
     693       1.6920
     694       1.5874
     695       1.5939
     696       1.5968
     697       1.8050
     698       1.6928
     699       1.6416
     700       1.6432
     701       1.6057
     702       1.7097
     703       1.5448
     704       1.7909
     705       1.6674
     706       1.6497
     707       1.7096
     708       1.7180
     709       1.5569
     710       1.5358
     711       1.5503
     712       1.7240
     713       1.6299
     714       1.5428
     715       1.5141
     716       1.6043
     717       1.5906
     718       1.6056
     719       1.5854
     720       1.4650
     721       1.5055
     722       1.4970
     723       1.5701
     724       1.5449
     725       1.5648
     726       1.5436
     727       1.5098
     728       1.4573
     729       1.4888
     730       1.4572
     731       1.4331
     732       1.4969
     733       1.5633
     734       1.6095
     735       1.5743
     736       1.6178
     737       1.5883
     738       1.5746
     739       1.5310
     740       1.5816
     741       1.7684
     742       1.5997
     743       1.8063
     744       1.6641
     745       1.6500
     746       1.5479
     747       1.4890
     748       1.6051
     749       1.6114
     750       1.5139
     751       1.4520
     752       1.5622
     753       1.3687
     754       1.3436
     755       1.4350
     756       1.3465
     757       1.4063
     758       1.4864
     759       1.4344
     760       1.4055
     761       1.5062
     762       1.6474
     763       1.6210
     764       1.5327
     765       1.4461
     766       1.5962
     767       1.5390
     768       1.4699
     769       1.4389
     770       1.4296
     771       1.5315
     772       1.5264
     773       1.5190
     774       1.5437
     775       1.5270
     776       1.5672
     777       1.6445
     778       1.5628
     779       1.6426
     780       1.8497
     781       1.6630
     782       1.6111
     783       1.6591
     784       1.6618
     785       1.7758
     786       1.8414
     787       1.7375
     788       1.6376
     789       1.6572
     790       1.6183
     791       1.5085
     792       1.4569
     793       1.4405
     794       1.4192
     795       1.4549
     796       1.4349
     797       1.4997
     798       1.5578
     799       1.5393
     800       1.5358
     801       1.5796
     802       1.6956
     803       1.5018
     804       1.6009
     805       1.4662
     806       1.5163
     807       1.5963
     808       1.5641
     809       1.6058
     810       1.5808
     811       1.5940
     812       1.5548
     813       1.4891
     814       1.4589
     815       1.4450
     816       1.4303
     817       1.5289
     818       1.4975
     819       1.4742
     820       1.4579
     821       1.4603
     822       1.5407
     823       1.3733
     824       1.5507
     825       1.5303
     826       1.4549
     827       1.5155
     828       1.5663
     829       1.4931
     830       1.5109
     831       1.5607
     832       1.5052
     833       1.6433
     834       1.5666
     835       1.6509
     836       1.6468
     837       1.4531
     838       1.4778
     839       1.5112
     840       1.5508
     841       1.6159
     842       1.5926
     843       1.5422
     844       1.6036
     845       1.7034
     846       1.6418
     847       1.7622
     848       1.6116
     849       1.6386
     850       1.5637
     851       1.6079
     852       1.7907
     853       1.7535
     854       1.8609
     855       1.8892
     856       1.7311
     857       1.8307
     858       1.6551
     859       1.7103
     860       1.5766
     861       1.5800
     862       1.5681
     863       1.5427
     864       1.5524
     865       1.5611
     866       1.6040
     867       1.5847
     868       1.6529
     869       1.5219
     870       1.4964
     871       1.5559
     872       1.5429
     873       1.5318
     874       1.5418
     875       1.5955
     876       1.5257
     877       1.5325
     878       1.5347
     879       1.5215
     880       1.6632
     881       1.5674
     882       1.6023
     883       1.5654
     884       1.5566
     885       1.5793
     886       1.6388
     887       1.6024
     888       1.5042
     889       1.5254
     890       1.4617
     891       1.4821
     892       1.5413
     893       1.5661
     894       1.4264
     895       1.5196
     896       1.4971
     897       1.4826
     898       1.4712
     899       1.6562
     900       1.5037
     901       1.5011
     902       1.5019
     903       1.5949
     904       1.5744
     905       1.5324
     906       1.5100
     907       1.4061
     908       1.4528
     909       1.5123
     910       1.4685
     911       1.4583
     912       1.5330
     913       1.4571
     914       1.4469
     915       1.5412
     916       1.4350
     917       1.5145
     918       1.5151
     919       1.4866
     920       1.5041
     921       1.4347
     922       1.5610
     923       1.5646
     924       1.4811
     925       1.5024
     926       1.5674
     927       1.5101
     928       1.5336
     929       1.4393
     930       1.5375
     931       1.4500
     932       1.4460
     933       1.4934
     934       1.4137
     935       1.4063
     936       1.4231
     937       1.3464
     938       1.3730
     939       1.4577
     940       1.3728
     941       1.4879
     942       1.5194
     943       1.4292
     944       1.4734
     945       1.3833
     946       1.4751
     947       1.4727
     948       1.4308
     949       1.3421
     950       1.3517
     951       1.4760
     952       1.5100
     953       1.4795
     954       1.4399
     955       1.4546
     956       1.5610
     957       1.5858
     958       1.5642
     959       1.5336
     960       1.6219
     961       1.4728
     962       1.4792
     963       1.4698
     964       1.4260
     965       1.4581
     966       1.4862
     967       1.4838
     968       1.4307
     969       1.4859
     970       1.5587
     971       1.4407
     972       1.5604
     973       1.6273
     974       1.5222
     975       1.5986
     976       1.5305
     977       1.5510
     978       1.4494
     979       1.4250
     980       1.4764
     981       1.5138
     982       1.4746
     983       1.4226
     984       1.5005
     985       1.4671
     986       1.4928
     987       1.5573
     988       1.5572
     989       1.5126
     990       1.4816
     991       1.4315
     992       1.5098
     993       1.4301
     994       1.4362
     995       1.3782
     996       1.3926
     997       1.5124
     998       1.5161
     999       1.5176
    1000       1.4856
