#Frame         fadrms
       1       0.0000
       2       0.4238
       3       0.6161
       4       0.4018
       5       0.3582
       6       0.4201
       7       0.3684
       8       0.4841
       9       0.4351
      10       0.4152
      11       0.4033
      12       0.4766
      13       0.5296
      14       0.5257
      15       0.6262
      16       0.5185
      17       0.4510
      18       0.4301
      19       0.5543
      20       0.4125
      21       0.5171
      22       0.4064
      23       0.5043
      24       0.5195
      25       0.4139
      26       0.3961
      27       0.4875
      28       0.4541
      29       0.5332
      30       0.5882
      31       0.6566
      32       0.6288
      33       0.6975
      34       0.5599
      35       0.5452
      36       0.4614
      37       0.4235
      38       0.4824
      39       0.5430
      40       0.3937
      41       0.4421
      42       0.4754
      43       0.4799
      44       0.3868
      45       0.4730
      46       0.4059
      47       0.4092
      48       0.4803
      49       0.3755
      50       0.3737
      51       0.3260
      52       0.3891
      53       0.3459
      54       0.3495
      55       0.4410
      56       0.4318
      57       0.4420
      58       0.4350
      59       0.4951
      60       0.5010
      61       0.5168
      62       0.6210
      63       0.6649
      64       0.6148
      65       0.6256
      66       0.5990
      67       0.5754
      68       0.5692
      69       0.3957
      70       0.4370
      71       0.3794
      72       0.3124
      73       0.5119
      74       0.5602
      75       0.4278
      76       0.4839
      77       0.5409
      78       0.4384
      79       0.4987
      80       0.4586
      81       0.3827
      82       0.5555
      83       0.5224
      84       0.5476
      85       0.4394
      86       0.4649
      87       0.5316
      88       0.5188
      89       0.5439
      90       0.4256
      91       0.5034
      92       0.4523
      93       0.3871
      94       0.3962
      95       0.4788
      96       0.5845
      97       0.4606
      98       0.4019
      99       0.3963
     100       0.4503
     101       0.4435
     102       0.4451
     103       0.4907
     104       0.5378
     105       0.4638
     106       0.6457
     107       0.4995
     108       0.5171
     109       0.6330
     110       0.7391
     111       0.5588
     112       0.5308
     113       0.4585
     114       0.5166
     115       0.5681
     116       0.4936
     117       0.4591
     118       0.5460
     119       0.4081
     120       0.3961
     121       0.3884
     122       0.3982
     123       0.4261
     124       0.5332
     125       0.5487
     126       0.4603
     127       0.4645
     128       0.5077
     129       0.4005
     130       0.3987
     131       0.4034
     132       0.3937
     133       0.4439
     134       0.3821
     135       0.3785
     136       0.4865
     137       0.4709
     138       0.3569
     139       0.3500
     140       0.2699
     141       0.3374
     142       0.3275
     143       0.3290
     144       0.3311
     145       0.3199
     146       0.3962
     147       0.3542
     148       0.3872
     149       0.5129
     150       0.3993
     151       0.4718
     152       0.4853
     153       0.6753
     154       0.3422
     155       0.4020
     156       0.4891
     157       0.4243
     158       0.3873
     159       0.3009
     160       0.4519
     161       0.3725
     162       0.4352
     163       0.4954
     164       0.4880
     165       0.5023
     166       0.3977
     167       0.5369
     168       0.5997
     169       0.7897
     170       0.5642
     171       0.4809
     172       0.6566
     173       0.4752
     174       0.3657
     175       0.4519
     176       0.4479
     177       0.6463
     178       0.5798
     179       0.5604
     180       0.5330
     181       0.5074
     182       0.5855
     183       0.4996
     184       0.4798
     185       0.5871
     186       0.5299
     187       0.4810
     188       0.6256
     189       0.4729
     190       0.5347
     191       0.5012
     192       0.4426
     193       0.5688
     194       0.5089
     195       0.4852
     196       0.5630
     197       0.5945
     198       0.6109
     199       0.6488
     200       0.5701
     201       0.5867
     202       0.4662
     203       0.7330
     204       0.5825
     205       0.5485
     206       0.6452
     207       0.5278
     208       0.4977
     209       0.4276
     210       0.6280
     211       0.5514
     212       0.4971
     213       0.5486
     214       0.5088
     215       0.4233
     216       0.5846
     217       0.5699
     218       0.4992
     219       0.5495
     220       0.6131
     221       0.5900
     222       0.5773
     223       0.4989
     224       0.4836
     225       0.6107
     226       0.6981
     227       0.6456
     228       0.5545
     229       0.5726
     230       0.5824
     231       0.5377
     232       0.6617
     233       0.7518
     234       0.6637
     235       0.7281
     236       0.6326
     237       0.8491
     238       0.7602
     239       0.6826
     240       0.8155
     241       0.8786
     242       0.8357
     243       0.8980
     244       0.7245
     245       0.7646
     246       0.7411
     247       0.7622
     248       0.7385
     249       0.6131
     250       0.7194
     251       0.8646
     252       0.9853
     253       0.7680
     254       0.7726
     255       0.7303
     256       0.7368
     257       0.8096
     258       0.7630
     259       0.8287
     260       0.6229
     261       0.5943
     262       0.7497
     263       0.5832
     264       0.7358
     265       0.7370
     266       0.7036
     267       0.7607
     268       0.8745
     269       0.9008
     270       0.7167
     271       0.7411
     272       0.8250
     273       0.7644
     274       0.6847
     275       0.5773
     276       0.6960
     277       0.7255
     278       0.8041
     279       0.9245
     280       0.8941
     281       0.8052
     282       0.7649
     283       0.8595
     284       0.7975
     285       0.8942
     286       0.7290
     287       0.7225
     288       0.5831
     289       0.6849
     290       0.6403
     291       0.7027
     292       0.7156
     293       0.7111
     294       0.7601
     295       0.7374
     296       0.7000
     297       0.7965
     298       0.8683
     299       0.8405
     300       0.7903
     301       0.8115
     302       0.9079
     303       0.9557
     304       0.9713
     305       0.8777
     306       0.8701
     307       0.8789
     308       0.9074
     309       0.8557
     310       0.9489
     311       0.8850
     312       0.7760
     313       0.7433
     314       0.8338
     315       0.7101
     316       0.7601
     317       0.6855
     318       0.6955
     319       0.6001
     320       0.6359
     321       0.7638
     322       0.9066
     323       0.7952
     324       0.8026
     325       0.8034
     326       0.7783
     327       0.8726
     328       0.8722
     329       0.7486
     330       0.7120
     331       0.7243
     332       0.7114
     333       0.6363
     334       0.5517
     335       0.5916
     336       0.5167
     337       0.5742
     338       0.6117
     339       0.6339
     340       0.7734
     341       0.7075
     342       0.7009
     343       0.6512
     344       0.6324
     345       0.6214
     346       0.6355
     347       0.5992
     348       0.7044
     349       0.7585
     350       0.6364
     351       0.7981
     352       0.6975
     353       0.6224
     354       0.7447
     355       0.6942
     356       0.9049
     357       0.7285
     358       0.7514
     359       0.7329
     360       0.7020
     361       0.6767
     362       0.5508
     363       0.5918
     364       0.7167
     365       0.7068
     366       0.6106
     367       0.6339
     368       0.6825
     369       0.6717
     370       0.6581
     371       0.6298
     372       0.6819
     373       0.5841
     374       0.6240
     375       0.6406
     376       0.6635
     377       0.6191
     378       0.7656
     379       0.6204
     380       0.5745
     381       0.7143
     382       0.6901
     383       0.6298
     384       0.6919
     385       0.7052
     386       0.8012
     387       0.6546
     388       0.5807
     389       0.5672
     390       0.7664
     391       0.7048
     392       0.6727
     393       0.8340
     394       0.7346
     395       0.6799
     396       0.6309
     397       0.6884
     398       0.9124
     399       0.7912
     400       0.6942
     401       0.7353
     402       0.8134
     403       0.7055
     404       0.7763
     405       0.6765
     406       0.6307
     407       0.5300
     408       0.5807
     409       0.6253
     410       0.6406
     411       0.6423
     412       0.5897
     413       0.6372
     414       0.6799
     415       0.6655
     416       0.5839
     417       0.7029
     418       0.6707
     419       0.5739
     420       0.5941
     421       0.6347
     422       0.6458
     423       0.7416
     424       0.6442
     425       0.7409
     426       0.6619
     427       0.6042
     428       0.5560
     429       0.5867
     430       0.6550
     431       0.5892
     432       0.6857
     433       0.7011
     434       0.7837
     435       0.6876
     436       0.8989
     437       0.8062
     438       0.6509
     439       0.6758
     440       0.7325
     441       0.6852
     442       0.7122
     443       0.6074
     444       0.4958
     445       0.5334
     446       0.5499
     447       0.5635
     448       0.6057
     449       0.5888
     450       0.5477
     451       0.6082
     452       0.6698
     453       0.6953
     454       0.6376
     455       0.6052
     456       0.5385
     457       0.6420
     458       0.7423
     459       0.7015
     460       0.6764
     461       0.7140
     462       0.6576
     463       0.7510
     464       0.6819
     465       0.5922
     466       0.6603
     467       0.5829
     468       0.5403
     469       0.5653
     470       0.5305
     471       0.6163
     472       0.6567
     473       0.6800
     474       0.5849
     475       0.6359
     476       0.5569
     477       0.5962
     478       0.6541
     479       0.5724
     480       0.5890
     481       0.5574
     482       0.5735
     483       0.5327
     484       0.6214
     485       0.5812
     486       0.5687
     487       0.6757
     488       0.6347
     489       0.7200
     490       0.6374
     491       0.6383
     492       0.6915
     493       0.6933
     494       0.6487
     495       0.7228
     496       0.6748
     497       0.7028
     498       0.6828
     499       0.6965
     500       0.8059
     501       0.8566
     502       0.7637
     503       0.7338
     504       0.7689
     505       0.7221
     506       0.7418
     507       0.7806
     508       0.8460
     509       0.8508
     510       0.9360
     511       0.8471
     512       0.9379
     513       0.7477
     514       0.6791
     515       0.7496
     516       0.7449
     517       0.7821
     518       0.8441
     519       0.8314
     520       0.7482
     521       0.8236
     522       0.8769
     523       0.7792
     524       0.8634
     525       0.7279
     526       0.8115
     527       0.7531
     528       0.8028
     529       0.8656
     530       0.8646
     531       0.8406
     532       0.7957
     533       0.8236
     534       0.9210
     535       0.8869
     536       0.9095
     537       1.0052
     538       0.9601
     539       0.8290
     540       1.0418
     541       0.9232
     542       0.9484
     543       0.8139
     544       0.9160
     545       0.9123
     546       1.0597
     547       1.1054
     548       0.8725
     549       0.9145
     550       0.9504
     551       0.8567
     552       0.9368
     553       0.7952
     554       0.9407
     555       0.8955
     556       0.8870
     557       0.9219
     558       0.8762
     559       0.9145
     560       0.9702
     561       1.0657
     562       0.9341
     563       1.0456
     564       0.8921
     565       0.9664
     566       0.9056
     567       0.9997
     568       0.9711
     569       0.8817
     570       0.8604
     571       0.9190
     572       0.9270
     573       0.8770
     574       0.9584
     575       0.9400
     576       0.9248
     577       0.8718
     578       1.0075
     579       0.9321
     580       0.9833
     581       0.9985
     582       0.9931
     583       0.9663
     584       0.8787
     585       0.9064
     586       0.8749
     587       0.9267
     588       0.9902
     589       1.0056
     590       0.9186
     591       0.9532
     592       0.8334
     593       0.9598
     594       1.0196
     595       0.8144
     596       0.9233
     597       0.9666
     598       1.0146
     599       0.9934
     600       1.0343
     601       0.9264
     602       0.9535
     603       0.9088
     604       0.8766
     605       0.8896
     606       0.9646
     607       0.9363
     608       0.8553
     609       0.9624
     610       0.8946
     611       0.8373
     612       0.9692
     613       0.9239
     614       0.9628
     615       0.9437
     616       0.9200
     617       1.0399
     618       1.0703
     619       0.9084
     620       0.9719
     621       0.9711
     622       0.9987
     623       0.9801
     624       0.9473
     625       1.0829
     626       0.9082
     627       0.9087
     628       0.9670
     629       0.8935
     630       0.7890
     631       0.8660
     632       0.8661
     633       0.8880
     634       0.9637
     635       1.0275
     636       1.0323
     637       0.9465
     638       0.9920
     639       0.9874
     640       0.9916
     641       0.9496
     642       1.0025
     643       0.9143
     644       0.9698
     645       0.9256
     646       0.8802
     647       0.9536
     648       0.9003
     649       0.9078
     650       0.9935
     651       0.9463
     652       0.9658
     653       0.9068
     654       0.9252
     655       0.9318
     656       0.8510
     657       0.8623
     658       0.9561
     659       0.8916
     660       0.8030
     661       0.8807
     662       0.9022
     663       0.8896
     664       0.8333
     665       0.8210
     666       0.7698
     667       0.7111
     668       0.6269
     669       0.7705
     670       0.7469
     671       0.8154
     672       0.8051
     673       0.7562
     674       0.7306
     675       0.7358
     676       0.6933
     677       0.7832
     678       0.8343
     679       0.8780
     680       0.8197
     681       0.8020
     682       0.8249
     683       0.7909
     684       0.7883
     685       0.9789
     686       0.8175
     687       0.8514
     688       0.7811
     689       0.8083
     690       0.8278
     691       0.8255
     692       0.7496
     693       0.8170
     694       0.7737
     695       0.8263
     696       0.8545
     697       0.9494
     698       0.9674
     699       0.9353
     700       0.8042
     701       0.7801
     702       0.8657
     703       0.8298
     704       0.8652
     705       0.8730
     706       0.8891
     707       0.7327
     708       0.7487
     709       0.7766
     710       0.7885
     711       0.7890
     712       0.7476
     713       0.7399
     714       0.7352
     715       0.7548
     716       0.7362
     717       0.7411
     718       0.7291
     719       0.7112
     720       0.7251
     721       0.7584
     722       0.7265
     723       0.6885
     724       0.6599
     725       0.7922
     726       0.6156
     727       0.7828
     728       0.7772
     729       0.7804
     730       0.7559
     731       0.6432
     732       0.7609
     733       0.6745
     734       0.7253
     735       0.7995
     736       0.7380
     737       0.7759
     738       0.7336
     739       0.7013
     740       0.6399
     741       0.7079
     742       0.7120
     743       0.6889
     744       0.6952
     745       0.7304
     746       0.7703
     747       0.6568
     748       0.6828
     749       0.7196
     750       0.8566
     751       0.7578
     752       0.7891
     753       0.9079
     754       0.7589
     755       0.6841
     756       0.7773
     757       0.8017
     758       0.8610
     759       0.9536
     760       0.8027
     761       0.7148
     762       0.7495
     763       0.8616
     764       0.8204
     765       0.7744
     766       0.7061
     767       0.8347
     768       0.7748
     769       0.8817
     770       0.9157
     771       0.8251
     772       0.8654
     773       0.8974
     774       0.9188
     775       1.0387
     776       0.8683
     777       0.8782
     778       0.8552
     779       0.8284
     780       0.8561
     781       0.8033
     782       0.7424
     783       0.8022
     784       0.8151
     785       0.7949
     786       0.8298
     787       0.7928
     788       0.8658
     789       0.8655
     790       0.9187
     791       0.9060
     792       0.8904
     793       0.8469
     794       0.8771
     795       0.8605
     796       0.8277
     797       0.7955
     798       0.8119
     799       0.7884
     800       0.8733
     801       0.7588
     802       0.8561
     803       0.7702
     804       0.7894
     805       0.7545
     806       0.7472
     807       0.7523
     808       0.7388
     809       0.7388
     810       0.7008
     811       0.7437
     812       0.7279
     813       0.7613
     814       0.7626
     815       0.7431
     816       0.7431
     817       0.6538
     818       0.6115
     819       0.6171
     820       0.6609
     821       0.7338
     822       0.7188
     823       0.7570
     824       0.6982
     825       0.7278
     826       0.6869
     827       0.7477
     828       0.8549
     829       0.7479
     830       0.7424
     831       0.7549
     832       0.6434
     833       0.6953
     834       0.7245
     835       0.7228
     836       0.7338
     837       0.6784
     838       0.7057
     839       0.6473
     840       0.6916
     841       0.7152
     842       0.6963
     843       0.6857
     844       0.7476
     845       0.7570
     846       0.6969
     847       0.7475
     848       0.7882
     849       0.7589
     850       0.7551
     851       0.7340
     852       0.6455
     853       0.7147
     854       0.7389
     855       0.7552
     856       0.7850
     857       0.8060
     858       0.7703
     859       0.7515
     860       0.7611
     861       0.7746
     862       0.8018
     863       0.8591
     864       0.9352
     865       0.7920
     866       0.8757
     867       0.7792
     868       0.8047
     869       0.8162
     870       0.7958
     871       0.7915
     872       0.7833
     873       0.7786
     874       0.7591
     875       0.7842
     876       0.7408
     877       0.8171
     878       0.7650
     879       0.8140
     880       0.7217
     881       0.8519
     882       0.8632
     883       0.8561
     884       0.8373
     885       0.7938
     886       0.8601
     887       0.8968
     888       0.7399
     889       0.7564
     890       0.7852
     891       0.8034
     892       0.8357
     893       0.7732
     894       0.7575
     895       0.7963
     896       0.8164
     897       0.8323
     898       0.9520
     899       0.8478
     900       0.9143
     901       0.8510
     902       0.8632
     903       0.8505
     904       0.9449
     905       0.9136
     906       0.9572
     907       0.8246
     908       0.9383
     909       0.9281
     910       0.9479
     911       0.8951
     912       0.8838
     913       0.8649
     914       0.8460
     915       0.8286
     916       0.9174
     917       0.8630
     918       0.7297
     919       0.7694
     920       0.9081
     921       0.7756
     922       0.6761
     923       0.7224
     924       0.6487
     925       0.7338
     926       0.6630
     927       0.6453
     928       0.7389
     929       0.6686
     930       0.7328
     931       0.6595
     932       0.6585
     933       0.6536
     934       0.6826
     935       0.6997
     936       0.7038
     937       0.6336
     938       0.6263
     939       0.6351
     940       0.6613
     941       0.6631
     942       0.6700
     943       0.6461
     944       0.6250
     945       0.6335
     946       0.7367
     947       0.6912
     948       0.6926
     949       0.7207
     950       0.6207
     951       0.6012
     952       0.6152
     953       0.7047
     954       0.7199
     955       0.6077
     956       0.6731
     957       0.7516
     958       0.7787
     959       0.7232
     960       0.7079
     961       0.6877
     962       0.7803
     963       0.8567
     964       0.7493
     965       0.7421
     966       0.7133
     967       0.7152
     968       0.6796
     969       0.6984
     970       0.6663
     971       0.8005
     972       0.7443
     973       0.6763
     974       0.6695
     975       0.6973
     976       0.7719
     977       0.8040
     978       0.7506
     979       0.7254
     980       0.6925
     981       0.7105
     982       0.6685
     983       0.6979
     984       0.7040
     985       0.6384
     986       0.7714
     987       0.6258
     988       0.5964
     989       0.5809
     990       0.6057
     991       0.6211
     992       0.6251
     993       0.8258
     994       0.7036
     995       0.6586
     996       0.6453
     997       0.6891
     998       0.6123
     999       0.6854
    1000       0.7424
