#Frame         ligrms
       1       0.0000
       2       1.0187
       3       0.8670
       4       1.2874
       5       1.1941
       6       1.7062
       7       1.0044
       8       0.7371
       9       1.1160
      10       0.8112
      11       1.3094
      12       1.2334
      13       1.3187
      14       1.2316
      15       1.3399
      16       1.3888
      17       1.7830
      18       1.8888
      19       1.8215
      20       1.6178
      21       2.0748
      22       1.2426
      23       2.2247
      24       2.1499
      25       1.7476
      26       1.8407
      27       1.3603
      28       1.6233
      29       1.8295
      30       1.9856
      31       1.7425
      32       1.4679
      33       1.7750
      34       2.2081
      35       3.4863
      36       1.8253
      37       2.1539
      38       1.1999
      39       1.1039
      40       1.3089
      41       0.8691
      42       1.0985
      43       1.5050
      44       1.0227
      45       0.7151
      46       1.0368
      47       1.1204
      48       0.8582
      49       1.0061
      50       0.8614
      51       0.9980
      52       1.0641
      53       1.1271
      54       1.3189
      55       1.4458
      56       1.5746
      57       1.4243
      58       1.1903
      59       1.0480
      60       1.2699
      61       0.8382
      62       1.0056
      63       1.5618
      64       1.0365
      65       1.7336
      66       1.4254
      67       1.6700
      68       1.3904
      69       1.6440
      70       1.2639
      71       1.8239
      72       1.4293
      73       1.7013
      74       1.9830
      75       1.8102
      76       1.9401
      77       1.5867
      78       1.9419
      79       2.1582
      80       1.9845
      81       1.7134
      82       2.0796
      83       1.6095
      84       2.0488
      85       2.0631
      86       1.8968
      87       2.1277
      88       2.2307
      89       1.8845
      90       1.9501
      91       1.9980
      92       1.7976
      93       1.4792
      94       2.0394
      95       1.9920
      96       1.7615
      97       1.5532
      98       1.7007
      99       1.8256
     100       1.7612
     101       1.5119
     102       1.9005
     103       1.8926
     104       1.8566
     105       1.7446
     106       1.5681
     107       1.8010
     108       1.7629
     109       1.5599
     110       1.5541
     111       1.7698
     112       1.7126
     113       0.9820
     114       1.2096
     115       1.6426
     116       1.8507
     117       1.3945
     118       1.5584
     119       2.0077
     120       1.7061
     121       1.4907
     122       1.6155
     123       1.6764
     124       1.9463
     125       1.8051
     126       1.6735
     127       1.8349
     128       1.6428
     129       1.7852
     130       2.0072
     131       1.6867
     132       1.7424
     133       1.7374
     134       1.4746
     135       1.5601
     136       1.5740
     137       1.6662
     138       1.7068
     139       1.8065
     140       1.8995
     141       1.8424
     142       1.7837
     143       1.6242
     144       2.1721
     145       1.7177
     146       1.4361
     147       1.5549
     148       1.3848
     149       1.5240
     150       1.5345
     151       1.1061
     152       1.5840
     153       1.5594
     154       1.6597
     155       1.8357
     156       1.7393
     157       1.9567
     158       1.5743
     159       1.7444
     160       1.4777
     161       1.9124
     162       1.5124
     163       1.9699
     164       1.4996
     165       1.6655
     166       1.7753
     167       1.4884
     168       1.4129
     169       1.7848
     170       1.6818
     171       1.9589
     172       1.7540
     173       1.7940
     174       1.6665
     175       1.8266
     176       1.5486
     177       1.5858
     178       1.5688
     179       1.7701
     180       1.9639
     181       1.8287
     182       1.9844
     183       1.7763
     184       1.6620
     185       1.7658
     186       1.6180
     187       1.6781
     188       1.6548
     189       1.8473
     190       1.8815
     191       1.7625
     192       1.8432
     193       1.9028
     194       1.8660
     195       1.7718
     196       1.9663
     197       1.8176
     198       2.0374
     199       1.9875
     200       1.9364
     201       2.1054
     202       1.7989
     203       1.6873
     204       1.7748
     205       1.9855
     206       1.8315
     207       2.0166
     208       1.7199
     209       1.9685
     210       1.7591
     211       1.5274
     212       1.8687
     213       2.1079
     214       2.1381
     215       1.9427
     216       2.1684
     217       2.0615
     218       1.8628
     219       2.2352
     220       2.3105
     221       1.9958
     222       2.0652
     223       2.2126
     224       2.5275
     225       2.1392
     226       2.3081
     227       2.2005
     228       2.2144
     229       2.3541
     230       2.3105
     231       1.8510
     232       1.6565
     233       1.6479
     234       1.9460
     235       1.6179
     236       1.6355
     237       2.0291
     238       1.6416
     239       1.7116
     240       1.9947
     241       2.1208
     242       2.3539
     243       2.3607
     244       2.2155
     245       2.3521
     246       2.2768
     247       2.0542
     248       1.9224
     249       1.8777
     250       1.7493
     251       2.2145
     252       1.9479
     253       2.1107
     254       2.0488
     255       2.4026
     256       2.5972
     257       2.3502
     258       2.3617
     259       2.1682
     260       2.3715
     261       2.1985
     262       2.4147
     263       1.9723
     264       1.9660
     265       2.2426
     266       2.2488
     267       2.4306
     268       2.0209
     269       2.3708
     270       2.4299
     271       2.1032
     272       2.4539
     273       2.6651
     274       2.4662
     275       2.3530
     276       1.9539
     277       2.0779
     278       2.5139
     279       2.5160
     280       2.8370
     281       2.4367
     282       2.4635
     283       2.1735
     284       2.3904
     285       2.2951
     286       2.4084
     287       2.2211
     288       2.2812
     289       2.1055
     290       1.7841
     291       2.5972
     292       2.0729
     293       2.2186
     294       2.1685
     295       2.0388
     296       2.0469
     297       1.9795
     298       2.2234
     299       2.3660
     300       2.2265
     301       2.4549
     302       2.5347
     303       2.3447
     304       2.2088
     305       2.6003
     306       2.2591
     307       2.2802
     308       2.3910
     309       2.2107
     310       2.3426
     311       2.6406
     312       2.2352
     313       2.2822
     314       2.6413
     315       1.9892
     316       1.9921
     317       1.9237
     318       2.0868
     319       2.1584
     320       2.0477
     321       1.9706
     322       1.8478
     323       2.0895
     324       2.3167
     325       2.1928
     326       2.2262
     327       1.8373
     328       1.7776
     329       2.0499
     330       1.9160
     331       2.3856
     332       2.0456
     333       2.4216
     334       2.2966
     335       1.8632
     336       2.1837
     337       2.1759
     338       2.5067
     339       1.8387
     340       2.2869
     341       2.2638
     342       2.0813
     343       2.0626
     344       2.4122
     345       2.1415
     346       1.8246
     347       1.8724
     348       1.7364
     349       2.1497
     350       2.1530
     351       2.1164
     352       2.3347
     353       2.3593
     354       2.0750
     355       2.1197
     356       2.3326
     357       2.3718
     358       2.2856
     359       2.2594
     360       2.5468
     361       2.3520
     362       1.8921
     363       1.8966
     364       2.2578
     365       1.9272
     366       2.1655
     367       2.1091
     368       2.1213
     369       2.4997
     370       2.3752
     371       2.4480
     372       1.8898
     373       2.0662
     374       2.1174
     375       2.1528
     376       2.3153
     377       2.3182
     378       2.2325
     379       2.2856
     380       2.0097
     381       2.4961
     382       2.5483
     383       2.3536
     384       2.0476
     385       2.3710
     386       2.2942
     387       2.3945
     388       2.0277
     389       2.1762
     390       2.2233
     391       2.1013
     392       1.9913
     393       2.2323
     394       2.1032
     395       1.8702
     396       2.2000
     397       1.6115
     398       1.7317
     399       2.1329
     400       1.9529
     401       2.1263
     402       2.0974
     403       1.8674
     404       1.7562
     405       1.9578
     406       2.4090
     407       2.1475
     408       2.0804
     409       2.1450
     410       2.1898
     411       2.0476
     412       2.2643
     413       2.0489
     414       1.8774
     415       1.9712
     416       1.9634
     417       1.5975
     418       2.1273
     419       2.0135
     420       1.9247
     421       2.1185
     422       2.4202
     423       2.2911
     424       2.0102
     425       2.2918
     426       1.9393
     427       2.1260
     428       1.8507
     429       2.0577
     430       2.0363
     431       2.1053
     432       2.1353
     433       2.4571
     434       2.1486
     435       2.1244
     436       2.3500
     437       2.3086
     438       2.3985
     439       1.8705
     440       1.8401
     441       2.3603
     442       2.1754
     443       2.1925
     444       2.3554
     445       2.0768
     446       2.0044
     447       2.0434
     448       2.1132
     449       1.9967
     450       1.4579
     451       2.2601
     452       1.6949
     453       1.9554
     454       1.9578
     455       2.0815
     456       2.1027
     457       2.1890
     458       2.1569
     459       2.0924
     460       2.1067
     461       2.2532
     462       2.3562
     463       2.3310
     464       2.1887
     465       2.3182
     466       1.9166
     467       1.6903
     468       1.8452
     469       1.6773
     470       1.9177
     471       1.8861
     472       2.2877
     473       2.0375
     474       2.3344
     475       2.0359
     476       2.2234
     477       2.0138
     478       2.4301
     479       2.3534
     480       2.0965
     481       1.6127
     482       2.0839
     483       2.5775
     484       2.2698
     485       2.0691
     486       2.2164
     487       2.0832
     488       2.2400
     489       2.3004
     490       2.1993
     491       2.2971
     492       2.3673
     493       2.1356
     494       2.3304
     495       2.5588
     496       2.4384
     497       2.1132
     498       2.2079
     499       2.3146
     500       2.5073
     501       2.2104
     502       2.4234
     503       2.1681
     504       2.7983
     505       2.6052
     506       2.5221
     507       2.5229
     508       2.3558
     509       2.2624
     510       2.5657
     511       2.5828
     512       2.5874
     513       2.2283
     514       2.6029
     515       2.4943
     516       2.6382
     517       2.2338
     518       2.6898
     519       2.2538
     520       2.7436
     521       2.3092
     522       2.3727
     523       2.7039
     524       2.3037
     525       2.7030
     526       2.4070
     527       2.2679
     528       2.6740
     529       2.6117
     530       2.5150
     531       2.3988
     532       2.1781
     533       2.3737
     534       2.0424
     535       2.7139
     536       2.1498
     537       2.3518
     538       1.8953
     539       1.6828
     540       1.9736
     541       2.1866
     542       1.9649
     543       1.7215
     544       2.0745
     545       2.0970
     546       2.0629
     547       2.2638
     548       2.1628
     549       2.3048
     550       1.8748
     551       2.1027
     552       2.4229
     553       2.0636
     554       2.3646
     555       2.2041
     556       1.9139
     557       1.8279
     558       1.8071
     559       1.9751
     560       2.1797
     561       2.1366
     562       2.2883
     563       2.2937
     564       2.0260
     565       2.4017
     566       2.3342
     567       2.1786
     568       2.5528
     569       2.2460
     570       2.2118
     571       2.2566
     572       1.8681
     573       1.9045
     574       2.0132
     575       2.2844
     576       2.2074
     577       1.8431
     578       1.8179
     579       2.4109
     580       2.1909
     581       2.1095
     582       2.4539
     583       2.0505
     584       2.2104
     585       2.1686
     586       2.4103
     587       2.4203
     588       2.4211
     589       2.4155
     590       2.3921
     591       2.6178
     592       2.4968
     593       2.3626
     594       2.4637
     595       3.3693
     596       3.2553
     597       2.6775
     598       3.7064
     599       1.9497
     600       2.4147
     601       2.1054
     602       2.2987
     603       2.4725
     604       2.0244
     605       2.6732
     606       3.3962
     607       2.7689
     608       2.8744
     609       3.6050
     610       2.9672
     611       2.6194
     612       2.7022
     613       2.6127
     614       2.6496
     615       3.0313
     616       3.4304
     617       2.9417
     618       3.1306
     619       3.0634
     620       3.5709
     621       2.3902
     622       2.0013
     623       2.4535
     624       2.5266
     625       2.2401
     626       2.1583
     627       1.9031
     628       2.0929
     629       2.1873
     630       2.0247
     631       1.9020
     632       2.0777
     633       1.5657
     634       1.6585
     635       2.0483
     636       1.6354
     637       1.6042
     638       1.7108
     639       1.8300
     640       1.7537
     641       1.6475
     642       1.8095
     643       1.8411
     644       1.9429
     645       1.8453
     646       2.1904
     647       1.9211
     648       2.0301
     649       1.9698
     650       1.8835
     651       1.9847
     652       2.2191
     653       3.4223
     654       2.8025
     655       2.6194
     656       2.8121
     657       2.7405
     658       3.4620
     659       3.3716
     660       2.5720
     661       3.8960
     662       2.7574
     663       3.2396
     664       3.2127
     665       3.0594
     666       3.4172
     667       2.9268
     668       3.3078
     669       3.2545
     670       2.8845
     671       2.8249
     672       3.1211
     673       3.2768
     674       3.3889
     675       3.4052
     676       1.8776
     677       1.9835
     678       2.1014
     679       2.2669
     680       2.3119
     681       2.2144
     682       2.4605
     683       2.8114
     684       2.3696
     685       2.4659
     686       2.3425
     687       2.3107
     688       2.0067
     689       2.0261
     690       2.3530
     691       2.2438
     692       2.1278
     693       2.3800
     694       1.9580
     695       2.2127
     696       1.9745
     697       1.8909
     698       2.2268
     699       2.2493
     700       2.4684
     701       2.2916
     702       2.4277
     703       2.5087
     704       2.3429
     705       1.7989
     706       2.0685
     707       1.8043
     708       2.0289
     709       1.8048
     710       2.0679
     711       2.0723
     712       2.4419
     713       2.4565
     714       2.1068
     715       2.0584
     716       2.3102
     717       2.1755
     718       2.0353
     719       2.1845
     720       2.2843
     721       2.3882
     722       2.2594
     723       2.6796
     724       2.1145
     725       2.2278
     726       2.2608
     727       2.1499
     728       2.4984
     729       2.0812
     730       2.0726
     731       1.8396
     732       2.0461
     733       2.2411
     734       1.9727
     735       2.0616
     736       2.3202
     737       1.7367
     738       1.8051
     739       1.8524
     740       1.7932
     741       1.7174
     742       1.8291
     743       1.3377
     744       1.4994
     745       1.7101
     746       1.8248
     747       2.0684
     748       1.6415
     749       1.7289
     750       1.9073
     751       1.7251
     752       1.5292
     753       1.6420
     754       1.7607
     755       1.9042
     756       1.9538
     757       1.8463
     758       1.9045
     759       2.0726
     760       1.5637
     761       1.8778
     762       1.9462
     763       1.2417
     764       1.8014
     765       1.8496
     766       1.9294
     767       1.7855
     768       1.9024
     769       1.7020
     770       1.9795
     771       1.9441
     772       1.8775
     773       1.9829
     774       2.0470
     775       1.7722
     776       1.8375
     777       2.1076
     778       2.1682
     779       2.1955
     780       1.7599
     781       1.9661
     782       2.0429
     783       2.1895
     784       1.7411
     785       2.4603
     786       2.1680
     787       2.0550
     788       2.0792
     789       2.2179
     790       1.8889
     791       2.1524
     792       2.1641
     793       2.0540
     794       2.0852
     795       2.0498
     796       2.0666
     797       2.1746
     798       2.1853
     799       1.8524
     800       2.0780
     801       2.2502
     802       2.2555
     803       2.1892
     804       2.4100
     805       2.0027
     806       2.0725
     807       2.3140
     808       2.3366
     809       1.7576
     810       1.9575
     811       1.7613
     812       1.9472
     813       2.2078
     814       2.3338
     815       2.3233
     816       1.9936
     817       1.8658
     818       2.0504
     819       2.4780
     820       2.2047
     821       2.4526
     822       2.2429
     823       2.4995
     824       3.0442
     825       2.4691
     826       2.1256
     827       2.3769
     828       2.2211
     829       2.1531
     830       2.1700
     831       2.0307
     832       1.6823
     833       2.2302
     834       1.7724
     835       2.2068
     836       1.8562
     837       2.3520
     838       2.1143
     839       2.4436
     840       2.2544
     841       2.3454
     842       2.3821
     843       1.8380
     844       4.1228
     845       2.8828
     846       1.8731
     847       3.5605
     848       4.1584
     849       1.6130
     850       2.4419
     851       2.0646
     852       1.7549
     853       1.9822
     854       1.5794
     855       1.9883
     856       2.3292
     857       2.3327
     858       1.8360
     859       1.6656
     860       1.8602
     861       2.0715
     862       2.5383
     863       2.0924
     864       2.0879
     865       2.0360
     866       2.0214
     867       2.0141
     868       2.3884
     869       1.8478
     870       2.1565
     871       1.9473
     872       1.8688
     873       2.0600
     874       2.5184
     875       2.0922
     876       2.3412
     877       2.3500
     878       2.1094
     879       2.3909
     880       2.0535
     881       2.5811
     882       2.4227
     883       2.6435
     884       2.2711
     885       2.4853
     886       2.7911
     887       2.3142
     888       2.4768
     889       2.0955
     890       1.7913
     891       2.0527
     892       2.3405
     893       2.2373
     894       2.3278
     895       1.7666
     896       1.7379
     897       2.0214
     898       2.0120
     899       2.4822
     900       2.3970
     901       2.1801
     902       2.1826
     903       2.2482
     904       3.1083
     905       2.7794
     906       2.8002
     907       2.7885
     908       2.7471
     909       2.3703
     910       2.4831
     911       2.4080
     912       2.2111
     913       2.4069
     914       2.3894
     915       2.8935
     916       2.9830
     917       2.3683
     918       2.5133
     919       2.0023
     920       2.1214
     921       2.2692
     922       2.2444
     923       2.2776
     924       2.6216
     925       2.3756
     926       2.3648
     927       2.5091
     928       2.1232
     929       2.8485
     930       2.7024
     931       2.8496
     932       2.5972
     933       2.7505
     934       3.0064
     935       2.7278
     936       2.6809
     937       2.6531
     938       2.2306
     939       2.0975
     940       2.5508
     941       2.2742
     942       2.2189
     943       1.9739
     944       2.5505
     945       2.3677
     946       2.0857
     947       2.7019
     948       2.7077
     949       2.3013
     950       2.2716
     951       2.3289
     952       2.2082
     953       2.1197
     954       2.4874
     955       2.2788
     956       2.3962
     957       2.6451
     958       2.4265
     959       2.2041
     960       2.2412
     961       2.2746
     962       2.5345
     963       2.4801
     964       2.1485
     965       2.7952
     966       2.4947
     967       2.2090
     968       2.2495
     969       2.3908
     970       2.7216
     971       2.2649
     972       2.3915
     973       2.2054
     974       2.1488
     975       2.1464
     976       2.3866
     977       2.1503
     978       2.6808
     979       2.4288
     980       2.1554
     981       2.1115
     982       2.1226
     983       2.3644
     984       2.2077
     985       2.6708
     986       2.6946
     987       2.8503
     988       2.5438
     989       2.5784
     990       2.5275
     991       2.7264
     992       2.0775
     993       2.2841
     994       1.9341
     995       2.4066
     996       2.5216
     997       2.2206
     998       2.5237
     999       2.3354
    1000       2.4580
