#Frame        ligcore
       1       0.0000
       2       1.0199
       3       0.8928
       4       1.3030
       5       1.1712
       6       1.6255
       7       0.9281
       8       0.7166
       9       1.0739
      10       0.7776
      11       1.2561
      12       1.1801
      13       1.1601
      14       1.1188
      15       1.2270
      16       1.3070
      17       1.6540
      18       1.7517
      19       1.7546
      20       1.5559
      21       1.9463
      22       1.1964
      23       2.1316
      24       2.0227
      25       1.5813
      26       1.7199
      27       1.3038
      28       1.5464
      29       1.7691
      30       1.8719
      31       1.6628
      32       1.4238
      33       1.7260
      34       2.1414
      35       3.4355
      36       1.7655
      37       2.1297
      38       1.2227
      39       1.0711
      40       1.2781
      41       0.8698
      42       1.1156
      43       1.5804
      44       1.0043
      45       0.7670
      46       1.0839
      47       1.1776
      48       0.9335
      49       1.0222
      50       0.9119
      51       1.0150
      52       1.1796
      53       1.2490
      54       1.4300
      55       1.4466
      56       1.6578
      57       1.4946
      58       1.2028
      59       1.0727
      60       1.2748
      61       0.8246
      62       0.9562
      63       1.5299
      64       1.0122
      65       1.6371
      66       1.3304
      67       1.6344
      68       1.3461
      69       1.5831
      70       1.2879
      71       1.8368
      72       1.3779
      73       1.6555
      74       1.9573
      75       1.7268
      76       1.8111
      77       1.3756
      78       1.7193
      79       1.9035
      80       1.7528
      81       1.5239
      82       1.7473
      83       1.3219
      84       1.7215
      85       1.6622
      86       1.5411
      87       1.8559
      88       1.9296
      89       1.6093
      90       1.7778
      91       1.7482
      92       1.5699
      93       1.2213
      94       1.8616
      95       1.7653
      96       1.6094
      97       1.4649
      98       1.6005
      99       1.7259
     100       1.7368
     101       1.4214
     102       1.7861
     103       1.8010
     104       1.8535
     105       1.7298
     106       1.4934
     107       1.7007
     108       1.7517
     109       1.6772
     110       1.6113
     111       1.8043
     112       1.7166
     113       1.0438
     114       1.2598
     115       1.6215
     116       1.8188
     117       1.3729
     118       1.5141
     119       2.0500
     120       1.6961
     121       1.4501
     122       1.5550
     123       1.6007
     124       1.8867
     125       1.6688
     126       1.6154
     127       1.6821
     128       1.5632
     129       1.5597
     130       1.8422
     131       1.5658
     132       1.5427
     133       1.6174
     134       1.2875
     135       1.4302
     136       1.3743
     137       1.5149
     138       1.4870
     139       1.6245
     140       1.6937
     141       1.6111
     142       1.6048
     143       1.3893
     144       1.9244
     145       1.4343
     146       1.2355
     147       1.3723
     148       1.3029
     149       1.4767
     150       1.3778
     151       0.9805
     152       1.4940
     153       1.3516
     154       1.4988
     155       1.6924
     156       1.5842
     157       1.8135
     158       1.4070
     159       1.5657
     160       1.3504
     161       1.7601
     162       1.2734
     163       1.8080
     164       1.2365
     165       1.4562
     166       1.4918
     167       1.2202
     168       1.1661
     169       1.5209
     170       1.4901
     171       1.7743
     172       1.5772
     173       1.5202
     174       1.3907
     175       1.6095
     176       1.3021
     177       1.2665
     178       1.2770
     179       1.4996
     180       1.7315
     181       1.5930
     182       1.7648
     183       1.5070
     184       1.4508
     185       1.4713
     186       1.3424
     187       1.4699
     188       1.2812
     189       1.4740
     190       1.5523
     191       1.4084
     192       1.5054
     193       1.6579
     194       1.6075
     195       1.5299
     196       1.6455
     197       1.5204
     198       1.7296
     199       1.7086
     200       1.6502
     201       1.7914
     202       1.5110
     203       1.3851
     204       1.4593
     205       1.6003
     206       1.5994
     207       1.7248
     208       1.4182
     209       1.7266
     210       1.4533
     211       1.2867
     212       1.4851
     213       1.7353
     214       1.6946
     215       1.5077
     216       1.8078
     217       1.6646
     218       1.4010
     219       1.7672
     220       1.9541
     221       1.6134
     222       1.5879
     223       1.6749
     224       2.0307
     225       1.6524
     226       1.7397
     227       1.6544
     228       1.7098
     229       1.9538
     230       1.7790
     231       1.4210
     232       1.2080
     233       1.2433
     234       1.4167
     235       1.2125
     236       1.2588
     237       1.5498
     238       1.2844
     239       1.2894
     240       1.6002
     241       1.6108
     242       1.7368
     243       1.8981
     244       1.6754
     245       1.7963
     246       1.8480
     247       1.4737
     248       1.3285
     249       1.2137
     250       1.1432
     251       1.6158
     252       1.2152
     253       1.4785
     254       1.4394
     255       1.8042
     256       2.0436
     257       1.7888
     258       1.6657
     259       1.5929
     260       1.8417
     261       1.6720
     262       1.7876
     263       1.3850
     264       1.4530
     265       1.6968
     266       1.7035
     267       2.0066
     268       1.6518
     269       1.8922
     270       1.9324
     271       1.6630
     272       1.9375
     273       2.1022
     274       1.8642
     275       1.9008
     276       1.3923
     277       1.4990
     278       1.8459
     279       1.8406
     280       2.1877
     281       1.8375
     282       1.6577
     283       1.3479
     284       1.5433
     285       1.6555
     286       1.7381
     287       1.5441
     288       1.7352
     289       1.5365
     290       1.4460
     291       2.1679
     292       1.5955
     293       1.6908
     294       1.6734
     295       1.4626
     296       1.4330
     297       1.5405
     298       1.6260
     299       1.7688
     300       1.5781
     301       1.7651
     302       1.8694
     303       1.5759
     304       1.5521
     305       2.0032
     306       1.6377
     307       1.5724
     308       1.6321
     309       1.4778
     310       1.7351
     311       1.9627
     312       1.7376
     313       1.5387
     314       1.9673
     315       1.4225
     316       1.4814
     317       1.4011
     318       1.7746
     319       1.5917
     320       1.4282
     321       1.5095
     322       1.3694
     323       1.8559
     324       1.6922
     325       1.6182
     326       1.7198
     327       1.3385
     328       1.3805
     329       1.5028
     330       1.2559
     331       1.7365
     332       1.3886
     333       1.7947
     334       1.6222
     335       1.3198
     336       1.4906
     337       1.4692
     338       1.9006
     339       1.3293
     340       1.6562
     341       1.6942
     342       1.6632
     343       1.5125
     344       1.9038
     345       1.7358
     346       1.3740
     347       1.4067
     348       1.1107
     349       1.5773
     350       1.5215
     351       1.4002
     352       1.7185
     353       1.5364
     354       1.2658
     355       1.5083
     356       1.6328
     357       1.7725
     358       1.5914
     359       1.6478
     360       1.9400
     361       1.6047
     362       1.0525
     363       1.2125
     364       1.5844
     365       1.1234
     366       1.4256
     367       1.5114
     368       1.4264
     369       1.8637
     370       1.6536
     371       1.7067
     372       1.1614
     373       1.3414
     374       1.3012
     375       1.6733
     376       1.7199
     377       1.7541
     378       1.5765
     379       1.5644
     380       1.3984
     381       1.8006
     382       1.8926
     383       1.6723
     384       1.3338
     385       1.6106
     386       1.6157
     387       1.7072
     388       1.5155
     389       1.5324
     390       1.5910
     391       1.5167
     392       1.5444
     393       1.6834
     394       1.5824
     395       1.4441
     396       1.6800
     397       0.9923
     398       1.1776
     399       1.5763
     400       1.2993
     401       1.6427
     402       1.6773
     403       1.3357
     404       1.3234
     405       1.5513
     406       1.8266
     407       1.5965
     408       1.4804
     409       1.5504
     410       1.5252
     411       1.4867
     412       1.6871
     413       1.5574
     414       1.4467
     415       1.4815
     416       1.4463
     417       1.2919
     418       1.6438
     419       1.6361
     420       1.6348
     421       1.5578
     422       1.7745
     423       1.7789
     424       1.4979
     425       1.7209
     426       1.3584
     427       1.6875
     428       1.4544
     429       1.6224
     430       1.4495
     431       1.5607
     432       1.5282
     433       1.8617
     434       1.5387
     435       1.4308
     436       1.6481
     437       1.7074
     438       1.7122
     439       1.1070
     440       1.1612
     441       1.5277
     442       1.4546
     443       1.5827
     444       1.6750
     445       1.4927
     446       1.2504
     447       1.2999
     448       1.4332
     449       1.2032
     450       0.8809
     451       1.5789
     452       1.1022
     453       1.5135
     454       1.2592
     455       1.4524
     456       1.5909
     457       1.6222
     458       1.5802
     459       1.4060
     460       1.4667
     461       1.7010
     462       1.7936
     463       1.6211
     464       1.5947
     465       1.5731
     466       1.1860
     467       1.1195
     468       1.1365
     469       0.9096
     470       1.2242
     471       1.2516
     472       1.6554
     473       1.5043
     474       1.6531
     475       1.4425
     476       1.5891
     477       1.6368
     478       1.8872
     479       1.9123
     480       1.5375
     481       1.1704
     482       1.5139
     483       1.9943
     484       1.6381
     485       1.3158
     486       1.3393
     487       1.4480
     488       1.4674
     489       1.5481
     490       1.4378
     491       1.4319
     492       1.3886
     493       1.1435
     494       1.3455
     495       1.6035
     496       1.3596
     497       1.0948
     498       1.1483
     499       1.4407
     500       1.5523
     501       1.3536
     502       1.6242
     503       1.3677
     504       1.9150
     505       1.7444
     506       1.6728
     507       1.6166
     508       1.5607
     509       1.3250
     510       1.7166
     511       1.5907
     512       1.6592
     513       1.3808
     514       1.7680
     515       1.6484
     516       1.7028
     517       1.3893
     518       1.8216
     519       1.5401
     520       1.8223
     521       1.4608
     522       1.5592
     523       1.8576
     524       1.5297
     525       1.7536
     526       1.5802
     527       1.4773
     528       1.7254
     529       1.6734
     530       1.6669
     531       1.5212
     532       1.1336
     533       1.3315
     534       0.9853
     535       1.7631
     536       1.2126
     537       1.3515
     538       1.1015
     539       0.8577
     540       1.1867
     541       1.3299
     542       1.1393
     543       0.9286
     544       1.2190
     545       1.1990
     546       1.1734
     547       1.2952
     548       1.2090
     549       1.4451
     550       1.1356
     551       1.3247
     552       1.7000
     553       1.3895
     554       1.5184
     555       1.3739
     556       0.9930
     557       1.1308
     558       1.0785
     559       1.4699
     560       1.5305
     561       1.4002
     562       1.5446
     563       1.5843
     564       1.5430
     565       1.5545
     566       1.5584
     567       1.4361
     568       1.6947
     569       1.5732
     570       1.5926
     571       1.4111
     572       1.2487
     573       1.1905
     574       1.2551
     575       1.6067
     576       1.4166
     577       1.2546
     578       1.1908
     579       1.6894
     580       1.4876
     581       1.3932
     582       1.7880
     583       1.4527
     584       1.3996
     585       1.2953
     586       1.3883
     587       1.6068
     588       1.5999
     589       1.5225
     590       1.3935
     591       1.6909
     592       1.6438
     593       1.4750
     594       1.5679
     595       2.9172
     596       2.8670
     597       2.3069
     598       3.3127
     599       1.1641
     600       1.4460
     601       1.3272
     602       1.3847
     603       1.5825
     604       1.2744
     605       2.0855
     606       2.9174
     607       2.0959
     608       2.2802
     609       3.1906
     610       2.5813
     611       2.0970
     612       2.2506
     613       1.9128
     614       2.0655
     615       2.6563
     616       3.0262
     617       2.4046
     618       2.5938
     619       2.4858
     620       3.0740
     621       1.4251
     622       0.9268
     623       1.4406
     624       1.5593
     625       1.2712
     626       1.0199
     627       0.9280
     628       0.9379
     629       1.0779
     630       0.8538
     631       0.8823
     632       1.1906
     633       0.7280
     634       0.6938
     635       1.2163
     636       0.9272
     637       0.7488
     638       0.8565
     639       1.1578
     640       0.9855
     641       1.0247
     642       1.0600
     643       1.0840
     644       1.2634
     645       1.1125
     646       1.3823
     647       1.2746
     648       1.1670
     649       1.1663
     650       1.1757
     651       1.2017
     652       1.3131
     653       3.0835
     654       2.3263
     655       1.9706
     656       2.3041
     657       2.2928
     658       2.8929
     659       2.9914
     660       2.0294
     661       3.5446
     662       2.1528
     663       2.7237
     664       2.6017
     665       2.4365
     666       2.8331
     667       2.2265
     668       2.7903
     669       2.8385
     670       2.3226
     671       2.1553
     672       2.5020
     673       2.8658
     674       2.8596
     675       2.8710
     676       1.1030
     677       1.4042
     678       1.3536
     679       1.4233
     680       1.4538
     681       1.4497
     682       1.5553
     683       2.1600
     684       1.6095
     685       1.6784
     686       1.4930
     687       1.7303
     688       1.2752
     689       1.3627
     690       1.6910
     691       1.5903
     692       1.4294
     693       1.5461
     694       1.2384
     695       1.3630
     696       0.9009
     697       1.0173
     698       1.3128
     699       1.2065
     700       1.4638
     701       1.5507
     702       1.4670
     703       1.4661
     704       1.3247
     705       1.0220
     706       1.2838
     707       0.9185
     708       1.1776
     709       1.0050
     710       1.2303
     711       1.3604
     712       1.5999
     713       1.4644
     714       1.1917
     715       1.0887
     716       1.3869
     717       1.2067
     718       1.0201
     719       1.2139
     720       1.3539
     721       1.6855
     722       1.4659
     723       1.8665
     724       1.2508
     725       1.1738
     726       1.4137
     727       1.2302
     728       1.7626
     729       1.1992
     730       1.2480
     731       1.1396
     732       1.3765
     733       1.4175
     734       1.2469
     735       1.3549
     736       1.5301
     737       1.2952
     738       1.1596
     739       1.2259
     740       1.0747
     741       1.0236
     742       1.1771
     743       0.8590
     744       1.0730
     745       1.1051
     746       1.5202
     747       1.5355
     748       1.1482
     749       1.2400
     750       1.2971
     751       1.0901
     752       1.0962
     753       0.9676
     754       1.1028
     755       1.3442
     756       1.2948
     757       1.1799
     758       1.1399
     759       1.5167
     760       0.8643
     761       1.2042
     762       1.2429
     763       0.7892
     764       1.1741
     765       1.1836
     766       1.1712
     767       1.1295
     768       1.2789
     769       1.1282
     770       1.3383
     771       1.2967
     772       1.2433
     773       1.3713
     774       1.3722
     775       1.2439
     776       1.1682
     777       1.5367
     778       1.6320
     779       1.7434
     780       1.3074
     781       1.5543
     782       1.4270
     783       1.5937
     784       0.9855
     785       1.7415
     786       1.4582
     787       1.2802
     788       1.2955
     789       1.5163
     790       1.3075
     791       1.4750
     792       1.5159
     793       1.4076
     794       1.5043
     795       1.4148
     796       1.5442
     797       1.4197
     798       1.5570
     799       1.3374
     800       1.8356
     801       1.6938
     802       1.8102
     803       1.7627
     804       2.0585
     805       1.6340
     806       1.7142
     807       1.9104
     808       1.9375
     809       1.3027
     810       1.4963
     811       1.3127
     812       1.5134
     813       1.6226
     814       1.9042
     815       1.7960
     816       1.6154
     817       1.3527
     818       1.5519
     819       1.8404
     820       1.5082
     821       1.7592
     822       1.5818
     823       1.8108
     824       2.3942
     825       1.8661
     826       1.5519
     827       1.7025
     828       1.4980
     829       1.4161
     830       1.5284
     831       1.4833
     832       1.2876
     833       1.6450
     834       1.3010
     835       1.6859
     836       1.3153
     837       1.8363
     838       1.6225
     839       1.8359
     840       1.7073
     841       1.7259
     842       1.7194
     843       1.3860
     844       3.9731
     845       2.6847
     846       1.4646
     847       3.3200
     848       4.0403
     849       1.0849
     850       1.9191
     851       1.5719
     852       1.3548
     853       1.4642
     854       1.1112
     855       1.4365
     856       1.8880
     857       1.8012
     858       1.4435
     859       1.3944
     860       1.3545
     861       1.6442
     862       2.0062
     863       1.5563
     864       1.8536
     865       1.5736
     866       1.6703
     867       1.6369
     868       1.9878
     869       1.0632
     870       1.6844
     871       1.3643
     872       1.2420
     873       1.2944
     874       1.6696
     875       1.3541
     876       1.7112
     877       1.5965
     878       1.4166
     879       1.6931
     880       1.5669
     881       1.8771
     882       1.7177
     883       1.7789
     884       1.5384
     885       1.8149
     886       1.9031
     887       1.5600
     888       1.6347
     889       1.3444
     890       1.3540
     891       1.4630
     892       1.8442
     893       1.4043
     894       1.4936
     895       1.2046
     896       1.0947
     897       1.2075
     898       1.2795
     899       1.6376
     900       1.8705
     901       1.5266
     902       1.5022
     903       1.5983
     904       2.3607
     905       1.9389
     906       1.9387
     907       1.9520
     908       2.0357
     909       1.6136
     910       1.7263
     911       1.8851
     912       1.5660
     913       1.7523
     914       1.4868
     915       2.0512
     916       1.9837
     917       1.6095
     918       1.6175
     919       1.1162
     920       1.2593
     921       1.3438
     922       1.7043
     923       1.5387
     924       1.8763
     925       1.6466
     926       1.6642
     927       1.7713
     928       1.4029
     929       2.1564
     930       2.0571
     931       2.0451
     932       1.7674
     933       1.9958
     934       2.1848
     935       1.9864
     936       1.9670
     937       1.9238
     938       1.4810
     939       1.3579
     940       1.9876
     941       1.7435
     942       1.6222
     943       1.4253
     944       1.9685
     945       1.7769
     946       1.5970
     947       2.2238
     948       2.1772
     949       1.7182
     950       1.6725
     951       1.7703
     952       1.6687
     953       1.7543
     954       2.0699
     955       1.7932
     956       1.8836
     957       2.1693
     958       1.8614
     959       1.5236
     960       1.6521
     961       1.7235
     962       1.9138
     963       1.7734
     964       1.4917
     965       2.1771
     966       1.8668
     967       1.6191
     968       1.5949
     969       1.8001
     970       2.1538
     971       1.7552
     972       1.7389
     973       1.6285
     974       1.6387
     975       1.6749
     976       1.9128
     977       1.6991
     978       2.1270
     979       1.8874
     980       1.5829
     981       1.5388
     982       1.7723
     983       1.7146
     984       1.6532
     985       2.0778
     986       2.1685
     987       2.2650
     988       1.9509
     989       1.9919
     990       1.9374
     991       2.0845
     992       1.6581
     993       1.7434
     994       1.4162
     995       1.8514
     996       1.9446
     997       1.6752
     998       1.9708
     999       1.7575
    1000       1.7864
