#Frame        fitcore
       1       0.0000
       2       0.6263
       3       0.7306
       4       0.6933
       5       0.7610
       6       0.7612
       7       0.8299
       8       0.7648
       9       0.7854
      10       0.7858
      11       0.8368
      12       0.8480
      13       0.9231
      14       0.8835
      15       0.8606
      16       0.9144
      17       0.9801
      18       0.9131
      19       0.9209
      20       0.8860
      21       0.8977
      22       0.9277
      23       0.8989
      24       0.9177
      25       0.8641
      26       0.8657
      27       0.9270
      28       0.9117
      29       1.0117
      30       0.9918
      31       1.0413
      32       0.9231
      33       0.9471
      34       0.9434
      35       0.9167
      36       0.9221
      37       0.9156
      38       0.9536
      39       0.9729
      40       0.9224
      41       0.9452
      42       0.9707
      43       0.9103
      44       0.9387
      45       0.8981
      46       0.9284
      47       0.8890
      48       0.8739
      49       0.9589
      50       0.9785
      51       0.9899
      52       0.9530
      53       1.0485
      54       0.9371
      55       0.9695
      56       1.0025
      57       0.9550
      58       0.9606
      59       1.0059
      60       0.9389
      61       0.9712
      62       0.9610
      63       1.0647
      64       1.0012
      65       0.9892
      66       0.9301
      67       0.9255
      68       0.9676
      69       0.9886
      70       0.9510
      71       1.0181
      72       0.9528
      73       0.9487
      74       0.9537
      75       0.9748
      76       1.0326
      77       1.0308
      78       1.0942
      79       1.0641
      80       0.9881
      81       1.0561
      82       1.1336
      83       1.0578
      84       1.0849
      85       1.1131
      86       1.0742
      87       1.0737
      88       1.1195
      89       1.0957
      90       1.0962
      91       1.1310
      92       1.1077
      93       1.1158
      94       1.0412
      95       1.1082
      96       1.1652
      97       1.0669
      98       1.1207
      99       1.1113
     100       1.0279
     101       1.0829
     102       1.1352
     103       1.1305
     104       1.1116
     105       1.1007
     106       1.1169
     107       1.1631
     108       1.1394
     109       1.1294
     110       1.1245
     111       1.1306
     112       1.0828
     113       1.1274
     114       1.1003
     115       1.1132
     116       1.0706
     117       1.1341
     118       1.1369
     119       0.9944
     120       1.0935
     121       1.0371
     122       1.0146
     123       0.9797
     124       1.0104
     125       1.0259
     126       0.9830
     127       0.9186
     128       1.0027
     129       0.9773
     130       0.9551
     131       0.9946
     132       0.9636
     133       0.9796
     134       0.9746
     135       1.0038
     136       0.9677
     137       1.0898
     138       1.0558
     139       0.9967
     140       1.0403
     141       1.0745
     142       1.1021
     143       1.0841
     144       1.1548
     145       1.0486
     146       1.1567
     147       1.0675
     148       0.9998
     149       1.0975
     150       1.1358
     151       1.2187
     152       1.1527
     153       1.1218
     154       1.1831
     155       1.1337
     156       1.1247
     157       1.1318
     158       1.0909
     159       1.0916
     160       1.1297
     161       1.1559
     162       1.1690
     163       1.0596
     164       1.1048
     165       1.1318
     166       1.1152
     167       1.1812
     168       1.1016
     169       1.1459
     170       1.1600
     171       1.1915
     172       1.2286
     173       1.1245
     174       1.1188
     175       1.2093
     176       1.2123
     177       1.2787
     178       1.2481
     179       1.1822
     180       1.2101
     181       1.2314
     182       1.2756
     183       1.2431
     184       1.1612
     185       1.1147
     186       1.0985
     187       1.1486
     188       1.2515
     189       1.2076
     190       1.1785
     191       1.1366
     192       1.2001
     193       1.1912
     194       1.1317
     195       1.1321
     196       1.1017
     197       1.2021
     198       1.2160
     199       1.1248
     200       1.1415
     201       1.1205
     202       1.1012
     203       1.1096
     204       1.0602
     205       1.0689
     206       1.1224
     207       1.1316
     208       1.0361
     209       1.0729
     210       1.0659
     211       1.0833
     212       0.9999
     213       1.0258
     214       1.0213
     215       1.0291
     216       1.0330
     217       0.9670
     218       1.0775
     219       1.0165
     220       1.0126
     221       1.0834
     222       1.0958
     223       1.1277
     224       1.1040
     225       1.2160
     226       1.1705
     227       1.1332
     228       1.1118
     229       1.1141
     230       1.0732
     231       1.0680
     232       1.0936
     233       1.0303
     234       1.1458
     235       1.1337
     236       1.1419
     237       1.1663
     238       1.1545
     239       1.1275
     240       1.1746
     241       1.1735
     242       1.2333
     243       1.2135
     244       1.2984
     245       1.3651
     246       1.2246
     247       1.2800
     248       1.2905
     249       1.2217
     250       1.2365
     251       1.3153
     252       1.4058
     253       1.3997
     254       1.4137
     255       1.4706
     256       1.4123
     257       1.3912
     258       1.4311
     259       1.4003
     260       1.3854
     261       1.4147
     262       1.4637
     263       1.4486
     264       1.4316
     265       1.4361
     266       1.3344
     267       1.3844
     268       1.2858
     269       1.2830
     270       1.2711
     271       1.3502
     272       1.3725
     273       1.3895
     274       1.4247
     275       1.3303
     276       1.3629
     277       1.4371
     278       1.4486
     279       1.4351
     280       1.3859
     281       1.3048
     282       1.3577
     283       1.4412
     284       1.4207
     285       1.4503
     286       1.4117
     287       1.2788
     288       1.3039
     289       1.2541
     290       1.4670
     291       1.2899
     292       1.2957
     293       1.1454
     294       1.1964
     295       1.2322
     296       1.1770
     297       1.2391
     298       1.2695
     299       1.3620
     300       1.3511
     301       1.3887
     302       1.4638
     303       1.3893
     304       1.4728
     305       1.4187
     306       1.5205
     307       1.4832
     308       1.5219
     309       1.5560
     310       1.6165
     311       1.5469
     312       1.5114
     313       1.4219
     314       1.3546
     315       1.2744
     316       1.2527
     317       1.2423
     318       1.2992
     319       1.2736
     320       1.2591
     321       1.2267
     322       1.3204
     323       1.3353
     324       1.4459
     325       1.4004
     326       1.2660
     327       1.2826
     328       1.3323
     329       1.2588
     330       1.3205
     331       1.1942
     332       1.2440
     333       1.1442
     334       1.2421
     335       1.2611
     336       1.3181
     337       1.2887
     338       1.2933
     339       1.2262
     340       1.2582
     341       1.2387
     342       1.3693
     343       1.2981
     344       1.2876
     345       1.2741
     346       1.2197
     347       1.1333
     348       1.2122
     349       1.2730
     350       1.2185
     351       1.3033
     352       1.3655
     353       1.3272
     354       1.3356
     355       1.3023
     356       1.2518
     357       1.2048
     358       1.2357
     359       1.2629
     360       1.2259
     361       1.2722
     362       1.2340
     363       1.1377
     364       1.2185
     365       1.1875
     366       1.2362
     367       1.2624
     368       1.4132
     369       1.3972
     370       1.3814
     371       1.3027
     372       1.3966
     373       1.3733
     374       1.3870
     375       1.3537
     376       1.3131
     377       1.3460
     378       1.3474
     379       1.1910
     380       1.1468
     381       1.2001
     382       1.2460
     383       1.1886
     384       1.1365
     385       1.1775
     386       1.2593
     387       1.1475
     388       1.1616
     389       1.1348
     390       1.1498
     391       1.2051
     392       1.1933
     393       1.1446
     394       1.2104
     395       1.2475
     396       1.1651
     397       1.1700
     398       1.3728
     399       1.2695
     400       1.2992
     401       1.2071
     402       1.2320
     403       1.2161
     404       1.1879
     405       1.1310
     406       1.1741
     407       1.1994
     408       1.2912
     409       1.2512
     410       1.2802
     411       1.2331
     412       1.2961
     413       1.2540
     414       1.2750
     415       1.2045
     416       1.2140
     417       1.2604
     418       1.1714
     419       1.2058
     420       1.2465
     421       1.3977
     422       1.4386
     423       1.4247
     424       1.4005
     425       1.4418
     426       1.3534
     427       1.2890
     428       1.2599
     429       1.3642
     430       1.2878
     431       1.3777
     432       1.3334
     433       1.3389
     434       1.4033
     435       1.3913
     436       1.3537
     437       1.2599
     438       1.2013
     439       1.2086
     440       1.2888
     441       1.3010
     442       1.2719
     443       1.1940
     444       1.2236
     445       1.2020
     446       1.1995
     447       1.2739
     448       1.2801
     449       1.2837
     450       1.2611
     451       1.2469
     452       1.2216
     453       1.3004
     454       1.4609
     455       1.3853
     456       1.3383
     457       1.3185
     458       1.3747
     459       1.3677
     460       1.3234
     461       1.2972
     462       1.2995
     463       1.2941
     464       1.3071
     465       1.2139
     466       1.2655
     467       1.2877
     468       1.2847
     469       1.2382
     470       1.2443
     471       1.2042
     472       1.2046
     473       1.2129
     474       1.2560
     475       1.3691
     476       1.2623
     477       1.1928
     478       1.2603
     479       1.2988
     480       1.1886
     481       1.1968
     482       1.2678
     483       1.2571
     484       1.2556
     485       1.2276
     486       1.2491
     487       1.2355
     488       1.3091
     489       1.2584
     490       1.2800
     491       1.3447
     492       1.2639
     493       1.3207
     494       1.3776
     495       1.3925
     496       1.3585
     497       1.4542
     498       1.4932
     499       1.4273
     500       1.4243
     501       1.3482
     502       1.3411
     503       1.3255
     504       1.3519
     505       1.4045
     506       1.3495
     507       1.3685
     508       1.5160
     509       1.4146
     510       1.4244
     511       1.5043
     512       1.4174
     513       1.4451
     514       1.3349
     515       1.2774
     516       1.3740
     517       1.3245
     518       1.4052
     519       1.3890
     520       1.4770
     521       1.4813
     522       1.3562
     523       1.2959
     524       1.3520
     525       1.3957
     526       1.3911
     527       1.4121
     528       1.4286
     529       1.3508
     530       1.2952
     531       1.3021
     532       1.3450
     533       1.3453
     534       1.3109
     535       1.4443
     536       1.3595
     537       1.3111
     538       1.3133
     539       1.3685
     540       1.3941
     541       1.3878
     542       1.3656
     543       1.3793
     544       1.4448
     545       1.3675
     546       1.4932
     547       1.4677
     548       1.4561
     549       1.3682
     550       1.4209
     551       1.3242
     552       1.2942
     553       1.3424
     554       1.3398
     555       1.4149
     556       1.4299
     557       1.4240
     558       1.3905
     559       1.4529
     560       1.5539
     561       1.4953
     562       1.4443
     563       1.4187
     564       1.3902
     565       1.4606
     566       1.3630
     567       1.4233
     568       1.5020
     569       1.3769
     570       1.3325
     571       1.4083
     572       1.4206
     573       1.4702
     574       1.3767
     575       1.3462
     576       1.2942
     577       1.2884
     578       1.2820
     579       1.3981
     580       1.3289
     581       1.3422
     582       1.3648
     583       1.2498
     584       1.3343
     585       1.4148
     586       1.4313
     587       1.4428
     588       1.3920
     589       1.4433
     590       1.4308
     591       1.4644
     592       1.4427
     593       1.4422
     594       1.3656
     595       1.3293
     596       1.3558
     597       1.3788
     598       1.4252
     599       1.3740
     600       1.3019
     601       1.3926
     602       1.3697
     603       1.3388
     604       1.3695
     605       1.4076
     606       1.4184
     607       1.4860
     608       1.4005
     609       1.4399
     610       1.3820
     611       1.3824
     612       1.4420
     613       1.3630
     614       1.3549
     615       1.4061
     616       1.4475
     617       1.5584
     618       1.5095
     619       1.5040
     620       1.4606
     621       1.4167
     622       1.3489
     623       1.3763
     624       1.3572
     625       1.4199
     626       1.4065
     627       1.4542
     628       1.4649
     629       1.4521
     630       1.5116
     631       1.3817
     632       1.5046
     633       1.4557
     634       1.4587
     635       1.3837
     636       1.4300
     637       1.3977
     638       1.3712
     639       1.3389
     640       1.3744
     641       1.4062
     642       1.4121
     643       1.4251
     644       1.4511
     645       1.4978
     646       1.4784
     647       1.5174
     648       1.4471
     649       1.4620
     650       1.5320
     651       1.4310
     652       1.5435
     653       1.5212
     654       1.5663
     655       1.4942
     656       1.4691
     657       1.4311
     658       1.5146
     659       1.4658
     660       1.4851
     661       1.5075
     662       1.4231
     663       1.5490
     664       1.4877
     665       1.5503
     666       1.5676
     667       1.4331
     668       1.3784
     669       1.5294
     670       1.4766
     671       1.4468
     672       1.4018
     673       1.3568
     674       1.3169
     675       1.2912
     676       1.2415
     677       1.2416
     678       1.1937
     679       1.2961
     680       1.2877
     681       1.2588
     682       1.3521
     683       1.3440
     684       1.3027
     685       1.4196
     686       1.3092
     687       1.2854
     688       1.2888
     689       1.2791
     690       1.2769
     691       1.3539
     692       1.3875
     693       1.3462
     694       1.3633
     695       1.3985
     696       1.3477
     697       1.4617
     698       1.4893
     699       1.6113
     700       1.4411
     701       1.4421
     702       1.4014
     703       1.4779
     704       1.4674
     705       1.4163
     706       1.3577
     707       1.3850
     708       1.3549
     709       1.3055
     710       1.3794
     711       1.3751
     712       1.4205
     713       1.4443
     714       1.3648
     715       1.4312
     716       1.3955
     717       1.4011
     718       1.2750
     719       1.2604
     720       1.3219
     721       1.4027
     722       1.4257
     723       1.3343
     724       1.3147
     725       1.3713
     726       1.2613
     727       1.3249
     728       1.2473
     729       1.2041
     730       1.2062
     731       1.1832
     732       1.0855
     733       1.2184
     734       1.2150
     735       1.2277
     736       1.2134
     737       1.1730
     738       1.1305
     739       1.1256
     740       1.1660
     741       1.2167
     742       1.1837
     743       1.1834
     744       1.2317
     745       1.2165
     746       1.0917
     747       1.2275
     748       1.1707
     749       1.1897
     750       1.1891
     751       1.2746
     752       1.2099
     753       1.2830
     754       1.3102
     755       1.2464
     756       1.3563
     757       1.3161
     758       1.3650
     759       1.3970
     760       1.3137
     761       1.2379
     762       1.3226
     763       1.3120
     764       1.3327
     765       1.3014
     766       1.3047
     767       1.2757
     768       1.2422
     769       1.2424
     770       1.2074
     771       1.2188
     772       1.2144
     773       1.2219
     774       1.2233
     775       1.2343
     776       1.2074
     777       1.2236
     778       1.3721
     779       1.3676
     780       1.2464
     781       1.2255
     782       1.2527
     783       1.2110
     784       1.2261
     785       1.2667
     786       1.2281
     787       1.1712
     788       1.2413
     789       1.3165
     790       1.1915
     791       1.1916
     792       1.1856
     793       1.1950
     794       1.2725
     795       1.3086
     796       1.2134
     797       1.2233
     798       1.2686
     799       1.2364
     800       1.3320
     801       1.2666
     802       1.2167
     803       1.1848
     804       1.2406
     805       1.2354
     806       1.1420
     807       1.1566
     808       1.2054
     809       1.2234
     810       1.1687
     811       1.1465
     812       1.1570
     813       1.1427
     814       1.1624
     815       1.1346
     816       1.0984
     817       1.0728
     818       1.1125
     819       1.1144
     820       1.1949
     821       1.2574
     822       1.2590
     823       1.2987
     824       1.2319
     825       1.2048
     826       1.2422
     827       1.3006
     828       1.3631
     829       1.3627
     830       1.4164
     831       1.3710
     832       1.2751
     833       1.3480
     834       1.2979
     835       1.1847
     836       1.2095
     837       1.2846
     838       1.2278
     839       1.1812
     840       1.2332
     841       1.1438
     842       1.1298
     843       1.1343
     844       1.2114
     845       1.2016
     846       1.1877
     847       1.2477
     848       1.1667
     849       1.1962
     850       1.2121
     851       1.2289
     852       1.2946
     853       1.2815
     854       1.2506
     855       1.2844
     856       1.2598
     857       1.2849
     858       1.1947
     859       1.1514
     860       1.2326
     861       1.3034
     862       1.2939
     863       1.3446
     864       1.4176
     865       1.3708
     866       1.2915
     867       1.3331
     868       1.3096
     869       1.3439
     870       1.4075
     871       1.4213
     872       1.3478
     873       1.2905
     874       1.3944
     875       1.3836
     876       1.3713
     877       1.2801
     878       1.3667
     879       1.3073
     880       1.3093
     881       1.3193
     882       1.2852
     883       1.2735
     884       1.2743
     885       1.3155
     886       1.2813
     887       1.3808
     888       1.2853
     889       1.2585
     890       1.2400
     891       1.2299
     892       1.3119
     893       1.3191
     894       1.2358
     895       1.3034
     896       1.2284
     897       1.2566
     898       1.2576
     899       1.2387
     900       1.2948
     901       1.3429
     902       1.3305
     903       1.3265
     904       1.4032
     905       1.4008
     906       1.3754
     907       1.3801
     908       1.3475
     909       1.3677
     910       1.3795
     911       1.3260
     912       1.2597
     913       1.2509
     914       1.2932
     915       1.3179
     916       1.2901
     917       1.3417
     918       1.3094
     919       1.2408
     920       1.2108
     921       1.1792
     922       1.2692
     923       1.3895
     924       1.3130
     925       1.3841
     926       1.2694
     927       1.2919
     928       1.3036
     929       1.3254
     930       1.2748
     931       1.2668
     932       1.1932
     933       1.2449
     934       1.2975
     935       1.2684
     936       1.2730
     937       1.2163
     938       1.2451
     939       1.2170
     940       1.3202
     941       1.2319
     942       1.2895
     943       1.3261
     944       1.2331
     945       1.2715
     946       1.2524
     947       1.1946
     948       1.2370
     949       1.2271
     950       1.2042
     951       1.2308
     952       1.2318
     953       1.2423
     954       1.2073
     955       1.2303
     956       1.2071
     957       1.3084
     958       1.2575
     959       1.2911
     960       1.2185
     961       1.2506
     962       1.3078
     963       1.3553
     964       1.2574
     965       1.1979
     966       1.1917
     967       1.2335
     968       1.2657
     969       1.3058
     970       1.2733
     971       1.2546
     972       1.3212
     973       1.2858
     974       1.2521
     975       1.2764
     976       1.3175
     977       1.2093
     978       1.2771
     979       1.2808
     980       1.3510
     981       1.2913
     982       1.2086
     983       1.2847
     984       1.3624
     985       1.3385
     986       1.2757
     987       1.3268
     988       1.1815
     989       1.2305
     990       1.2662
     991       1.3032
     992       1.3537
     993       1.3851
     994       1.3093
     995       1.3665
     996       1.3135
     997       1.3338
     998       1.2725
     999       1.2527
    1000       1.3204
