#Frame         ligrms
       1       0.0000
       2       1.4499
       3       1.3073
       4       1.4648
       5       2.1042
       6       1.6117
       7       1.2988
       8       1.5445
       9       1.5128
      10       1.7270
      11       2.0466
      12       1.4981
      13       1.4347
      14       1.8002
      15       2.0219
      16       2.7754
      17       1.6310
      18       1.4703
      19       1.5994
      20       1.4849
      21       1.7334
      22       1.6903
      23       1.9566
      24       1.9177
      25       1.8745
      26       1.2633
      27       1.3372
      28       1.6019
      29       1.5728
      30       2.0359
      31       2.2156
      32       2.1465
      33       2.1470
      34       2.1143
      35       2.0894
      36       2.2128
      37       2.1532
      38       2.0965
      39       2.2995
      40       1.9107
      41       2.2322
      42       1.7778
      43       2.5133
      44       1.6649
      45       1.4770
      46       1.7170
      47       2.0928
      48       1.9483
      49       1.8128
      50       2.1585
      51       1.9377
      52       1.8636
      53       1.9350
      54       1.6096
      55       1.6220
      56       1.9116
      57       1.6429
      58       2.3265
      59       1.6549
      60       1.5938
      61       2.0461
      62       1.6905
      63       2.2491
      64       1.8911
      65       1.7303
      66       2.0646
      67       1.8075
      68       1.7800
      69       1.3299
      70       1.6811
      71       1.9517
      72       1.4112
      73       1.7245
      74       1.9576
      75       1.8192
      76       1.5104
      77       1.8528
      78       2.0167
      79       2.6050
      80       2.0171
      81       1.7944
      82       2.2064
      83       1.6678
      84       1.6802
      85       1.4899
      86       2.0324
      87       1.7359
      88       1.8856
      89       1.7926
      90       1.8337
      91       1.4437
      92       1.6492
      93       1.4219
      94       2.1647
      95       2.0586
      96       2.0797
      97       1.7102
      98       2.0153
      99       1.8078
     100       2.0052
     101       2.3144
     102       1.8202
     103       2.3574
     104       2.4315
     105       2.1710
     106       1.8195
     107       2.0362
     108       1.7529
     109       1.9910
     110       2.0324
     111       1.6430
     112       1.8296
     113       1.8210
     114       1.6093
     115       1.6772
     116       1.6957
     117       1.5804
     118       1.5623
     119       1.5314
     120       1.4960
     121       1.3649
     122       1.3554
     123       1.5013
     124       1.5087
     125       1.2216
     126       1.5596
     127       1.7301
     128       1.6594
     129       1.5443
     130       1.7096
     131       1.7562
     132       1.5865
     133       1.4893
     134       1.6538
     135       1.3501
     136       1.8689
     137       1.5945
     138       1.3255
     139       1.4954
     140       1.7519
     141       1.8980
     142       1.9030
     143       2.2537
     144       2.1681
     145       1.8177
     146       1.8838
     147       2.0103
     148       2.0877
     149       1.7765
     150       1.5076
     151       2.1673
     152       1.7878
     153       1.8234
     154       1.8206
     155       1.9960
     156       2.2775
     157       1.9431
     158       1.9561
     159       1.9788
     160       1.7878
     161       2.0101
     162       2.3095
     163       2.3185
     164       1.8264
     165       1.5677
     166       1.9995
     167       1.7154
     168       1.9624
     169       1.9058
     170       2.2969
     171       1.6889
     172       1.8011
     173       1.4793
     174       2.1242
     175       1.8516
     176       1.9040
     177       2.0944
     178       2.7170
     179       2.6165
     180       3.2835
     181       3.1584
     182       2.2298
     183       2.8611
     184       2.6922
     185       2.6943
     186       2.5494
     187       2.9545
     188       2.4914
     189       2.5225
     190       2.4928
     191       2.4955
     192       2.8542
     193       3.0104
     194       2.1912
     195       2.0793
     196       1.9767
     197       1.7983
     198       2.1016
     199       1.6600
     200       1.8270
     201       2.2854
     202       3.0034
     203       2.5174
     204       2.8381
     205       2.7319
     206       3.0384
     207       2.7541
     208       2.8029
     209       2.6186
     210       3.0037
     211       2.6866
     212       2.0817
     213       1.7697
     214       1.7013
     215       1.9597
     216       1.8039
     217       1.7333
     218       2.1014
     219       1.6392
     220       1.9125
     221       1.9378
     222       1.7792
     223       1.7602
     224       1.8097
     225       2.1120
     226       1.8789
     227       1.5380
     228       1.6809
     229       2.1961
     230       2.2531
     231       3.6606
     232       3.0760
     233       3.0494
     234       3.2724
     235       3.1940
     236       3.3209
     237       2.7618
     238       2.7667
     239       2.4162
     240       2.6455
     241       2.4404
     242       2.6628
     243       1.9534
     244       2.0152
     245       1.9781
     246       1.5896
     247       2.0147
     248       1.7804
     249       1.8879
     250       1.6578
     251       2.1594
     252       1.4735
     253       1.3915
     254       1.5391
     255       1.7591
     256       2.1238
     257       2.4752
     258       2.2965
     259       1.8055
     260       1.9075
     261       2.3518
     262       2.4585
     263       2.5929
     264       2.3838
     265       2.0124
     266       1.9022
     267       2.2401
     268       2.4414
     269       2.1467
     270       2.7972
     271       2.5359
     272       2.7181
     273       1.8829
     274       2.3033
     275       2.7231
     276       2.9822
     277       3.4110
     278       3.8063
     279       4.5613
     280       4.3334
     281       3.6840
     282       4.2145
     283       3.8407
     284       4.4744
     285       4.6241
     286       4.5967
     287       4.2388
     288       3.6526
     289       4.4108
     290       4.3822
     291       4.1877
     292       4.2349
     293       3.7265
     294       3.4425
     295       4.2783
     296       3.8783
     297       3.5442
     298       3.6687
     299       3.9713
     300       3.9842
     301       3.8489
     302       4.1175
     303       4.3210
     304       4.0738
     305       3.9185
     306       4.4863
     307       4.6932
     308       3.9730
     309       4.1796
     310       4.8639
     311       4.1992
     312       4.3137
     313       4.4435
     314       4.4371
     315       4.3552
     316       4.8865
     317       3.7847
     318       4.4769
     319       4.1392
     320       4.6832
     321       4.3911
     322       4.4396
     323       3.7639
     324       3.8511
     325       3.7373
     326       3.5821
     327       3.3327
     328       4.0925
     329       4.0347
     330       3.0219
     331       3.2352
     332       3.3433
     333       3.0367
     334       3.8041
     335       3.7507
     336       2.5548
     337       3.0793
     338       2.4062
     339       3.4083
     340       3.1362
     341       3.1930
     342       3.6910
     343       3.7639
     344       2.6342
     345       2.9519
     346       2.8475
     347       3.0260
     348       3.3780
     349       4.3490
     350       2.9821
     351       3.2478
     352       2.5603
     353       3.2835
     354       4.6263
     355       4.1582
     356       4.3652
     357       4.2171
     358       3.6376
     359       3.6323
     360       4.3631
     361       4.0085
     362       4.5537
     363       4.3755
     364       4.2514
     365       3.9503
     366       4.4832
     367       4.2683
     368       4.3476
     369       4.0815
     370       4.4883
     371       3.4325
     372       4.7049
     373       4.5846
     374       5.0986
     375       4.2600
     376       3.2435
     377       4.8026
     378       4.0886
     379       4.2477
     380       4.7528
     381       3.7785
     382       3.3283
     383       3.4586
     384       3.7495
     385       4.5139
     386       4.4697
     387       4.1901
     388       5.2855
     389       5.0289
     390       4.4161
     391       4.7810
     392       4.8313
     393       4.4893
     394       3.8591
     395       4.2806
     396       4.4618
     397       5.0770
     398       5.3106
     399       4.3614
     400       4.4910
     401       3.7940
     402       4.4087
     403       4.5846
     404       5.1781
     405       4.1568
     406       4.1335
     407       4.3394
     408       3.7363
     409       4.0281
     410       4.4391
     411       4.2656
     412       4.7694
     413       4.5224
     414       4.3572
     415       4.6149
     416       4.6470
     417       4.6106
     418       4.6066
     419       5.3229
     420       4.5279
     421       4.7077
     422       3.4260
     423       4.2642
     424       3.2074
     425       3.8566
     426       4.1405
     427       4.0426
     428       4.2310
     429       4.2032
     430       3.9333
     431       4.4293
     432       4.6256
     433       4.8453
     434       3.5888
     435       4.8263
     436       4.7164
     437       4.9132
     438       4.7860
     439       4.6096
     440       4.7131
     441       4.9885
     442       3.7578
     443       4.8245
     444       4.6401
     445       4.6123
     446       4.3001
     447       4.7191
     448       4.4806
     449       4.1247
     450       4.3817
     451       3.9980
     452       4.3710
     453       5.6239
     454       5.3643
     455       5.7199
     456       5.1184
     457       4.5928
     458       5.2144
     459       4.6457
     460       4.1491
     461       4.9381
     462       5.5665
     463       4.4381
     464       4.5413
     465       4.7273
     466       4.5072
     467       5.3305
     468       5.0139
     469       4.8140
     470       5.6174
     471       6.6474
     472       5.6495
     473       4.9179
     474       5.5768
     475       6.0482
     476       6.8992
     477       6.0756
     478       6.2485
     479       5.3571
     480       4.6689
     481       4.8565
     482       4.8950
     483       4.8615
     484       5.3102
     485       5.4785
     486       4.0787
     487       5.6274
     488       4.9973
     489       5.2714
     490       5.4526
     491       5.9716
     492       5.6063
     493       4.6653
     494       5.4673
     495       5.3036
     496       4.8234
     497       4.7320
     498       4.8728
     499       5.0819
     500       5.0503
     501       5.1316
     502       5.0115
     503       4.5874
     504       5.4665
     505       5.6943
     506       4.7268
     507       4.6917
     508       5.2429
     509       4.3291
     510       4.8900
     511       5.2421
     512       5.5046
     513       4.2683
     514       5.1889
     515       5.3607
     516       4.6404
     517       5.6052
     518       5.6688
     519       5.7376
     520       5.3712
     521       5.6599
     522       4.2100
     523       4.2502
     524       5.4155
     525       4.8194
     526       4.5552
     527       5.0705
     528       4.5187
     529       4.9230
     530       5.1208
     531       5.8610
     532       5.5099
     533       5.6949
     534       5.3410
     535       5.4247
     536       5.5246
     537       5.5948
     538       5.2904
     539       5.1341
     540       5.1967
     541       4.8297
     542       5.2559
     543       5.5365
     544       5.2606
     545       5.5595
     546       5.7838
     547       5.0169
     548       5.8509
     549       5.0928
     550       6.2205
     551       5.1755
     552       4.8742
     553       5.3717
     554       5.8216
     555       5.4508
     556       6.2117
     557       5.2854
     558       4.9938
     559       5.0181
     560       5.4028
     561       4.7937
     562       4.9291
     563       4.6036
     564       4.6443
     565       4.6003
     566       3.8983
     567       3.5122
     568       4.6670
     569       4.7776
     570       3.6310
     571       4.5696
     572       4.9129
     573       4.1943
     574       4.0148
     575       3.8610
     576       3.7944
     577       3.3492
     578       3.6492
     579       3.3852
     580       3.6894
     581       3.5996
     582       3.7958
     583       3.9314
     584       3.9465
     585       3.5975
     586       3.7027
     587       2.8267
     588       3.8227
     589       3.0193
     590       2.5900
     591       3.3965
     592       2.7098
     593       2.4015
     594       2.9133
     595       2.8499
     596       3.0286
     597       2.9137
     598       2.7932
     599       3.0310
     600       2.8994
     601       3.0503
     602       3.7347
     603       3.5578
     604       2.9612
     605       3.4283
     606       3.2369
     607       2.7938
     608       3.5652
     609       2.5108
     610       2.9899
     611       2.9115
     612       2.3070
     613       2.1729
     614       2.9511
     615       2.7184
     616       2.4663
     617       3.3358
     618       3.1803
     619       3.1638
     620       3.0743
     621       3.5831
     622       3.1088
     623       3.6067
     624       3.3858
     625       3.4912
     626       3.3183
     627       3.8998
     628       3.3535
     629       3.9429
     630       3.2317
     631       3.2731
     632       3.7577
     633       3.9233
     634       3.7393
     635       3.9005
     636       4.3480
     637       3.4028
     638       2.4903
     639       3.0482
     640       3.3249
     641       3.3857
     642       2.7375
     643       3.1613
     644       2.6826
     645       2.8891
     646       3.4241
     647       3.3736
     648       2.7343
     649       2.8730
     650       2.4018
     651       2.9455
     652       2.2236
     653       2.5110
     654       3.1305
     655       2.6917
     656       2.1213
     657       2.2604
     658       2.6618
     659       2.5097
     660       2.2103
     661       2.0377
     662       1.5375
     663       1.7952
     664       2.4011
     665       1.8285
     666       2.2285
     667       2.5778
     668       2.1607
     669       2.9235
     670       2.8171
     671       2.5438
     672       2.4630
     673       2.4281
     674       2.8276
     675       2.7978
     676       3.4647
     677       3.2359
     678       3.1123
     679       3.8574
     680       3.8114
     681       3.2527
     682       3.6543
     683       3.0611
     684       3.0521
     685       2.9158
     686       3.5291
     687       3.2935
     688       3.6345
     689       3.3222
     690       2.8276
     691       3.1539
     692       2.6680
     693       2.5606
     694       3.5228
     695       3.0161
     696       2.2172
     697       1.9532
     698       2.1594
     699       3.0019
     700       3.4681
     701       3.4024
     702       2.3844
     703       2.1252
     704       1.6355
     705       2.6692
     706       3.8096
     707       3.2973
     708       3.4288
     709       3.3484
     710       2.8272
     711       3.1907
     712       3.4576
     713       3.4339
     714       3.4007
     715       3.2045
     716       2.5883
     717       3.2136
     718       3.5119
     719       3.0075
     720       3.2218
     721       3.6199
     722       3.3564
     723       2.7936
     724       3.2992
     725       3.4152
     726       3.0473
     727       3.3656
     728       3.2919
     729       3.4691
     730       3.5973
     731       3.1392
     732       2.6174
     733       3.9418
     734       4.0379
     735       4.4288
     736       3.8676
     737       3.0173
     738       3.1952
     739       3.6650
     740       3.2070
     741       3.0480
     742       3.1511
     743       2.8247
     744       3.6642
     745       3.6897
     746       3.7586
     747       4.0775
     748       4.3399
     749       3.8642
     750       3.4410
     751       4.4261
     752       3.6434
     753       2.9264
     754       2.7220
     755       3.0459
     756       2.6347
     757       2.9192
     758       2.9635
     759       3.3151
     760       3.0079
     761       3.0559
     762       3.3059
     763       3.3378
     764       3.4537
     765       2.9420
     766       3.3212
     767       4.0424
     768       3.2312
     769       2.8414
     770       2.3100
     771       2.9286
     772       2.5092
     773       2.4874
     774       2.7026
     775       2.0669
     776       2.8074
     777       3.3018
     778       2.6771
     779       3.0230
     780       3.2677
     781       2.8526
     782       3.2475
     783       3.2572
     784       2.9682
     785       2.7178
     786       3.3581
     787       3.1106
     788       3.4791
     789       3.2034
     790       3.0641
     791       3.0238
     792       3.7991
     793       3.6875
     794       3.2886
     795       3.5019
     796       3.6418
     797       2.9019
     798       2.6909
     799       2.9071
     800       3.4359
     801       3.2519
     802       3.1332
     803       3.0844
     804       3.4324
     805       3.1925
     806       2.4412
     807       3.2073
     808       2.5975
     809       3.9708
     810       3.8321
     811       3.3213
     812       3.3150
     813       3.5656
     814       3.5292
     815       3.4711
     816       3.5853
     817       3.7295
     818       3.5719
     819       4.4268
     820       3.6690
     821       3.4512
     822       3.4206
     823       2.9068
     824       2.6795
     825       2.9032
     826       2.5595
     827       2.2821
     828       2.2132
     829       2.7851
     830       2.5825
     831       3.0157
     832       3.4283
     833       4.1438
     834       2.8750
     835       3.1947
     836       3.2753
     837       2.4308
     838       2.6772
     839       2.8001
     840       2.3730
     841       2.5582
     842       2.8519
     843       3.4062
     844       2.9592
     845       3.0581
     846       2.7161
     847       2.5293
     848       3.0435
     849       2.9541
     850       3.0021
     851       2.8823
     852       2.7666
     853       2.8473
     854       3.1662
     855       2.9610
     856       2.8396
     857       2.9896
     858       2.7358
     859       2.7244
     860       2.6554
     861       2.8975
     862       2.7831
     863       2.4949
     864       3.1352
     865       3.3158
     866       2.6773
     867       2.8845
     868       2.9588
     869       2.7660
     870       2.9926
     871       3.1904
     872       3.2026
     873       3.6065
     874       3.1940
     875       3.1498
     876       2.8321
     877       2.7605
     878       2.8030
     879       2.7056
     880       3.5155
     881       3.3595
     882       3.3592
     883       2.8076
     884       2.7850
     885       2.9171
     886       3.1780
     887       3.6769
     888       3.5233
     889       3.8955
     890       3.0097
     891       2.9051
     892       2.6325
     893       3.5007
     894       3.2891
     895       3.4259
     896       2.9559
     897       3.9945
     898       3.1356
     899       2.9636
     900       3.0461
     901       4.1478
     902       3.7739
     903       2.9555
     904       2.9961
     905       3.0357
     906       2.9352
     907       3.4289
     908       3.8282
     909       3.3655
     910       3.7970
     911       3.5443
     912       4.0006
     913       3.2393
     914       3.9771
     915       4.2806
     916       4.4752
     917       3.5289
     918       3.5765
     919       3.7752
     920       4.1429
     921       4.6904
     922       4.6660
     923       3.8567
     924       4.3590
     925       4.3470
     926       3.7265
     927       3.1987
     928       3.7678
     929       3.6850
     930       3.8355
     931       3.8225
     932       4.4666
     933       4.0854
     934       4.5307
     935       4.2366
     936       3.3918
     937       3.7122
     938       4.2436
     939       4.1557
     940       4.1242
     941       3.6598
     942       3.0947
     943       3.4518
     944       3.2961
     945       3.0545
     946       3.4317
     947       3.0137
     948       2.9730
     949       3.3625
     950       2.8004
     951       2.6809
     952       2.7405
     953       3.0792
     954       3.4128
     955       2.6650
     956       3.1751
     957       3.2280
     958       2.7623
     959       3.0773
     960       3.4642
     961       3.4318
     962       2.8783
     963       3.0266
     964       3.8523
     965       3.9190
     966       3.9219
     967       3.1778
     968       3.2791
     969       3.5324
     970       2.9014
     971       3.0980
     972       3.1545
     973       2.7919
     974       2.8219
     975       2.6980
     976       2.4980
     977       2.9636
     978       2.7368
     979       3.3718
     980       3.3830
     981       2.7981
     982       2.8095
     983       2.8016
     984       2.9247
     985       3.0290
     986       3.2928
     987       3.2391
     988       3.1826
     989       2.9476
     990       3.7509
     991       3.2461
     992       2.7744
     993       2.9745
     994       2.8665
     995       2.9623
     996       3.2851
     997       3.4947
     998       3.0899
     999       3.4450
    1000       3.5895
