#Frame        fitprot
       1       0.0000
       2       0.6784
       3       0.6702
       4       0.6342
       5       0.7515
       6       0.7380
       7       0.7664
       8       0.7012
       9       0.7554
      10       0.7755
      11       0.9029
      12       0.7631
      13       0.8282
      14       0.8037
      15       0.8214
      16       0.8195
      17       0.8092
      18       0.8577
      19       0.7667
      20       0.8115
      21       0.7316
      22       0.8863
      23       0.9071
      24       0.8849
      25       0.9610
      26       0.9582
      27       0.8539
      28       0.9139
      29       0.9270
      30       0.9034
      31       0.9458
      32       0.8940
      33       0.8752
      34       0.9917
      35       0.9469
      36       0.9014
      37       1.0299
      38       0.9291
      39       1.1174
      40       1.0210
      41       1.0056
      42       1.0245
      43       1.0530
      44       0.9072
      45       0.9128
      46       0.9529
      47       0.9576
      48       1.0026
      49       1.0280
      50       1.0128
      51       1.0235
      52       0.9472
      53       0.9467
      54       1.0010
      55       1.0300
      56       1.1793
      57       1.0839
      58       1.0096
      59       1.0283
      60       1.0976
      61       1.1330
      62       1.0996
      63       1.0492
      64       1.1136
      65       1.0284
      66       1.1361
      67       1.1466
      68       1.0552
      69       1.0602
      70       1.0227
      71       1.0286
      72       1.0546
      73       1.0274
      74       1.0170
      75       0.9896
      76       1.0515
      77       1.0391
      78       1.0561
      79       1.0701
      80       1.0271
      81       0.9788
      82       1.0900
      83       1.1116
      84       1.0656
      85       1.0451
      86       1.1111
      87       1.1213
      88       1.0446
      89       0.9361
      90       1.0205
      91       1.0915
      92       1.1245
      93       1.0762
      94       1.1647
      95       1.0534
      96       1.0482
      97       1.0874
      98       1.1219
      99       1.1247
     100       1.1676
     101       1.1061
     102       1.0492
     103       1.0126
     104       1.0543
     105       1.1685
     106       1.1767
     107       1.2290
     108       1.2146
     109       1.1717
     110       1.1205
     111       1.1500
     112       1.1779
     113       1.1047
     114       1.1882
     115       1.1541
     116       1.1494
     117       1.0606
     118       1.0683
     119       1.0851
     120       1.0384
     121       1.0482
     122       1.1251
     123       1.0796
     124       1.1054
     125       1.1102
     126       1.0249
     127       1.0275
     128       0.9571
     129       1.0655
     130       1.1553
     131       1.0614
     132       1.1307
     133       1.1122
     134       1.1780
     135       1.1521
     136       1.1649
     137       1.0686
     138       1.0853
     139       1.1464
     140       1.1078
     141       1.0416
     142       1.2552
     143       1.2756
     144       1.3391
     145       1.2271
     146       1.2732
     147       1.1994
     148       1.2705
     149       1.3096
     150       1.3187
     151       1.2655
     152       1.3225
     153       1.1687
     154       1.2281
     155       1.2390
     156       1.1727
     157       1.1787
     158       1.3351
     159       1.2484
     160       1.1155
     161       1.1552
     162       1.1853
     163       1.1266
     164       1.1188
     165       1.1586
     166       1.2008
     167       1.2262
     168       1.2140
     169       1.1957
     170       1.1711
     171       1.2424
     172       1.3492
     173       1.2952
     174       1.1411
     175       1.1556
     176       1.1558
     177       1.2173
     178       1.2082
     179       1.1090
     180       1.2593
     181       1.2375
     182       1.0861
     183       1.1442
     184       1.2734
     185       1.2438
     186       1.2706
     187       1.2677
     188       1.2913
     189       1.2254
     190       1.2079
     191       1.2403
     192       1.2620
     193       1.2991
     194       1.2155
     195       1.2760
     196       1.2583
     197       1.2461
     198       1.1996
     199       1.2716
     200       1.1114
     201       1.1991
     202       1.2159
     203       1.1656
     204       1.3037
     205       1.2102
     206       1.1801
     207       1.1273
     208       1.3108
     209       1.2444
     210       1.2096
     211       1.0691
     212       1.1695
     213       1.1542
     214       1.2543
     215       1.2511
     216       1.1927
     217       1.2774
     218       1.3654
     219       1.3229
     220       1.1580
     221       1.1537
     222       1.1110
     223       1.1369
     224       1.2318
     225       1.1416
     226       1.2275
     227       1.1856
     228       1.2125
     229       1.4026
     230       1.3653
     231       1.3500
     232       1.3167
     233       1.4315
     234       1.2828
     235       1.3020
     236       1.2534
     237       1.1715
     238       1.1583
     239       1.1948
     240       1.1814
     241       1.2769
     242       1.2591
     243       1.2883
     244       1.3645
     245       1.4499
     246       1.5504
     247       1.3571
     248       1.3336
     249       1.3607
     250       1.3851
     251       1.3560
     252       1.2324
     253       1.3016
     254       1.2470
     255       1.3376
     256       1.2956
     257       1.3522
     258       1.3953
     259       1.3524
     260       1.3681
     261       1.2975
     262       1.3512
     263       1.3141
     264       1.2700
     265       1.2904
     266       1.3892
     267       1.3487
     268       1.4560
     269       1.4085
     270       1.3780
     271       1.3117
     272       1.3033
     273       1.3487
     274       1.3729
     275       1.3141
     276       1.2097
     277       1.2377
     278       1.3056
     279       1.2215
     280       1.3227
     281       1.4283
     282       1.2799
     283       1.3764
     284       1.3452
     285       1.3328
     286       1.5084
     287       1.5452
     288       1.6362
     289       1.6817
     290       1.6108
     291       1.5110
     292       1.5931
     293       1.4866
     294       1.6080
     295       1.4153
     296       1.5534
     297       1.6925
     298       1.4664
     299       1.3172
     300       1.4141
     301       1.3182
     302       1.2766
     303       1.3437
     304       1.3288
     305       1.2119
     306       1.2314
     307       1.2709
     308       1.3545
     309       1.3556
     310       1.4669
     311       1.3766
     312       1.4058
     313       1.2140
     314       1.2274
     315       1.2987
     316       1.2739
     317       1.3294
     318       1.3891
     319       1.5756
     320       1.5387
     321       1.4103
     322       1.3468
     323       1.3370
     324       1.3452
     325       1.4006
     326       1.3556
     327       1.3828
     328       1.4092
     329       1.2897
     330       1.3746
     331       1.2738
     332       1.2462
     333       1.2423
     334       1.2942
     335       1.2844
     336       1.3344
     337       1.4419
     338       1.4861
     339       1.4598
     340       1.3088
     341       1.3670
     342       1.2844
     343       1.2185
     344       1.1859
     345       1.3187
     346       1.2954
     347       1.3343
     348       1.3246
     349       1.2933
     350       1.3269
     351       1.2676
     352       1.3275
     353       1.2365
     354       1.2767
     355       1.3395
     356       1.3365
     357       1.2837
     358       1.2687
     359       1.2442
     360       1.2384
     361       1.1829
     362       1.2652
     363       1.2575
     364       1.3289
     365       1.3763
     366       1.3288
     367       1.2908
     368       1.4204
     369       1.3511
     370       1.2650
     371       1.3845
     372       1.3326
     373       1.3120
     374       1.4117
     375       1.4020
     376       1.4637
     377       1.3376
     378       1.4347
     379       1.5183
     380       1.4952
     381       1.4403
     382       1.5200
     383       1.4369
     384       1.4426
     385       1.3922
     386       1.4095
     387       1.4611
     388       1.3949
     389       1.4366
     390       1.3882
     391       1.3097
     392       1.4300
     393       1.4099
     394       1.4837
     395       1.5276
     396       1.5702
     397       1.4627
     398       1.3647
     399       1.3917
     400       1.3603
     401       1.4222
     402       1.5180
     403       1.3804
     404       1.3162
     405       1.2936
     406       1.2791
     407       1.3271
     408       1.4641
     409       1.4948
     410       1.3950
     411       1.2080
     412       1.2252
     413       1.3706
     414       1.3421
     415       1.3784
     416       1.2974
     417       1.2294
     418       1.2908
     419       1.2604
     420       1.3395
     421       1.3108
     422       1.3487
     423       1.3368
     424       1.2301
     425       1.2039
     426       1.2283
     427       1.1687
     428       1.1918
     429       1.3188
     430       1.2318
     431       1.2253
     432       1.3138
     433       1.2899
     434       1.3242
     435       1.2252
     436       1.2350
     437       1.2086
     438       1.4425
     439       1.3798
     440       1.3128
     441       1.3518
     442       1.3620
     443       1.3092
     444       1.4164
     445       1.4053
     446       1.2873
     447       1.3870
     448       1.3212
     449       1.2337
     450       1.2673
     451       1.3182
     452       1.2736
     453       1.3073
     454       1.3038
     455       1.3895
     456       1.2764
     457       1.2041
     458       1.2128
     459       1.2712
     460       1.2646
     461       1.2865
     462       1.2000
     463       1.4119
     464       1.4130
     465       1.3716
     466       1.3252
     467       1.3803
     468       1.3584
     469       1.3569
     470       1.3037
     471       1.3417
     472       1.5021
     473       1.3975
     474       1.4633
     475       1.4610
     476       1.4404
     477       1.4182
     478       1.4451
     479       1.5300
     480       1.4552
     481       1.4544
     482       1.4237
     483       1.3268
     484       1.4475
     485       1.4252
     486       1.3322
     487       1.3647
     488       1.4131
     489       1.4411
     490       1.4530
     491       1.5020
     492       1.5435
     493       1.4498
     494       1.4984
     495       1.5123
     496       1.5544
     497       1.3758
     498       1.4723
     499       1.4387
     500       1.3885
     501       1.4071
     502       1.4943
     503       1.4248
     504       1.3936
     505       1.3185
     506       1.2146
     507       1.4049
     508       1.4564
     509       1.2539
     510       1.3254
     511       1.4520
     512       1.3940
     513       1.5429
     514       1.4420
     515       1.2862
     516       1.1955
     517       1.1517
     518       1.1610
     519       1.2402
     520       1.3725
     521       1.1600
     522       1.0976
     523       1.1859
     524       1.2480
     525       1.3257
     526       1.2105
     527       1.2065
     528       1.2237
     529       1.3540
     530       1.3786
     531       1.5206
     532       1.4047
     533       1.4392
     534       1.5471
     535       1.5090
     536       1.3642
     537       1.4622
     538       1.4434
     539       1.3354
     540       1.2949
     541       1.3263
     542       1.2503
     543       1.2264
     544       1.1251
     545       1.1564
     546       1.1473
     547       1.2874
     548       1.3375
     549       1.3448
     550       1.3968
     551       1.4318
     552       1.2883
     553       1.2500
     554       1.2116
     555       1.4713
     556       1.3480
     557       1.4232
     558       1.3751
     559       1.3823
     560       1.3916
     561       1.4544
     562       1.3837
     563       1.3587
     564       1.3384
     565       1.3623
     566       1.4691
     567       1.3313
     568       1.4107
     569       1.4727
     570       1.5585
     571       1.4318
     572       1.3710
     573       1.4278
     574       1.5622
     575       1.4284
     576       1.4746
     577       1.5870
     578       1.5628
     579       1.5149
     580       1.4695
     581       1.4394
     582       1.5098
     583       1.4808
     584       1.3773
     585       1.4610
     586       1.4124
     587       1.3343
     588       1.4413
     589       1.4558
     590       1.4095
     591       1.4012
     592       1.4443
     593       1.4943
     594       1.5719
     595       1.4572
     596       1.3135
     597       1.3227
     598       1.2273
     599       1.2710
     600       1.2257
     601       1.2737
     602       1.2473
     603       1.2051
     604       1.2983
     605       1.2949
     606       1.3028
     607       1.3122
     608       1.3004
     609       1.3211
     610       1.3416
     611       1.2675
     612       1.4503
     613       1.3442
     614       1.2404
     615       1.2540
     616       1.3006
     617       1.4133
     618       1.4547
     619       1.3822
     620       1.3714
     621       1.2833
     622       1.3495
     623       1.3664
     624       1.2328
     625       1.2597
     626       1.4404
     627       1.4010
     628       1.3941
     629       1.3864
     630       1.3434
     631       1.3113
     632       1.5019
     633       1.6022
     634       1.4961
     635       1.4682
     636       1.3445
     637       1.3855
     638       1.2864
     639       1.3797
     640       1.4221
     641       1.4567
     642       1.5260
     643       1.4982
     644       1.5121
     645       1.4633
     646       1.2916
     647       1.2860
     648       1.4265
     649       1.3924
     650       1.4817
     651       1.4109
     652       1.3927
     653       1.3888
     654       1.3855
     655       1.4412
     656       1.4220
     657       1.4730
     658       1.4403
     659       1.3329
     660       1.3756
     661       1.3434
     662       1.3324
     663       1.3165
     664       1.3502
     665       1.4011
     666       1.3585
     667       1.4132
     668       1.2792
     669       1.3377
     670       1.3319
     671       1.3330
     672       1.3843
     673       1.4061
     674       1.3705
     675       1.4574
     676       1.4939
     677       1.4375
     678       1.2894
     679       1.3251
     680       1.3066
     681       1.3283
     682       1.2970
     683       1.2910
     684       1.3153
     685       1.2718
     686       1.2784
     687       1.2238
     688       1.2385
     689       1.2437
     690       1.3613
     691       1.2812
     692       1.2570
     693       1.3506
     694       1.2942
     695       1.3536
     696       1.3640
     697       1.3022
     698       1.2305
     699       1.3494
     700       1.2718
     701       1.3771
     702       1.2405
     703       1.2898
     704       1.2675
     705       1.4110
     706       1.2853
     707       1.2404
     708       1.2052
     709       1.3154
     710       1.3650
     711       1.3039
     712       1.3435
     713       1.4064
     714       1.2886
     715       1.3510
     716       1.3787
     717       1.3163
     718       1.2684
     719       1.2849
     720       1.2627
     721       1.2467
     722       1.3154
     723       1.2408
     724       1.3074
     725       1.4070
     726       1.5107
     727       1.4699
     728       1.3945
     729       1.4026
     730       1.3506
     731       1.3876
     732       1.3077
     733       1.3269
     734       1.3929
     735       1.2824
     736       1.3299
     737       1.2456
     738       1.3197
     739       1.3941
     740       1.2852
     741       1.2511
     742       1.2996
     743       1.2656
     744       1.3452
     745       1.3254
     746       1.4427
     747       1.4413
     748       1.3670
     749       1.4095
     750       1.3327
     751       1.2983
     752       1.2507
     753       1.3667
     754       1.2558
     755       1.3376
     756       1.3637
     757       1.3917
     758       1.3564
     759       1.3196
     760       1.3578
     761       1.4429
     762       1.3658
     763       1.4146
     764       1.4197
     765       1.3304
     766       1.3322
     767       1.2175
     768       1.3621
     769       1.2288
     770       1.2319
     771       1.3219
     772       1.3465
     773       1.3421
     774       1.2508
     775       1.2421
     776       1.2171
     777       1.1855
     778       1.2755
     779       1.2253
     780       1.2790
     781       1.2727
     782       1.2763
     783       1.4502
     784       1.3461
     785       1.2931
     786       1.2201
     787       1.2024
     788       1.2645
     789       1.2937
     790       1.1097
     791       1.2087
     792       1.2443
     793       1.2103
     794       1.3618
     795       1.4218
     796       1.5359
     797       1.4470
     798       1.6143
     799       1.5193
     800       1.4832
     801       1.4808
     802       1.4636
     803       1.4705
     804       1.4370
     805       1.4019
     806       1.3366
     807       1.3173
     808       1.3744
     809       1.3533
     810       1.3783
     811       1.3207
     812       1.3340
     813       1.4844
     814       1.3460
     815       1.3331
     816       1.3555
     817       1.5285
     818       1.4503
     819       1.5077
     820       1.4361
     821       1.3605
     822       1.3356
     823       1.4403
     824       1.3246
     825       1.3407
     826       1.3277
     827       1.4430
     828       1.3888
     829       1.3792
     830       1.5612
     831       1.3558
     832       1.3282
     833       1.4805
     834       1.3758
     835       1.4314
     836       1.2551
     837       1.2946
     838       1.2933
     839       1.3729
     840       1.3230
     841       1.2953
     842       1.2893
     843       1.2595
     844       1.3350
     845       1.2323
     846       1.3298
     847       1.3671
     848       1.3010
     849       1.2688
     850       1.3136
     851       1.3122
     852       1.1734
     853       1.2468
     854       1.4088
     855       1.3680
     856       1.3205
     857       1.3157
     858       1.2973
     859       1.2878
     860       1.3044
     861       1.2548
     862       1.3682
     863       1.2236
     864       1.2892
     865       1.2817
     866       1.3388
     867       1.3530
     868       1.3175
     869       1.2025
     870       1.1523
     871       1.1407
     872       1.2007
     873       1.2143
     874       1.2575
     875       1.2594
     876       1.2893
     877       1.3110
     878       1.4840
     879       1.4284
     880       1.4423
     881       1.4144
     882       1.4422
     883       1.5817
     884       1.4264
     885       1.4158
     886       1.3890
     887       1.3792
     888       1.4514
     889       1.3015
     890       1.3336
     891       1.2156
     892       1.2057
     893       1.1428
     894       1.1716
     895       1.2262
     896       1.1717
     897       1.2845
     898       1.3019
     899       1.4152
     900       1.4640
     901       1.4126
     902       1.4456
     903       1.4053
     904       1.3168
     905       1.2683
     906       1.3606
     907       1.3097
     908       1.4050
     909       1.3711
     910       1.2931
     911       1.2770
     912       1.3214
     913       1.2972
     914       1.3283
     915       1.2642
     916       1.3273
     917       1.2129
     918       1.2349
     919       1.2979
     920       1.2919
     921       1.2459
     922       1.3442
     923       1.2531
     924       1.3317
     925       1.3317
     926       1.2741
     927       1.3224
     928       1.3573
     929       1.2171
     930       1.2971
     931       1.2964
     932       1.2990
     933       1.2767
     934       1.2539
     935       1.2894
     936       1.2691
     937       1.3489
     938       1.4517
     939       1.3270
     940       1.3177
     941       1.4575
     942       1.3873
     943       1.4131
     944       1.3751
     945       1.3407
     946       1.3652
     947       1.4014
     948       1.3755
     949       1.4555
     950       1.4073
     951       1.4335
     952       1.4328
     953       1.4668
     954       1.4653
     955       1.4499
     956       1.3930
     957       1.3768
     958       1.3405
     959       1.3028
     960       1.3416
     961       1.2857
     962       1.3066
     963       1.2038
     964       1.2683
     965       1.2830
     966       1.2560
     967       1.3253
     968       1.3376
     969       1.4390
     970       1.4454
     971       1.4893
     972       1.5563
     973       1.4443
     974       1.4407
     975       1.3630
     976       1.3107
     977       1.4364
     978       1.3815
     979       1.3773
     980       1.3412
     981       1.3404
     982       1.3681
     983       1.2949
     984       1.2804
     985       1.2705
     986       1.3284
     987       1.2893
     988       1.2742
     989       1.3140
     990       1.2269
     991       1.2232
     992       1.1930
     993       1.3360
     994       1.4055
     995       1.3705
     996       1.3094
     997       1.2178
     998       1.2665
     999       1.2760
    1000       1.2729
