#Frame        fitprot
       1       0.0000
       2       0.6837
       3       0.8024
       4       0.7348
       5       0.6674
       6       0.6738
       7       0.7422
       8       0.7513
       9       0.8197
      10       0.8273
      11       0.8802
      12       0.9797
      13       1.0281
      14       1.0410
      15       1.1056
      16       1.1016
      17       1.1086
      18       1.0677
      19       1.2304
      20       1.0736
      21       1.0616
      22       1.1159
      23       1.0093
      24       1.1480
      25       1.1545
      26       1.2755
      27       1.3093
      28       1.0213
      29       1.2110
      30       1.2239
      31       1.0993
      32       1.1242
      33       1.1713
      34       1.3325
      35       1.2615
      36       1.3218
      37       1.3019
      38       1.3508
      39       1.2740
      40       1.3622
      41       1.3413
      42       1.1965
      43       1.1597
      44       1.2815
      45       1.3359
      46       1.4522
      47       1.4323
      48       1.3964
      49       1.5370
      50       1.4814
      51       1.5958
      52       1.6766
      53       1.6750
      54       1.6393
      55       1.5243
      56       1.4180
      57       1.5930
      58       1.4607
      59       1.3464
      60       1.2532
      61       1.3316
      62       1.2598
      63       1.2571
      64       1.1750
      65       1.2874
      66       1.3372
      67       1.4920
      68       1.5525
      69       1.5201
      70       1.3168
      71       1.3746
      72       1.4149
      73       1.4748
      74       1.3833
      75       1.3473
      76       1.3682
      77       1.4432
      78       1.4510
      79       1.4562
      80       1.5541
      81       1.4312
      82       1.5082
      83       1.4231
      84       1.6313
      85       1.5799
      86       1.5578
      87       1.3891
      88       1.5002
      89       1.3328
      90       1.2070
      91       1.2431
      92       1.3556
      93       1.4592
      94       1.3460
      95       1.3378
      96       1.3780
      97       1.3705
      98       1.5664
      99       1.5702
     100       1.5100
     101       1.4624
     102       1.5869
     103       1.5040
     104       1.5459
     105       1.3630
     106       1.4541
     107       1.4017
     108       1.6552
     109       1.6716
     110       1.5453
     111       1.5589
     112       1.6793
     113       1.4608
     114       1.5397
     115       1.5312
     116       1.5188
     117       1.5826
     118       1.5453
     119       1.5376
     120       1.3534
     121       1.5116
     122       1.5762
     123       1.4237
     124       1.3538
     125       1.4220
     126       1.3505
     127       1.4203
     128       1.5488
     129       1.5797
     130       1.5134
     131       1.6524
     132       1.5661
     133       1.6966
     134       1.4434
     135       1.5088
     136       1.5189
     137       1.5754
     138       1.5453
     139       1.5259
     140       1.5610
     141       1.5051
     142       1.5035
     143       1.4552
     144       1.4904
     145       1.5024
     146       1.6378
     147       1.7449
     148       1.6564
     149       1.5484
     150       1.7225
     151       1.4810
     152       1.4828
     153       1.5659
     154       1.4444
     155       1.5886
     156       1.3006
     157       1.2782
     158       1.4046
     159       1.3485
     160       1.4759
     161       1.5101
     162       1.4558
     163       1.4426
     164       1.4599
     165       1.3619
     166       1.4099
     167       1.3105
     168       1.5284
     169       1.5114
     170       1.3713
     171       1.5095
     172       1.5853
     173       1.4495
     174       1.3478
     175       1.4872
     176       1.5787
     177       1.6007
     178       1.7173
     179       1.6062
     180       1.5291
     181       1.6841
     182       1.7231
     183       1.6754
     184       1.6746
     185       1.6888
     186       1.7003
     187       1.6311
     188       1.8966
     189       1.7748
     190       1.7561
     191       1.7575
     192       1.7362
     193       1.7071
     194       1.7050
     195       1.7363
     196       1.6919
     197       1.7872
     198       1.6678
     199       1.6405
     200       1.4367
     201       1.4754
     202       1.4622
     203       1.6074
     204       1.6828
     205       1.6613
     206       1.5526
     207       1.6324
     208       1.9386
     209       1.8838
     210       1.8082
     211       1.8395
     212       1.9101
     213       1.8433
     214       1.9396
     215       1.9472
     216       1.7493
     217       1.7958
     218       1.8101
     219       1.7458
     220       1.8216
     221       1.7847
     222       1.7038
     223       1.6330
     224       1.6328
     225       1.4982
     226       1.5559
     227       1.5431
     228       1.6980
     229       1.7339
     230       2.0463
     231       1.9860
     232       2.1371
     233       2.1147
     234       2.0746
     235       1.9732
     236       2.1003
     237       1.8773
     238       1.9350
     239       1.9907
     240       1.8501
     241       1.8250
     242       1.8565
     243       1.8649
     244       1.9001
     245       1.9066
     246       2.0379
     247       1.9534
     248       1.9166
     249       1.9052
     250       1.8805
     251       1.7747
     252       1.8077
     253       1.9225
     254       1.8789
     255       1.6548
     256       1.6908
     257       1.7922
     258       1.7608
     259       1.7785
     260       1.8847
     261       1.9172
     262       1.9653
     263       1.9464
     264       1.9305
     265       1.8288
     266       1.8601
     267       1.9373
     268       1.8019
     269       1.8255
     270       1.8060
     271       1.7203
     272       1.8309
     273       1.8152
     274       1.7541
     275       1.8480
     276       1.8718
     277       1.7395
     278       1.7717
     279       1.6868
     280       1.6690
     281       1.8510
     282       1.8205
     283       1.8528
     284       1.9791
     285       1.8938
     286       1.9003
     287       2.0050
     288       2.0065
     289       1.9965
     290       1.8557
     291       1.6786
     292       1.8775
     293       1.8429
     294       1.6980
     295       1.6824
     296       1.7910
     297       1.8935
     298       1.8686
     299       2.0186
     300       2.0464
     301       2.0524
     302       1.7824
     303       1.8912
     304       1.9574
     305       1.9313
     306       2.1817
     307       2.1485
     308       2.1043
     309       1.9682
     310       2.1483
     311       2.1247
     312       2.0560
     313       2.2368
     314       2.1063
     315       1.9569
     316       1.9765
     317       1.9385
     318       1.8116
     319       1.9081
     320       1.8469
     321       2.1468
     322       2.1054
     323       1.9359
     324       1.8503
     325       1.8901
     326       1.8080
     327       2.0595
     328       2.0120
     329       1.9302
     330       1.6815
     331       1.7302
     332       1.8492
     333       1.9299
     334       1.8511
     335       1.6452
     336       1.7496
     337       1.6498
     338       1.7033
     339       1.7320
     340       1.6859
     341       1.8037
     342       1.7833
     343       1.7702
     344       1.9158
     345       1.8672
     346       1.9711
     347       2.0526
     348       1.9670
     349       2.0341
     350       2.0533
     351       1.8862
     352       1.7965
     353       1.8677
     354       1.8174
     355       2.0155
     356       1.7272
     357       1.8737
     358       2.0345
     359       1.8510
     360       1.9445
     361       2.0206
     362       1.8331
     363       1.8826
     364       1.8109
     365       1.8274
     366       1.8528
     367       2.1448
     368       2.2941
     369       2.1763
     370       2.2339
     371       2.1510
     372       2.0178
     373       2.0779
     374       2.2432
     375       2.2688
     376       2.1835
     377       2.2543
     378       2.2659
     379       2.2030
     380       2.0751
     381       2.0635
     382       1.9620
     383       1.9373
     384       1.9621
     385       2.1017
     386       1.8399
     387       1.9298
     388       1.9456
     389       2.0829
     390       1.9828
     391       1.9445
     392       2.0428
     393       2.1138
     394       2.0800
     395       1.9892
     396       2.1664
     397       2.1772
     398       2.0890
     399       1.9665
     400       1.7990
     401       1.9247
     402       2.0234
     403       1.9428
     404       1.8136
     405       1.5544
     406       1.7877
     407       1.6567
     408       1.7538
     409       1.8058
     410       1.8202
     411       1.8521
     412       1.7847
     413       1.7549
     414       1.6326
     415       1.8307
     416       1.8314
     417       1.7623
     418       1.6066
     419       1.6864
     420       1.7334
     421       1.8144
     422       1.9123
     423       1.9180
     424       1.8168
     425       1.7488
     426       1.6137
     427       1.5787
     428       1.5254
     429       1.5526
     430       1.5618
     431       1.5481
     432       1.5301
     433       1.5780
     434       1.6583
     435       1.5519
     436       1.5587
     437       1.9056
     438       1.7215
     439       1.7991
     440       1.7557
     441       1.6622
     442       1.6279
     443       1.6901
     444       1.8218
     445       1.7725
     446       1.6984
     447       1.6985
     448       1.8669
     449       1.7820
     450       1.6141
     451       1.6416
     452       1.4212
     453       1.3063
     454       1.4477
     455       1.4555
     456       1.6340
     457       1.5453
     458       1.6887
     459       1.4368
     460       1.5219
     461       1.5467
     462       1.6690
     463       1.7099
     464       1.6147
     465       1.7668
     466       1.6513
     467       1.4926
     468       1.6112
     469       1.4619
     470       1.5697
     471       1.5074
     472       1.5273
     473       1.4748
     474       1.4955
     475       1.6744
     476       1.6555
     477       1.7947
     478       1.6520
     479       1.6148
     480       1.7014
     481       1.7309
     482       1.7577
     483       1.6406
     484       1.7021
     485       1.6245
     486       1.6410
     487       1.6430
     488       1.5458
     489       1.6196
     490       1.6552
     491       1.6498
     492       1.5432
     493       1.6044
     494       1.8900
     495       1.7689
     496       1.6804
     497       1.6417
     498       1.6695
     499       1.6584
     500       1.7532
     501       1.5387
     502       1.6433
     503       1.5641
     504       1.6889
     505       1.6291
     506       1.7015
     507       1.7403
     508       1.8655
     509       1.8380
     510       1.7991
     511       1.7957
     512       2.0352
     513       1.9901
     514       2.0341
     515       1.9661
     516       2.0202
     517       2.0277
     518       1.9336
     519       2.1408
     520       2.0178
     521       2.0770
     522       2.0385
     523       1.9725
     524       2.0111
     525       1.9221
     526       1.8151
     527       1.8548
     528       1.9348
     529       1.9868
     530       1.9237
     531       2.0487
     532       2.0483
     533       1.9756
     534       1.9634
     535       2.0684
     536       2.0546
     537       2.0275
     538       1.8443
     539       1.6072
     540       1.5370
     541       1.6150
     542       1.6572
     543       1.6330
     544       1.4491
     545       1.5771
     546       1.5828
     547       1.6803
     548       1.6974
     549       1.8392
     550       1.8120
     551       1.7771
     552       1.6852
     553       1.8007
     554       1.6680
     555       1.7438
     556       1.7740
     557       1.8975
     558       1.8779
     559       1.7200
     560       1.7891
     561       1.8223
     562       1.8685
     563       1.8530
     564       1.6588
     565       1.8026
     566       1.7437
     567       1.7870
     568       1.5318
     569       1.5218
     570       1.6269
     571       1.5130
     572       1.5343
     573       1.5134
     574       1.5437
     575       1.5645
     576       1.4971
     577       1.6752
     578       1.7928
     579       2.0537
     580       2.0586
     581       1.8596
     582       1.8965
     583       1.8278
     584       1.7756
     585       1.7498
     586       1.7461
     587       1.8605
     588       1.9743
     589       2.1114
     590       1.8893
     591       1.8066
     592       1.7571
     593       1.8797
     594       1.8537
     595       1.9170
     596       2.0303
     597       1.9301
     598       1.8792
     599       1.8677
     600       1.8159
     601       1.8183
     602       1.9046
     603       1.7891
     604       1.9301
     605       1.8625
     606       1.9974
     607       2.0520
     608       2.1001
     609       1.9738
     610       2.0589
     611       2.0845
     612       1.9361
     613       1.9132
     614       2.0563
     615       2.0026
     616       1.8577
     617       1.8284
     618       2.0173
     619       1.8294
     620       1.8418
     621       1.7296
     622       1.7889
     623       1.6998
     624       1.7853
     625       1.7943
     626       1.8242
     627       1.7867
     628       1.8278
     629       1.7263
     630       1.7038
     631       1.7150
     632       1.7503
     633       1.7627
     634       1.7067
     635       1.7879
     636       1.8708
     637       1.7419
     638       1.5555
     639       1.7946
     640       1.9425
     641       1.7773
     642       1.8212
     643       1.7253
     644       1.6516
     645       1.7060
     646       1.6906
     647       1.6786
     648       1.4822
     649       1.4098
     650       1.6325
     651       1.7294
     652       1.6598
     653       1.7283
     654       1.7014
     655       1.8040
     656       1.9031
     657       1.8624
     658       1.7710
     659       1.7941
     660       1.9285
     661       1.9000
     662       1.7546
     663       1.6593
     664       1.6241
     665       1.5948
     666       1.6787
     667       1.6469
     668       1.6486
     669       1.6557
     670       1.6754
     671       1.6419
     672       1.6578
     673       1.6531
     674       1.6246
     675       1.5623
     676       1.5612
     677       1.5353
     678       1.4583
     679       1.5203
     680       1.4890
     681       1.6007
     682       1.7701
     683       1.8384
     684       1.8878
     685       1.8572
     686       1.9376
     687       1.8647
     688       1.8153
     689       1.8916
     690       1.8551
     691       1.9076
     692       1.9697
     693       1.8772
     694       1.8083
     695       1.9371
     696       1.9407
     697       2.0260
     698       1.9588
     699       1.7849
     700       1.7350
     701       1.9293
     702       1.8276
     703       1.9162
     704       1.9680
     705       2.0160
     706       2.2089
     707       1.9272
     708       1.8536
     709       1.7384
     710       1.8322
     711       1.7776
     712       1.7960
     713       1.6021
     714       1.5357
     715       1.5003
     716       1.5007
     717       1.6692
     718       1.9396
     719       1.8779
     720       1.8038
     721       1.9994
     722       2.1490
     723       2.0883
     724       1.9227
     725       2.0209
     726       1.9075
     727       1.9781
     728       1.8476
     729       1.8541
     730       1.9001
     731       2.0400
     732       2.1597
     733       2.4598
     734       2.0389
     735       2.0459
     736       1.8687
     737       1.9890
     738       1.9636
     739       1.9163
     740       1.6738
     741       1.6560
     742       1.7115
     743       1.7347
     744       1.8642
     745       1.6942
     746       1.6283
     747       1.7312
     748       1.7070
     749       1.7143
     750       1.7604
     751       1.9410
     752       1.6659
     753       1.7050
     754       1.7037
     755       1.7717
     756       1.8409
     757       1.9756
     758       1.9525
     759       1.9525
     760       1.8816
     761       1.6598
     762       1.5586
     763       1.6234
     764       1.5689
     765       1.6811
     766       1.7181
     767       1.8104
     768       1.7460
     769       1.6767
     770       1.6910
     771       1.6916
     772       1.7621
     773       1.6676
     774       1.6523
     775       1.6441
     776       1.5392
     777       1.4588
     778       1.4929
     779       1.6103
     780       1.6160
     781       1.8936
     782       1.7013
     783       1.7042
     784       1.6979
     785       1.5536
     786       1.6143
     787       1.6815
     788       1.7412
     789       1.7784
     790       1.7122
     791       1.5428
     792       1.6104
     793       1.6254
     794       1.6778
     795       1.5553
     796       1.4923
     797       1.6645
     798       1.7028
     799       1.7289
     800       1.7416
     801       1.8301
     802       2.0095
     803       1.7938
     804       1.7098
     805       1.6670
     806       1.7155
     807       1.6882
     808       1.6456
     809       1.5882
     810       1.6545
     811       1.7296
     812       1.8304
     813       1.6991
     814       1.8000
     815       1.8088
     816       1.8778
     817       1.7426
     818       1.8006
     819       1.6878
     820       1.8275
     821       1.9116
     822       1.7735
     823       1.8218
     824       1.8160
     825       2.0604
     826       1.8999
     827       1.9211
     828       1.9398
     829       1.9127
     830       1.8339
     831       1.7799
     832       1.7705
     833       1.6501
     834       1.5867
     835       1.7101
     836       1.7852
     837       1.8850
     838       1.8071
     839       1.8347
     840       1.7373
     841       1.6549
     842       1.6781
     843       1.5419
     844       1.4692
     845       1.5669
     846       1.5267
     847       1.5229
     848       1.5569
     849       1.5944
     850       1.5385
     851       1.6435
     852       1.6263
     853       1.6664
     854       1.5446
     855       1.4451
     856       1.5073
     857       1.6271
     858       1.5803
     859       1.6113
     860       1.5870
     861       1.6790
     862       1.4943
     863       1.6044
     864       1.6098
     865       1.6694
     866       1.5064
     867       1.6414
     868       1.7123
     869       1.7325
     870       1.8715
     871       1.8841
     872       1.7766
     873       2.1386
     874       2.0724
     875       2.1093
     876       2.0231
     877       1.9742
     878       2.0105
     879       1.8259
     880       1.9491
     881       1.9041
     882       1.9617
     883       1.9716
     884       1.8788
     885       1.8503
     886       1.7352
     887       1.8717
     888       1.8893
     889       1.8348
     890       1.7653
     891       1.7565
     892       1.6315
     893       1.7091
     894       1.7049
     895       1.8138
     896       1.8317
     897       1.7506
     898       1.7206
     899       1.6864
     900       1.6548
     901       1.6824
     902       1.8310
     903       1.5932
     904       1.6287
     905       1.8147
     906       1.8503
     907       1.7745
     908       1.6318
     909       1.6594
     910       1.5811
     911       1.6953
     912       1.6413
     913       1.8293
     914       1.8149
     915       1.9695
     916       1.9381
     917       2.0689
     918       2.1008
     919       2.2198
     920       2.2233
     921       2.0255
     922       1.9324
     923       1.7931
     924       1.8497
     925       1.8475
     926       1.9714
     927       1.9944
     928       2.0378
     929       1.9137
     930       1.7793
     931       1.8752
     932       1.7923
     933       1.7750
     934       1.7102
     935       1.7046
     936       1.6386
     937       1.7775
     938       1.8925
     939       1.8938
     940       1.9659
     941       1.8741
     942       1.9368
     943       2.0056
     944       1.9507
     945       1.8802
     946       1.8203
     947       1.9420
     948       1.9819
     949       1.8804
     950       1.9044
     951       2.0354
     952       1.9689
     953       1.9352
     954       2.0206
     955       1.9794
     956       1.9567
     957       1.7231
     958       1.7487
     959       1.8450
     960       1.6225
     961       1.5784
     962       1.4503
     963       1.4474
     964       1.4934
     965       1.3894
     966       1.3129
     967       1.3844
     968       1.4903
     969       1.5483
     970       1.5188
     971       1.6055
     972       1.6149
     973       1.5336
     974       1.7299
     975       1.7708
     976       1.7726
     977       1.8087
     978       1.7356
     979       1.8012
     980       1.6063
     981       1.6728
     982       1.8967
     983       1.8675
     984       1.9253
     985       1.8650
     986       1.8878
     987       1.9998
     988       1.9667
     989       1.9631
     990       1.9034
     991       2.0698
     992       2.0967
     993       2.1220
     994       2.1897
     995       2.2651
     996       2.2190
     997       2.0283
     998       1.9865
     999       1.9953
    1000       2.0520
