#Frame         ligall
       1       0.0000
       2       0.9035
       3       1.3678
       4       1.6010
       5       1.0024
       6       1.5033
       7       1.1974
       8       1.5162
       9       1.4219
      10       1.3474
      11       1.4306
      12       1.4813
      13       1.9904
      14       1.4851
      15       1.5893
      16       1.3135
      17       1.5322
      18       1.2451
      19       1.3450
      20       1.7171
      21       1.3144
      22       1.1759
      23       1.4180
      24       1.4930
      25       1.0680
      26       1.3413
      27       1.5760
      28       1.9540
      29       1.5935
      30       1.0437
      31       1.2365
      32       1.7085
      33       1.3589
      34       1.9001
      35       1.2965
      36       1.6205
      37       1.7217
      38       1.7608
      39       1.9313
      40       1.4686
      41       1.3679
      42       1.6120
      43       1.3237
      44       1.7792
      45       2.3595
      46       1.7854
      47       1.7775
      48       1.9246
      49       1.5287
      50       1.8387
      51       1.7343
      52       1.6713
      53       1.2299
      54       1.9134
      55       1.8186
      56       1.7813
      57       1.4729
      58       1.3229
      59       1.0294
      60       1.6763
      61       1.5703
      62       1.3743
      63       1.7980
      64       1.3820
      65       1.5609
      66       1.3902
      67       1.1480
      68       1.1087
      69       1.5219
      70       1.2593
      71       1.5048
      72       1.1852
      73       1.2643
      74       1.1248
      75       1.6966
      76       2.1554
      77       1.8091
      78       1.4411
      79       1.9908
      80       1.7217
      81       1.1044
      82       1.0978
      83       1.3337
      84       1.5754
      85       1.5829
      86       1.6515
      87       1.0901
      88       1.1736
      89       1.2258
      90       1.2150
      91       1.4351
      92       1.2842
      93       1.9906
      94       1.3968
      95       1.2714
      96       1.5480
      97       1.4048
      98       1.4215
      99       1.2397
     100       1.2328
     101       1.2767
     102       1.1109
     103       1.2912
     104       1.3543
     105       1.0249
     106       1.2806
     107       1.3268
     108       1.2978
     109       1.2280
     110       1.7963
     111       1.4727
     112       1.6848
     113       1.8762
     114       1.5942
     115       1.6581
     116       1.4985
     117       1.8119
     118       1.3911
     119       1.3496
     120       1.5649
     121       1.6295
     122       1.4103
     123       1.4715
     124       1.6145
     125       1.9341
     126       1.4084
     127       1.6925
     128       1.7128
     129       1.8275
     130       1.8541
     131       1.5393
     132       1.4282
     133       1.9230
     134       1.5228
     135       1.5887
     136       1.6080
     137       1.6570
     138       1.7135
     139       2.1909
     140       1.9346
     141       1.7671
     142       1.7111
     143       1.5545
     144       1.3974
     145       1.3858
     146       1.7265
     147       1.6074
     148       1.6584
     149       1.5943
     150       1.8572
     151       1.3722
     152       1.5529
     153       1.4105
     154       1.2460
     155       1.7262
     156       1.7892
     157       1.4393
     158       1.7112
     159       1.6211
     160       1.4817
     161       1.6245
     162       1.2248
     163       1.5188
     164       1.7021
     165       1.6359
     166       1.5593
     167       1.3509
     168       1.4399
     169       1.2261
     170       1.5282
     171       1.6390
     172       1.6760
     173       1.7090
     174       1.6147
     175       1.8449
     176       1.7496
     177       1.8315
     178       2.0158
     179       1.5766
     180       1.5270
     181       1.5838
     182       1.9283
     183       1.7022
     184       1.8343
     185       1.4064
     186       1.5290
     187       1.5845
     188       2.1941
     189       2.8177
     190       2.9716
     191       2.1836
     192       3.3712
     193       3.6076
     194       2.7173
     195       2.6534
     196       2.0914
     197       1.5526
     198       1.2666
     199       1.2689
     200       1.5659
     201       1.6160
     202       1.4621
     203       1.6970
     204       2.0149
     205       1.3629
     206       1.1721
     207       0.9837
     208       1.3698
     209       1.4018
     210       1.6903
     211       1.5058
     212       1.7562
     213       1.5318
     214       2.1082
     215       1.7925
     216       1.7998
     217       2.2628
     218       1.8224
     219       1.8292
     220       1.7490
     221       1.7645
     222       1.8398
     223       1.6776
     224       1.3414
     225       1.7794
     226       1.6981
     227       1.7965
     228       1.7291
     229       1.5215
     230       1.7407
     231       1.6183
     232       1.7856
     233       1.9430
     234       2.1842
     235       1.5088
     236       1.6536
     237       1.4917
     238       1.4923
     239       2.0183
     240       1.8323
     241       1.9033
     242       1.9127
     243       1.0870
     244       1.7601
     245       2.2027
     246       1.9973
     247       1.3218
     248       1.6810
     249       1.7933
     250       1.7736
     251       2.1997
     252       1.8085
     253       2.1390
     254       2.7779
     255       2.5566
     256       2.2320
     257       2.4000
     258       2.2350
     259       2.8507
     260       2.7124
     261       2.5721
     262       2.7323
     263       3.3082
     264       2.2273
     265       2.3997
     266       1.8744
     267       2.6468
     268       2.2650
     269       2.0102
     270       2.7730
     271       2.4395
     272       2.2891
     273       2.3079
     274       2.1822
     275       2.4306
     276       2.0408
     277       1.8004
     278       2.0170
     279       1.9619
     280       1.3556
     281       2.0162
     282       2.2707
     283       1.6324
     284       1.9738
     285       1.9766
     286       1.9521
     287       1.6935
     288       1.3199
     289       1.6065
     290       1.6738
     291       2.5894
     292       2.3167
     293       1.9496
     294       1.8861
     295       1.8566
     296       1.9123
     297       1.6923
     298       2.0571
     299       1.7647
     300       2.2966
     301       1.5425
     302       1.7839
     303       1.9835
     304       2.1371
     305       1.7765
     306       2.3554
     307       2.1586
     308       1.7262
     309       2.3472
     310       2.4283
     311       2.1637
     312       1.5679
     313       1.7639
     314       2.3903
     315       2.3634
     316       2.2291
     317       1.8830
     318       1.6455
     319       1.8921
     320       2.3628
     321       1.4492
     322       2.5639
     323       1.8962
     324       1.5909
     325       2.1879
     326       1.7628
     327       1.5918
     328       1.9599
     329       1.6124
     330       2.0702
     331       2.0525
     332       2.1493
     333       2.1180
     334       1.8949
     335       2.1980
     336       2.5496
     337       2.0041
     338       2.6713
     339       2.3780
     340       1.8970
     341       1.8156
     342       1.8555
     343       2.1304
     344       2.4834
     345       2.1304
     346       2.0770
     347       1.8485
     348       2.1750
     349       2.2313
     350       1.7958
     351       2.2152
     352       2.4727
     353       2.1398
     354       1.9142
     355       1.8449
     356       1.6409
     357       1.6866
     358       2.0170
     359       1.6802
     360       2.0056
     361       2.2267
     362       2.0233
     363       1.6629
     364       1.6058
     365       1.8500
     366       1.4564
     367       2.3320
     368       2.0514
     369       1.8486
     370       1.8387
     371       1.5629
     372       2.0204
     373       2.0736
     374       2.1094
     375       2.3320
     376       1.7585
     377       1.8417
     378       1.9000
     379       1.8471
     380       1.4481
     381       2.0324
     382       1.6689
     383       2.2218
     384       2.7231
     385       1.5458
     386       1.5846
     387       1.6504
     388       2.0341
     389       2.0968
     390       2.5632
     391       1.7408
     392       2.0144
     393       1.6082
     394       1.8690
     395       2.4397
     396       2.5142
     397       2.4007
     398       2.4314
     399       2.2864
     400       2.5225
     401       1.9880
     402       1.9231
     403       1.3926
     404       1.8643
     405       1.9823
     406       2.0427
     407       1.7711
     408       1.9809
     409       1.9900
     410       1.7688
     411       2.3082
     412       2.2476
     413       2.0029
     414       2.3764
     415       2.0824
     416       2.8492
     417       1.9594
     418       2.4585
     419       1.6126
     420       1.7819
     421       1.9861
     422       1.9599
     423       1.8012
     424       2.0055
     425       1.9196
     426       2.7103
     427       1.9545
     428       1.8170
     429       1.6419
     430       2.0076
     431       2.2428
     432       1.7831
     433       1.3906
     434       1.9251
     435       2.2208
     436       1.8767
     437       2.2332
     438       1.5454
     439       1.5189
     440       1.9239
     441       2.3116
     442       2.2442
     443       1.9805
     444       1.9610
     445       1.9271
     446       2.2063
     447       1.7325
     448       1.9712
     449       2.3437
     450       2.2012
     451       1.9356
     452       1.7300
     453       2.0245
     454       2.0196
     455       1.9784
     456       2.4124
     457       2.1725
     458       2.3662
     459       2.4145
     460       1.8256
     461       2.1106
     462       2.2473
     463       1.9300
     464       2.2632
     465       1.8740
     466       1.7189
     467       2.3619
     468       2.3580
     469       2.2715
     470       2.3879
     471       2.4736
     472       2.1371
     473       2.3763
     474       2.3516
     475       2.3970
     476       2.4530
     477       2.0457
     478       2.3592
     479       2.0503
     480       2.3573
     481       2.5259
     482       2.4914
     483       2.0658
     484       2.2417
     485       2.1819
     486       2.0718
     487       2.2304
     488       2.4926
     489       2.5581
     490       2.2430
     491       2.0978
     492       2.2711
     493       2.2552
     494       2.5061
     495       2.6353
     496       2.3662
     497       2.0750
     498       1.9629
     499       2.4218
     500       2.4812
     501       2.4651
     502       2.3545
     503       2.2582
     504       2.6070
     505       2.1204
     506       2.0300
     507       2.0040
     508       2.4736
     509       2.0959
     510       2.3375
     511       2.4934
     512       1.8657
     513       1.7812
     514       2.3828
     515       2.5710
     516       2.3149
     517       2.1277
     518       2.0269
     519       2.1407
     520       2.4734
     521       1.7246
     522       1.9381
     523       1.9162
     524       1.9863
     525       1.6922
     526       1.8814
     527       2.0660
     528       2.2370
     529       2.4439
     530       2.4864
     531       1.9374
     532       2.0742
     533       2.2317
     534       2.3011
     535       2.1043
     536       2.3836
     537       1.9361
     538       1.9968
     539       1.8856
     540       1.9715
     541       1.5259
     542       1.9718
     543       2.6332
     544       2.6779
     545       1.8145
     546       2.2966
     547       2.1506
     548       2.3201
     549       2.1394
     550       2.5195
     551       2.4839
     552       2.3753
     553       2.4803
     554       1.9492
     555       2.1198
     556       2.0010
     557       1.6283
     558       1.3577
     559       2.5146
     560       2.0869
     561       1.7647
     562       1.7503
     563       2.3181
     564       2.0997
     565       1.9637
     566       1.6572
     567       1.9299
     568       1.8142
     569       1.5549
     570       2.7574
     571       1.9257
     572       2.2597
     573       2.1136
     574       2.5637
     575       2.0336
     576       2.2179
     577       1.7010
     578       2.0783
     579       2.0292
     580       2.0421
     581       2.5511
     582       2.2361
     583       2.3905
     584       1.8201
     585       1.9971
     586       2.2517
     587       1.9926
     588       2.0378
     589       2.2325
     590       2.1579
     591       2.2781
     592       2.0813
     593       1.8417
     594       1.7345
     595       1.7380
     596       2.0240
     597       2.0936
     598       2.3006
     599       2.4411
     600       2.0027
     601       2.3153
     602       2.1117
     603       2.2475
     604       1.7858
     605       2.1405
     606       2.0097
     607       1.9606
     608       2.1727
     609       2.0318
     610       1.4183
     611       1.5155
     612       2.2650
     613       1.8723
     614       1.7684
     615       2.1658
     616       1.9539
     617       1.8994
     618       1.5118
     619       1.7732
     620       2.1313
     621       2.5380
     622       1.7571
     623       2.6882
     624       1.7709
     625       1.6570
     626       1.8509
     627       1.8025
     628       1.5548
     629       1.3117
     630       1.5980
     631       1.9410
     632       1.8846
     633       2.0009
     634       1.8767
     635       1.4750
     636       1.8024
     637       0.8617
     638       1.9775
     639       1.7789
     640       1.3512
     641       1.7454
     642       2.4442
     643       1.9188
     644       1.8261
     645       2.4078
     646       2.3216
     647       1.7636
     648       2.0786
     649       1.8141
     650       2.0050
     651       1.9364
     652       2.3849
     653       2.0662
     654       1.5858
     655       1.6272
     656       1.6526
     657       2.5103
     658       1.7245
     659       1.7406
     660       1.4201
     661       1.4489
     662       1.9382
     663       2.0581
     664       1.7793
     665       2.2527
     666       2.0534
     667       1.9102
     668       1.7350
     669       1.8357
     670       0.9880
     671       1.8287
     672       1.7965
     673       1.5998
     674       1.8385
     675       2.4542
     676       1.4069
     677       2.3003
     678       2.3231
     679       2.4768
     680       1.6817
     681       1.9317
     682       1.9383
     683       1.6841
     684       2.2266
     685       2.0259
     686       2.0671
     687       1.9313
     688       1.9687
     689       2.0529
     690       1.8941
     691       1.7494
     692       2.1416
     693       1.7990
     694       1.7692
     695       2.4832
     696       1.7253
     697       1.9166
     698       1.4827
     699       1.9605
     700       1.9772
     701       2.1129
     702       2.0685
     703       1.8406
     704       2.0831
     705       1.9567
     706       2.2246
     707       1.7490
     708       1.7849
     709       2.1188
     710       2.0980
     711       1.6882
     712       1.8489
     713       2.0558
     714       2.3635
     715       1.7940
     716       2.1361
     717       2.2332
     718       2.3288
     719       1.9573
     720       2.4475
     721       2.0510
     722       1.9879
     723       2.0693
     724       1.7563
     725       2.0536
     726       1.6991
     727       2.1569
     728       1.9231
     729       1.9824
     730       2.2220
     731       2.4007
     732       2.1527
     733       1.9768
     734       2.0451
     735       2.0528
     736       2.0157
     737       2.1027
     738       2.2772
     739       1.9058
     740       1.8939
     741       2.0747
     742       1.9455
     743       1.8834
     744       2.1036
     745       2.0137
     746       1.7083
     747       1.8791
     748       2.0891
     749       1.8224
     750       2.0949
     751       2.0669
     752       1.7095
     753       1.5056
     754       1.8015
     755       1.8941
     756       1.8033
     757       1.7182
     758       2.0642
     759       2.0366
     760       1.9501
     761       1.7705
     762       1.8070
     763       1.7759
     764       1.5173
     765       2.7793
     766       1.6905
     767       1.4846
     768       1.6946
     769       1.8899
     770       1.7936
     771       1.6128
     772       1.9893
     773       1.6354
     774       1.9132
     775       2.0287
     776       1.6054
     777       1.6644
     778       1.6380
     779       2.0557
     780       2.1871
     781       1.9798
     782       2.1145
     783       1.9447
     784       2.1788
     785       2.1979
     786       1.8508
     787       1.8805
     788       2.1426
     789       1.9986
     790       2.1311
     791       2.0780
     792       1.8339
     793       1.7358
     794       1.6739
     795       2.0574
     796       1.7596
     797       1.5338
     798       1.8910
     799       2.0752
     800       1.8926
     801       2.3230
     802       1.8567
     803       1.9155
     804       1.7121
     805       2.0690
     806       1.7303
     807       1.9076
     808       1.9729
     809       1.3375
     810       1.6666
     811       1.6406
     812       1.9057
     813       2.1474
     814       1.8415
     815       1.8750
     816       1.8523
     817       1.9956
     818       1.8070
     819       1.5663
     820       1.3442
     821       1.5871
     822       1.8107
     823       2.1005
     824       1.7919
     825       1.7029
     826       1.5767
     827       2.1056
     828       1.9138
     829       2.2425
     830       1.6583
     831       1.6918
     832       1.8794
     833       1.7942
     834       1.0923
     835       2.0548
     836       1.5704
     837       1.5691
     838       1.4762
     839       1.4436
     840       1.8967
     841       1.8339
     842       1.8929
     843       1.6552
     844       1.8932
     845       1.7817
     846       2.0612
     847       1.8636
     848       2.2464
     849       1.8701
     850       2.0461
     851       2.1158
     852       1.9297
     853       1.9096
     854       2.1956
     855       1.8388
     856       1.9462
     857       1.6986
     858       1.8513
     859       1.6677
     860       1.8630
     861       1.4715
     862       1.8694
     863       1.6683
     864       1.4963
     865       2.0910
     866       1.8565
     867       2.0332
     868       2.3122
     869       1.9176
     870       2.1446
     871       1.9370
     872       2.0272
     873       2.3973
     874       2.4494
     875       2.1993
     876       2.0520
     877       1.8864
     878       1.9751
     879       2.1265
     880       2.0888
     881       2.0474
     882       2.1620
     883       1.8240
     884       1.9036
     885       2.0756
     886       2.1485
     887       2.2007
     888       1.9314
     889       2.0626
     890       2.3117
     891       1.8822
     892       1.6977
     893       2.2747
     894       2.2204
     895       1.8442
     896       1.7300
     897       1.5602
     898       2.0670
     899       1.8791
     900       1.4800
     901       1.3087
     902       1.0461
     903       1.3495
     904       1.4581
     905       1.4548
     906       1.9077
     907       1.7910
     908       1.6041
     909       1.5967
     910       1.3122
     911       1.5070
     912       1.6220
     913       1.8674
     914       1.5227
     915       1.8554
     916       1.5877
     917       1.8080
     918       1.5694
     919       1.7177
     920       1.5714
     921       1.3197
     922       1.6480
     923       1.4192
     924       1.5378
     925       1.1787
     926       1.5848
     927       1.5829
     928       1.9246
     929       1.4826
     930       1.4230
     931       1.5226
     932       1.6863
     933       1.6438
     934       1.5098
     935       1.3921
     936       1.5640
     937       1.5528
     938       1.2292
     939       0.9222
     940       1.0430
     941       1.1765
     942       1.4397
     943       1.0481
     944       1.4721
     945       0.9548
     946       0.9665
     947       1.3465
     948       0.8030
     949       1.0154
     950       1.2701
     951       1.2088
     952       1.1251
     953       0.8187
     954       1.1020
     955       0.9040
     956       1.0536
     957       1.0829
     958       2.2390
     959       1.0376
     960       1.1832
     961       1.2016
     962       1.3005
     963       1.0146
     964       0.9471
     965       1.1645
     966       1.0271
     967       1.2529
     968       0.9666
     969       0.9246
     970       1.1034
     971       1.3047
     972       1.3654
     973       1.1966
     974       1.1020
     975       1.7503
     976       1.0624
     977       1.5224
     978       1.8364
     979       1.3968
     980       1.2533
     981       1.2582
     982       1.0778
     983       1.7525
     984       1.6722
     985       1.5800
     986       1.2992
     987       1.6605
     988       1.3943
     989       1.3351
     990       1.3379
     991       1.5201
     992       1.2917
     993       1.4162
     994       1.2340
     995       1.3426
     996       1.4111
     997       1.1952
     998       1.5550
     999       1.4304
    1000       1.2070
