#Frame         fitall
       1       0.0000
       2       0.5621
       3       0.6419
       4       0.6537
       5       0.7385
       6       0.7750
       7       0.7302
       8       0.7351
       9       0.7807
      10       0.8134
      11       0.8258
      12       0.7941
      13       0.7804
      14       0.7646
      15       0.9231
      16       0.8154
      17       0.8274
      18       0.8658
      19       0.9265
      20       0.8221
      21       0.8179
      22       0.8775
      23       1.0232
      24       1.0984
      25       0.9268
      26       1.0428
      27       1.0425
      28       1.0060
      29       1.0557
      30       1.0759
      31       1.0411
      32       1.1439
      33       1.2509
      34       1.1965
      35       1.3021
      36       1.3389
      37       1.4028
      38       1.4357
      39       1.4299
      40       1.4711
      41       1.4717
      42       1.4407
      43       1.4961
      44       1.4822
      45       1.4117
      46       1.3654
      47       1.3936
      48       1.3827
      49       1.3345
      50       1.3348
      51       1.3184
      52       1.3755
      53       1.3044
      54       1.3781
      55       1.3555
      56       1.4587
      57       1.4543
      58       1.4291
      59       1.2056
      60       1.3006
      61       1.2526
      62       1.3111
      63       1.3983
      64       1.2734
      65       1.1619
      66       1.1931
      67       1.2523
      68       1.4013
      69       1.3039
      70       1.2454
      71       1.3929
      72       1.5078
      73       1.6062
      74       1.6692
      75       1.7248
      76       1.7185
      77       1.6342
      78       1.5940
      79       1.6845
      80       1.6417
      81       1.6605
      82       1.6079
      83       1.5037
      84       1.4550
      85       1.6115
      86       1.5571
      87       1.4927
      88       1.5660
      89       1.5098
      90       1.6915
      91       1.7102
      92       1.6294
      93       1.6376
      94       1.5805
      95       1.4662
      96       1.5106
      97       1.6218
      98       1.6411
      99       1.6128
     100       1.7288
     101       1.5940
     102       1.6019
     103       1.6826
     104       1.7654
     105       1.7133
     106       1.6760
     107       1.8300
     108       1.8539
     109       1.8008
     110       1.7552
     111       1.6734
     112       1.6425
     113       1.6581
     114       1.8375
     115       1.8253
     116       1.8063
     117       1.9063
     118       1.7359
     119       1.8650
     120       1.6691
     121       1.4972
     122       1.5329
     123       1.6114
     124       1.6113
     125       1.6195
     126       1.5381
     127       1.6159
     128       1.6304
     129       1.6522
     130       1.6370
     131       1.6712
     132       1.7775
     133       1.5864
     134       1.6071
     135       1.7472
     136       1.7505
     137       1.7459
     138       1.8318
     139       1.7906
     140       1.7396
     141       1.5970
     142       1.7088
     143       1.5926
     144       1.5078
     145       1.7079
     146       1.7013
     147       1.6205
     148       1.7177
     149       1.6428
     150       1.5953
     151       1.7444
     152       1.7523
     153       1.7432
     154       1.7357
     155       1.6826
     156       1.6125
     157       1.7372
     158       1.8789
     159       1.9888
     160       1.9312
     161       1.8449
     162       1.8861
     163       1.9825
     164       1.9717
     165       2.1101
     166       2.0324
     167       2.0386
     168       1.8869
     169       1.9508
     170       2.0323
     171       2.0029
     172       1.8565
     173       1.9843
     174       2.0406
     175       2.0806
     176       1.9514
     177       2.1244
     178       2.2252
     179       2.2580
     180       2.2901
     181       2.2424
     182       2.1476
     183       2.0320
     184       2.0487
     185       1.9925
     186       1.9506
     187       2.0087
     188       1.8930
     189       2.0855
     190       2.0822
     191       2.0446
     192       2.1158
     193       2.0971
     194       2.0948
     195       2.0801
     196       2.0028
     197       2.0217
     198       2.0534
     199       2.0082
     200       2.0156
     201       2.0132
     202       2.0104
     203       2.0782
     204       1.9859
     205       1.9680
     206       2.0678
     207       2.0064
     208       2.1738
     209       2.1432
     210       2.0830
     211       2.1802
     212       2.2354
     213       2.3096
     214       2.3400
     215       2.3719
     216       2.4199
     217       2.4548
     218       2.3857
     219       2.4103
     220       2.5492
     221       2.4210
     222       2.3460
     223       2.4643
     224       2.4149
     225       2.3455
     226       2.2560
     227       2.1392
     228       2.0733
     229       1.8925
     230       1.9828
     231       1.8842
     232       1.9078
     233       2.0165
     234       1.8857
     235       1.9963
     236       2.0856
     237       2.0552
     238       2.0439
     239       2.1489
     240       2.1185
     241       2.0247
     242       1.8725
     243       1.8900
     244       1.9247
     245       2.1538
     246       2.1150
     247       2.0851
     248       1.9755
     249       2.1220
     250       2.1579
     251       2.1503
     252       2.1121
     253       2.1154
     254       2.1707
     255       2.1431
     256       2.0659
     257       1.9364
     258       2.0323
     259       2.0274
     260       2.0001
     261       2.1730
     262       2.1623
     263       2.1649
     264       2.1179
     265       2.1642
     266       2.1341
     267       1.9330
     268       1.9088
     269       1.9917
     270       1.9464
     271       2.0220
     272       2.0829
     273       1.9840
     274       2.0224
     275       2.1463
     276       2.0984
     277       2.0467
     278       2.0242
     279       2.0644
     280       2.0161
     281       2.1029
     282       2.2208
     283       2.1406
     284       2.0659
     285       2.1593
     286       2.1688
     287       2.1986
     288       2.0663
     289       2.1815
     290       2.3448
     291       2.4008
     292       2.4994
     293       2.3370
     294       2.4179
     295       2.2777
     296       2.3712
     297       2.3852
     298       2.2678
     299       2.3912
     300       2.4005
     301       2.2987
     302       2.3794
     303       2.3779
     304       2.5277
     305       2.5031
     306       2.3748
     307       2.4171
     308       2.5028
     309       2.5309
     310       2.3797
     311       2.4009
     312       2.3405
     313       2.2986
     314       2.2905
     315       2.1578
     316       2.2726
     317       2.2057
     318       2.1858
     319       2.1737
     320       2.2524
     321       2.2202
     322       2.2689
     323       2.2551
     324       2.3274
     325       2.2389
     326       2.2828
     327       2.2728
     328       2.3849
     329       2.4203
     330       2.4758
     331       2.5624
     332       2.6103
     333       2.5646
     334       2.5690
     335       2.5583
     336       2.6733
     337       2.5428
     338       2.5375
     339       2.5768
     340       2.6857
     341       2.8141
     342       2.8481
     343       2.7489
     344       2.6298
     345       2.6779
     346       2.6473
     347       2.6156
     348       2.6094
     349       2.6225
     350       2.6777
     351       2.6351
     352       2.6419
     353       2.5368
     354       2.6308
     355       2.4672
     356       2.5349
     357       2.6061
     358       2.6011
     359       2.4723
     360       2.4873
     361       2.5160
     362       2.5179
     363       2.3619
     364       2.4989
     365       2.3675
     366       2.4282
     367       2.3643
     368       2.2747
     369       2.2367
     370       2.2782
     371       2.2386
     372       2.3246
     373       2.2429
     374       2.2761
     375       2.3020
     376       2.2594
     377       2.2965
     378       2.2171
     379       2.2768
     380       2.3365
     381       2.2976
     382       2.2797
     383       2.2440
     384       2.1934
     385       2.2330
     386       2.1749
     387       2.1351
     388       2.4703
     389       2.5682
     390       2.5150
     391       2.5746
     392       2.4846
     393       2.4507
     394       2.3586
     395       2.5360
     396       2.7646
     397       2.6520
     398       2.5917
     399       2.6548
     400       2.6408
     401       2.6085
     402       2.5184
     403       2.6340
     404       2.5263
     405       2.5718
     406       2.6533
     407       2.4237
     408       2.4220
     409       2.3828
     410       2.5903
     411       2.5564
     412       2.5778
     413       2.3797
     414       2.3138
     415       2.3646
     416       2.5348
     417       2.3911
     418       2.3998
     419       2.4006
     420       2.5169
     421       2.5855
     422       2.5391
     423       2.4908
     424       2.3985
     425       2.5442
     426       2.4472
     427       2.1877
     428       2.2966
     429       2.3141
     430       2.2233
     431       2.3410
     432       2.2361
     433       2.0894
     434       2.2164
     435       2.1969
     436       2.2911
     437       2.3702
     438       2.4537
     439       2.3060
     440       2.2546
     441       2.2326
     442       2.2927
     443       2.2202
     444       2.2954
     445       2.4127
     446       2.4524
     447       2.3934
     448       2.4895
     449       2.6344
     450       2.5911
     451       2.4652
     452       2.5148
     453       2.5483
     454       2.5759
     455       2.5468
     456       2.4113
     457       2.5326
     458       2.7336
     459       2.6163
     460       2.5812
     461       2.4915
     462       2.5781
     463       2.5513
     464       2.5035
     465       2.5806
     466       2.6883
     467       2.6031
     468       2.6121
     469       2.6382
     470       2.5805
     471       2.6404
     472       2.5758
     473       2.5150
     474       2.5029
     475       2.5967
     476       2.7475
     477       2.7345
     478       2.6232
     479       2.6038
     480       2.6083
     481       2.5937
     482       2.5680
     483       2.4554
     484       2.4398
     485       2.5921
     486       2.4597
     487       2.2760
     488       2.3259
     489       2.2302
     490       2.4573
     491       2.4658
     492       2.7240
     493       2.5703
     494       2.4999
     495       2.5863
     496       2.5609
     497       2.5094
     498       2.5482
     499       2.5178
     500       2.5310
     501       2.5412
     502       2.4679
     503       2.4785
     504       2.4731
     505       2.4480
     506       2.4891
     507       2.5431
     508       2.5789
     509       2.6226
     510       2.6832
     511       2.6517
     512       2.5736
     513       2.6146
     514       2.6912
     515       2.5710
     516       2.6237
     517       2.4442
     518       2.5004
     519       2.2468
     520       2.1389
     521       2.2008
     522       2.1832
     523       2.1972
     524       2.2443
     525       2.2204
     526       2.2969
     527       2.2462
     528       2.3386
     529       2.2224
     530       2.2823
     531       2.6320
     532       2.6940
     533       2.6090
     534       2.5006
     535       2.4537
     536       2.3980
     537       2.4558
     538       2.4964
     539       2.4210
     540       2.4891
     541       2.4676
     542       2.4351
     543       2.3685
     544       2.3548
     545       2.2369
     546       2.1934
     547       2.3183
     548       2.4245
     549       2.4123
     550       2.5333
     551       2.6020
     552       2.7335
     553       2.7104
     554       2.5528
     555       2.6408
     556       2.5425
     557       2.4448
     558       2.3123
     559       2.5452
     560       2.4037
     561       2.3235
     562       2.1643
     563       2.2294
     564       2.3810
     565       2.3211
     566       2.2530
     567       2.3470
     568       2.3213
     569       2.3707
     570       2.4100
     571       2.5203
     572       2.4408
     573       2.3955
     574       2.4344
     575       2.3464
     576       2.3256
     577       2.3312
     578       2.3059
     579       2.2979
     580       2.3669
     581       2.4805
     582       2.5782
     583       2.5522
     584       2.5271
     585       2.5058
     586       2.5705
     587       2.5010
     588       2.5041
     589       2.5610
     590       2.5195
     591       2.5543
     592       2.4111
     593       2.5291
     594       2.5274
     595       2.4480
     596       2.4191
     597       2.4387
     598       2.5698
     599       2.6116
     600       2.4443
     601       2.5704
     602       2.6072
     603       2.4999
     604       2.4987
     605       2.3830
     606       2.4999
     607       2.4826
     608       2.3918
     609       2.2804
     610       2.3268
     611       2.3703
     612       2.4261
     613       2.4735
     614       2.4823
     615       2.3564
     616       2.4778
     617       2.6084
     618       2.5727
     619       2.5139
     620       2.5440
     621       2.5029
     622       2.4836
     623       2.4701
     624       2.5356
     625       2.6211
     626       2.5587
     627       2.5001
     628       2.3228
     629       2.3439
     630       2.3948
     631       2.3344
     632       2.3632
     633       2.4202
     634       2.3590
     635       2.2973
     636       2.3467
     637       2.4181
     638       2.4799
     639       2.4297
     640       2.3897
     641       2.4511
     642       2.3606
     643       2.3586
     644       2.2459
     645       2.2918
     646       2.3376
     647       2.5444
     648       2.5040
     649       2.4235
     650       2.2933
     651       2.3419
     652       2.3323
     653       2.1904
     654       2.3066
     655       2.3920
     656       2.3254
     657       2.2817
     658       2.3026
     659       2.3925
     660       2.3990
     661       2.3887
     662       2.3560
     663       2.4284
     664       2.4031
     665       2.3589
     666       2.3966
     667       2.3586
     668       2.4396
     669       2.5380
     670       2.3811
     671       2.4668
     672       2.5373
     673       2.4990
     674       2.4844
     675       2.3855
     676       2.5389
     677       2.6018
     678       2.5704
     679       2.5637
     680       2.5649
     681       2.6372
     682       2.6691
     683       2.5356
     684       2.8792
     685       2.8493
     686       2.7873
     687       2.7908
     688       2.6961
     689       2.5723
     690       2.5377
     691       2.5937
     692       2.6412
     693       2.6207
     694       2.4899
     695       2.4864
     696       2.4877
     697       2.3895
     698       2.3716
     699       2.3076
     700       2.3512
     701       2.2876
     702       2.4358
     703       2.4987
     704       2.4624
     705       2.3736
     706       2.3119
     707       2.2720
     708       2.1464
     709       2.2843
     710       2.4123
     711       2.4043
     712       2.3982
     713       2.4067
     714       2.3744
     715       2.3487
     716       2.5765
     717       2.5695
     718       2.6208
     719       2.7092
     720       2.6748
     721       2.6696
     722       2.7362
     723       2.6567
     724       2.6876
     725       2.6129
     726       2.5848
     727       2.5207
     728       2.5545
     729       2.4592
     730       2.4484
     731       2.3610
     732       2.3263
     733       2.2576
     734       2.2952
     735       2.1621
     736       2.2852
     737       2.1115
     738       2.1187
     739       2.0715
     740       2.0369
     741       2.0348
     742       2.0371
     743       2.1265
     744       2.2189
     745       2.1655
     746       2.0347
     747       2.1654
     748       2.1171
     749       2.1123
     750       2.0229
     751       2.0666
     752       2.0387
     753       1.9755
     754       1.9840
     755       2.0729
     756       2.1254
     757       2.2423
     758       1.9979
     759       2.2083
     760       2.2069
     761       2.3235
     762       2.1182
     763       2.1241
     764       2.0737
     765       1.9970
     766       2.0611
     767       2.0739
     768       2.0111
     769       1.9626
     770       2.0028
     771       1.9737
     772       2.0827
     773       2.0127
     774       1.9366
     775       1.9464
     776       2.0087
     777       2.0183
     778       2.0585
     779       2.0473
     780       2.1217
     781       2.2353
     782       2.2024
     783       2.1316
     784       2.1285
     785       2.2080
     786       2.2050
     787       2.2273
     788       2.1026
     789       2.1675
     790       2.0844
     791       2.0533
     792       2.0232
     793       2.0066
     794       2.0714
     795       2.1023
     796       2.0898
     797       2.0112
     798       1.9336
     799       1.9223
     800       2.0054
     801       2.0526
     802       1.9929
     803       1.9823
     804       1.8278
     805       1.9135
     806       1.9603
     807       1.9685
     808       1.9045
     809       1.9400
     810       1.8882
     811       1.9287
     812       1.8414
     813       1.8430
     814       1.8493
     815       1.7576
     816       1.7811
     817       1.7669
     818       1.8184
     819       1.8921
     820       2.0198
     821       1.9910
     822       2.0422
     823       1.9887
     824       2.0958
     825       2.1153
     826       2.1406
     827       2.2073
     828       2.2339
     829       2.1680
     830       2.3944
     831       2.5646
     832       2.4727
     833       2.3264
     834       2.2164
     835       1.9261
     836       2.0406
     837       2.1667
     838       2.0273
     839       2.0962
     840       2.0665
     841       2.1324
     842       2.2342
     843       2.2797
     844       2.2540
     845       2.3438
     846       2.3640
     847       2.2662
     848       2.2957
     849       2.4143
     850       2.4429
     851       2.5011
     852       2.4787
     853       2.4516
     854       2.4720
     855       2.5105
     856       2.4287
     857       2.4117
     858       2.1611
     859       2.2131
     860       2.2547
     861       2.1903
     862       2.1759
     863       2.2119
     864       2.1830
     865       2.2155
     866       2.2550
     867       2.1946
     868       2.1778
     869       2.1928
     870       2.2974
     871       2.3295
     872       2.3225
     873       2.2519
     874       2.3799
     875       2.2080
     876       2.1549
     877       2.0963
     878       2.0332
     879       2.0645
     880       2.1351
     881       2.1143
     882       2.1144
     883       2.1119
     884       2.1282
     885       2.1975
     886       2.1636
     887       2.1472
     888       2.2363
     889       2.3119
     890       2.2920
     891       2.3193
     892       2.1906
     893       2.2383
     894       2.1875
     895       2.2656
     896       2.1503
     897       2.0156
     898       2.0359
     899       2.1794
     900       2.1101
     901       1.9176
     902       2.0377
     903       2.1746
     904       2.1377
     905       2.3828
     906       2.3859
     907       2.4061
     908       2.4529
     909       2.4176
     910       2.3573
     911       2.3066
     912       2.3904
     913       2.3217
     914       2.2831
     915       2.2172
     916       2.1615
     917       2.1906
     918       2.2151
     919       2.2377
     920       2.1686
     921       2.1827
     922       2.1115
     923       2.0365
     924       2.1001
     925       2.0368
     926       2.1248
     927       2.1435
     928       2.0175
     929       2.0805
     930       2.2105
     931       2.1882
     932       2.1246
     933       2.2936
     934       2.2810
     935       2.1786
     936       2.1153
     937       2.2028
     938       2.0373
     939       2.1123
     940       2.1465
     941       2.0714
     942       2.2493
     943       2.2738
     944       2.2351
     945       2.2216
     946       2.2256
     947       2.2059
     948       2.3407
     949       2.2518
     950       2.2530
     951       2.2294
     952       2.1145
     953       2.1346
     954       2.1322
     955       2.1392
     956       2.0370
     957       2.0688
     958       2.2038
     959       2.1454
     960       2.1186
     961       2.1006
     962       2.0944
     963       1.9548
     964       1.9869
     965       1.8998
     966       1.7272
     967       1.8820
     968       1.8790
     969       1.8199
     970       1.9233
     971       2.1677
     972       2.1474
     973       2.1349
     974       2.0960
     975       2.0994
     976       2.1436
     977       2.0307
     978       2.3123
     979       2.2538
     980       2.2084
     981       2.2355
     982       2.2572
     983       2.3520
     984       2.1283
     985       2.1736
     986       2.2552
     987       2.1134
     988       2.1126
     989       1.8778
     990       1.9283
     991       1.9580
     992       2.0809
     993       2.1314
     994       2.0571
     995       2.0105
     996       1.9427
     997       1.9473
     998       2.0003
     999       1.8950
    1000       1.8326
