#Frame        fadcore
       1       0.0000
       2       0.3446
       3       0.3187
       4       0.3625
       5       0.3921
       6       0.3424
       7       0.3380
       8       0.4559
       9       0.4595
      10       0.3098
      11       0.4744
      12       0.5018
      13       0.3485
      14       0.2749
      15       0.2552
      16       0.4108
      17       0.4809
      18       0.3761
      19       0.5168
      20       0.3913
      21       0.4051
      22       0.4205
      23       0.5308
      24       0.4552
      25       0.3790
      26       0.3689
      27       0.2580
      28       0.2947
      29       0.3026
      30       0.3010
      31       0.3400
      32       0.2894
      33       0.3417
      34       0.3261
      35       0.4327
      36       0.4006
      37       0.3455
      38       0.3828
      39       0.3569
      40       0.3222
      41       0.2993
      42       0.3217
      43       0.3242
      44       0.3895
      45       0.2946
      46       0.3762
      47       0.2563
      48       0.2619
      49       0.4819
      50       0.4418
      51       0.4265
      52       0.2580
      53       0.3458
      54       0.4194
      55       0.3557
      56       0.3166
      57       0.3302
      58       0.4218
      59       0.4758
      60       0.3928
      61       0.3669
      62       0.4510
      63       0.5346
      64       0.4947
      65       0.3619
      66       0.2812
      67       0.3061
      68       0.2920
      69       0.2651
      70       0.3510
      71       0.3892
      72       0.3457
      73       0.3810
      74       0.2765
      75       0.3494
      76       0.2832
      77       0.3150
      78       0.3048
      79       0.2797
      80       0.3940
      81       0.3175
      82       0.2909
      83       0.2669
      84       0.2855
      85       0.3238
      86       0.3729
      87       0.3607
      88       0.3949
      89       0.3706
      90       0.4337
      91       0.3929
      92       0.3244
      93       0.4146
      94       0.3907
      95       0.4772
      96       0.4686
      97       0.2990
      98       0.3245
      99       0.3890
     100       0.3796
     101       0.2921
     102       0.3711
     103       0.4380
     104       0.4958
     105       0.3409
     106       0.3935
     107       0.3971
     108       0.4002
     109       0.4251
     110       0.4131
     111       0.3892
     112       0.3827
     113       0.3926
     114       0.3675
     115       0.2984
     116       0.3682
     117       0.5122
     118       0.3893
     119       0.3832
     120       0.4155
     121       0.3874
     122       0.3007
     123       0.2891
     124       0.3566
     125       0.3278
     126       0.3253
     127       0.3579
     128       0.4165
     129       0.3999
     130       0.3856
     131       0.2697
     132       0.3860
     133       0.3487
     134       0.3134
     135       0.3580
     136       0.3874
     137       0.3268
     138       0.3169
     139       0.2791
     140       0.3074
     141       0.2962
     142       0.2670
     143       0.3380
     144       0.4414
     145       0.2671
     146       0.2488
     147       0.2373
     148       0.2984
     149       0.4132
     150       0.2792
     151       0.2924
     152       0.3263
     153       0.3886
     154       0.3955
     155       0.2753
     156       0.3286
     157       0.3420
     158       0.3430
     159       0.3550
     160       0.3789
     161       0.4900
     162       0.4456
     163       0.3890
     164       0.5456
     165       0.4011
     166       0.5186
     167       0.3049
     168       0.4412
     169       0.4253
     170       0.4158
     171       0.3348
     172       0.4589
     173       0.4090
     174       0.4651
     175       0.5098
     176       0.4897
     177       0.4127
     178       0.5476
     179       0.4933
     180       0.4677
     181       0.4295
     182       0.4103
     183       0.3893
     184       0.2776
     185       0.4103
     186       0.4072
     187       0.4627
     188       0.4927
     189       0.4158
     190       0.4665
     191       0.3890
     192       0.2634
     193       0.3958
     194       0.2975
     195       0.2700
     196       0.2962
     197       0.3197
     198       0.3477
     199       0.3953
     200       0.3353
     201       0.3780
     202       0.3121
     203       0.5029
     204       0.4505
     205       0.3313
     206       0.3254
     207       0.3579
     208       0.2864
     209       0.2717
     210       0.3648
     211       0.3307
     212       0.3306
     213       0.3273
     214       0.3453
     215       0.3377
     216       0.3695
     217       0.3729
     218       0.3131
     219       0.3419
     220       0.2582
     221       0.3705
     222       0.3316
     223       0.2799
     224       0.2774
     225       0.3095
     226       0.2278
     227       0.2603
     228       0.3634
     229       0.3516
     230       0.3118
     231       0.3624
     232       0.2903
     233       0.2512
     234       0.3863
     235       0.2949
     236       0.2856
     237       0.3247
     238       0.3059
     239       0.4038
     240       0.4533
     241       0.3862
     242       0.4250
     243       0.3789
     244       0.4946
     245       0.3888
     246       0.3467
     247       0.2969
     248       0.2968
     249       0.3193
     250       0.4003
     251       0.4921
     252       0.3259
     253       0.3131
     254       0.3044
     255       0.3665
     256       0.3680
     257       0.3018
     258       0.3667
     259       0.3859
     260       0.4287
     261       0.4025
     262       0.4109
     263       0.3536
     264       0.4471
     265       0.3823
     266       0.3887
     267       0.5391
     268       0.4111
     269       0.4191
     270       0.4213
     271       0.5004
     272       0.4392
     273       0.5016
     274       0.3913
     275       0.4925
     276       0.4141
     277       0.4551
     278       0.4750
     279       0.3928
     280       0.3783
     281       0.4441
     282       0.4665
     283       0.3671
     284       0.5873
     285       0.3923
     286       0.3327
     287       0.3742
     288       0.3421
     289       0.3564
     290       0.3307
     291       0.3335
     292       0.3956
     293       0.4929
     294       0.4447
     295       0.4447
     296       0.4832
     297       0.4314
     298       0.5061
     299       0.4390
     300       0.4738
     301       0.4894
     302       0.4341
     303       0.4696
     304       0.4372
     305       0.4177
     306       0.2841
     307       0.2858
     308       0.3783
     309       0.3738
     310       0.3727
     311       0.3373
     312       0.3901
     313       0.3995
     314       0.4576
     315       0.3371
     316       0.3834
     317       0.4390
     318       0.4723
     319       0.4394
     320       0.3938
     321       0.4018
     322       0.4930
     323       0.4612
     324       0.3583
     325       0.4013
     326       0.3446
     327       0.3694
     328       0.3922
     329       0.3968
     330       0.3611
     331       0.4094
     332       0.3922
     333       0.3833
     334       0.3646
     335       0.3937
     336       0.3522
     337       0.4470
     338       0.3789
     339       0.4921
     340       0.3902
     341       0.4788
     342       0.4759
     343       0.5257
     344       0.4749
     345       0.4959
     346       0.3949
     347       0.5499
     348       0.4605
     349       0.5213
     350       0.4515
     351       0.4797
     352       0.3602
     353       0.3780
     354       0.3804
     355       0.4269
     356       0.3957
     357       0.4640
     358       0.3931
     359       0.4154
     360       0.4060
     361       0.4287
     362       0.4042
     363       0.3964
     364       0.3855
     365       0.3254
     366       0.3824
     367       0.4666
     368       0.5229
     369       0.2853
     370       0.3593
     371       0.3215
     372       0.4307
     373       0.4314
     374       0.3958
     375       0.5742
     376       0.3667
     377       0.3671
     378       0.3880
     379       0.4016
     380       0.4464
     381       0.4454
     382       0.4562
     383       0.3925
     384       0.5013
     385       0.4438
     386       0.3971
     387       0.4924
     388       0.4386
     389       0.4287
     390       0.5294
     391       0.6407
     392       0.6152
     393       0.5703
     394       0.5663
     395       0.4802
     396       0.4864
     397       0.5504
     398       0.4389
     399       0.3951
     400       0.4229
     401       0.4378
     402       0.4141
     403       0.4721
     404       0.5156
     405       0.4835
     406       0.3890
     407       0.4134
     408       0.3654
     409       0.4165
     410       0.4826
     411       0.5304
     412       0.4663
     413       0.4504
     414       0.5204
     415       0.4476
     416       0.2883
     417       0.3701
     418       0.3857
     419       0.4005
     420       0.4493
     421       0.3822
     422       0.3861
     423       0.5074
     424       0.4292
     425       0.4583
     426       0.4491
     427       0.5167
     428       0.4541
     429       0.4793
     430       0.4191
     431       0.3936
     432       0.4056
     433       0.4809
     434       0.5119
     435       0.4794
     436       0.4333
     437       0.3994
     438       0.5138
     439       0.4592
     440       0.4659
     441       0.5221
     442       0.4699
     443       0.3334
     444       0.4222
     445       0.4531
     446       0.5782
     447       0.5567
     448       0.6446
     449       0.5043
     450       0.4023
     451       0.3922
     452       0.3685
     453       0.5078
     454       0.5276
     455       0.5293
     456       0.4485
     457       0.4583
     458       0.4339
     459       0.5362
     460       0.6193
     461       0.4979
     462       0.6062
     463       0.6112
     464       0.4647
     465       0.5205
     466       0.3673
     467       0.4310
     468       0.4600
     469       0.4815
     470       0.5939
     471       0.3879
     472       0.4709
     473       0.5077
     474       0.4000
     475       0.3854
     476       0.5538
     477       0.6232
     478       0.5363
     479       0.5061
     480       0.4302
     481       0.5911
     482       0.4528
     483       0.4366
     484       0.5051
     485       0.4892
     486       0.3772
     487       0.5232
     488       0.4169
     489       0.5370
     490       0.4316
     491       0.3829
     492       0.3937
     493       0.5614
     494       0.3864
     495       0.4402
     496       0.3744
     497       0.3179
     498       0.3905
     499       0.3372
     500       0.4072
     501       0.3880
     502       0.3514
     503       0.4082
     504       0.3124
     505       0.3254
     506       0.3097
     507       0.3189
     508       0.3385
     509       0.4199
     510       0.3211
     511       0.5183
     512       0.5281
     513       0.5474
     514       0.4659
     515       0.4666
     516       0.4303
     517       0.4101
     518       0.4953
     519       0.3939
     520       0.3721
     521       0.4219
     522       0.3259
     523       0.3799
     524       0.4190
     525       0.4545
     526       0.3482
     527       0.4445
     528       0.5228
     529       0.4378
     530       0.5243
     531       0.5550
     532       0.5463
     533       0.4995
     534       0.4984
     535       0.4588
     536       0.4179
     537       0.3728
     538       0.3664
     539       0.4007
     540       0.4247
     541       0.3770
     542       0.4147
     543       0.3563
     544       0.4274
     545       0.3457
     546       0.3150
     547       0.2761
     548       0.3293
     549       0.4502
     550       0.3051
     551       0.4271
     552       0.5143
     553       0.4832
     554       0.4192
     555       0.4284
     556       0.3798
     557       0.4155
     558       0.4192
     559       0.5061
     560       0.3620
     561       0.5572
     562       0.4549
     563       0.3797
     564       0.5366
     565       0.4179
     566       0.4888
     567       0.3907
     568       0.3771
     569       0.3254
     570       0.3251
     571       0.3878
     572       0.3374
     573       0.3176
     574       0.3241
     575       0.3069
     576       0.2773
     577       0.4104
     578       0.3906
     579       0.5791
     580       0.4169
     581       0.3531
     582       0.3863
     583       0.3553
     584       0.5012
     585       0.3327
     586       0.3883
     587       0.3685
     588       0.3602
     589       0.3481
     590       0.3596
     591       0.4873
     592       0.5682
     593       0.4538
     594       0.5370
     595       0.3861
     596       0.3863
     597       0.3795
     598       0.4105
     599       0.3114
     600       0.3061
     601       0.3400
     602       0.3738
     603       0.4166
     604       0.2957
     605       0.3911
     606       0.3290
     607       0.4015
     608       0.3580
     609       0.3599
     610       0.4115
     611       0.4794
     612       0.4660
     613       0.4445
     614       0.4170
     615       0.6640
     616       0.5820
     617       0.5796
     618       0.5433
     619       0.5065
     620       0.4941
     621       0.5355
     622       0.5434
     623       0.5661
     624       0.4918
     625       0.4339
     626       0.4993
     627       0.4348
     628       0.4510
     629       0.5057
     630       0.4511
     631       0.4086
     632       0.5722
     633       0.4990
     634       0.4621
     635       0.4954
     636       0.4084
     637       0.5799
     638       0.3404
     639       0.3933
     640       0.3092
     641       0.4178
     642       0.3560
     643       0.4576
     644       0.4078
     645       0.4701
     646       0.4468
     647       0.4495
     648       0.4465
     649       0.4208
     650       0.4204
     651       0.5424
     652       0.4131
     653       0.4113
     654       0.3594
     655       0.4052
     656       0.4331
     657       0.4387
     658       0.4821
     659       0.2741
     660       0.2677
     661       0.2874
     662       0.3321
     663       0.4066
     664       0.5136
     665       0.5050
     666       0.5448
     667       0.5252
     668       0.5712
     669       0.4925
     670       0.5082
     671       0.4990
     672       0.4333
     673       0.4353
     674       0.4849
     675       0.5270
     676       0.4875
     677       0.4174
     678       0.4692
     679       0.3715
     680       0.4161
     681       0.3631
     682       0.3401
     683       0.3310
     684       0.3067
     685       0.3035
     686       0.3533
     687       0.3419
     688       0.3126
     689       0.3167
     690       0.4996
     691       0.5142
     692       0.4358
     693       0.3969
     694       0.4225
     695       0.4102
     696       0.4742
     697       0.5206
     698       0.4671
     699       0.4174
     700       0.3824
     701       0.3709
     702       0.3697
     703       0.4421
     704       0.4032
     705       0.4701
     706       0.5274
     707       0.4543
     708       0.4072
     709       0.4863
     710       0.4418
     711       0.3457
     712       0.4115
     713       0.4775
     714       0.4137
     715       0.3602
     716       0.4347
     717       0.5088
     718       0.5141
     719       0.5005
     720       0.5167
     721       0.5030
     722       0.4837
     723       0.4702
     724       0.5265
     725       0.5541
     726       0.5169
     727       0.4580
     728       0.4252
     729       0.3799
     730       0.4211
     731       0.3511
     732       0.3624
     733       0.3927
     734       0.4252
     735       0.4924
     736       0.4547
     737       0.4245
     738       0.4881
     739       0.4854
     740       0.4039
     741       0.4440
     742       0.4341
     743       0.4257
     744       0.4070
     745       0.3871
     746       0.3647
     747       0.3752
     748       0.3252
     749       0.2914
     750       0.3660
     751       0.3698
     752       0.4139
     753       0.3864
     754       0.4650
     755       0.3430
     756       0.2702
     757       0.4194
     758       0.4368
     759       0.4334
     760       0.3890
     761       0.4100
     762       0.4724
     763       0.5058
     764       0.5184
     765       0.3938
     766       0.4616
     767       0.3477
     768       0.4173
     769       0.5195
     770       0.3870
     771       0.3892
     772       0.3993
     773       0.4560
     774       0.3888
     775       0.3662
     776       0.3987
     777       0.4426
     778       0.4472
     779       0.4762
     780       0.3446
     781       0.4120
     782       0.4655
     783       0.4307
     784       0.4206
     785       0.4262
     786       0.4338
     787       0.4375
     788       0.5261
     789       0.3984
     790       0.3562
     791       0.4109
     792       0.3782
     793       0.3762
     794       0.4530
     795       0.3698
     796       0.3159
     797       0.2925
     798       0.3432
     799       0.3918
     800       0.4198
     801       0.3800
     802       0.2834
     803       0.3401
     804       0.3877
     805       0.4265
     806       0.3878
     807       0.3478
     808       0.4411
     809       0.4430
     810       0.4256
     811       0.4410
     812       0.3829
     813       0.4300
     814       0.4666
     815       0.4458
     816       0.3958
     817       0.4362
     818       0.4741
     819       0.4890
     820       0.5081
     821       0.4005
     822       0.5330
     823       0.4710
     824       0.3982
     825       0.3845
     826       0.4246
     827       0.3779
     828       0.4970
     829       0.4697
     830       0.4915
     831       0.4679
     832       0.3881
     833       0.4494
     834       0.4838
     835       0.5534
     836       0.5463
     837       0.5997
     838       0.3857
     839       0.4443
     840       0.2822
     841       0.3823
     842       0.3668
     843       0.4176
     844       0.3858
     845       0.4766
     846       0.4287
     847       0.4888
     848       0.4808
     849       0.3831
     850       0.4081
     851       0.4225
     852       0.4755
     853       0.3392
     854       0.3869
     855       0.4116
     856       0.4475
     857       0.4055
     858       0.3625
     859       0.3810
     860       0.4958
     861       0.4517
     862       0.5084
     863       0.5064
     864       0.4791
     865       0.4681
     866       0.4898
     867       0.4670
     868       0.4742
     869       0.4768
     870       0.4633
     871       0.4788
     872       0.5077
     873       0.3990
     874       0.4618
     875       0.5444
     876       0.4979
     877       0.5113
     878       0.4268
     879       0.4373
     880       0.5033
     881       0.4934
     882       0.3740
     883       0.5212
     884       0.5454
     885       0.5126
     886       0.4150
     887       0.3785
     888       0.4555
     889       0.4506
     890       0.5115
     891       0.4571
     892       0.3890
     893       0.3842
     894       0.3753
     895       0.3440
     896       0.3722
     897       0.5236
     898       0.4691
     899       0.5115
     900       0.3792
     901       0.3604
     902       0.4103
     903       0.4644
     904       0.5400
     905       0.4283
     906       0.4603
     907       0.4601
     908       0.3419
     909       0.3726
     910       0.3748
     911       0.4419
     912       0.3318
     913       0.3106
     914       0.3482
     915       0.3142
     916       0.4032
     917       0.5381
     918       0.4181
     919       0.4134
     920       0.4354
     921       0.3358
     922       0.4942
     923       0.4541
     924       0.5373
     925       0.5342
     926       0.3718
     927       0.3964
     928       0.3358
     929       0.4516
     930       0.4996
     931       0.4405
     932       0.4218
     933       0.5303
     934       0.4157
     935       0.4382
     936       0.4662
     937       0.4106
     938       0.4121
     939       0.4716
     940       0.3774
     941       0.3670
     942       0.4133
     943       0.4106
     944       0.5680
     945       0.5374
     946       0.4857
     947       0.6154
     948       0.4002
     949       0.3872
     950       0.3909
     951       0.3581
     952       0.4420
     953       0.5723
     954       0.6348
     955       0.4924
     956       0.5044
     957       0.5373
     958       0.3910
     959       0.3565
     960       0.5315
     961       0.4059
     962       0.3914
     963       0.3592
     964       0.3436
     965       0.3608
     966       0.4710
     967       0.2974
     968       0.2925
     969       0.3925
     970       0.4448
     971       0.4535
     972       0.3763
     973       0.3606
     974       0.3006
     975       0.3319
     976       0.3407
     977       0.3358
     978       0.3740
     979       0.4058
     980       0.4891
     981       0.4988
     982       0.5437
     983       0.4789
     984       0.4999
     985       0.5496
     986       0.4899
     987       0.5053
     988       0.5031
     989       0.4976
     990       0.4424
     991       0.4591
     992       0.3911
     993       0.4043
     994       0.4423
     995       0.3794
     996       0.3135
     997       0.4168
     998       0.5533
     999       0.5635
    1000       0.4646
