Run semi-empirical minimization
 &qmmm
    qm_theory='AM1', grms_tol=0.0005,
 scfconv=1.d-10, ndiis_attempts=700,   qmcharge=-2,
 /
  15    P1       24.5260       35.3410      -18.8620 
   8    O1       23.7150       34.1340      -18.4350 
   8    O2       25.6520       35.9380      -18.1090 
   8    O3       23.4420       36.4520      -19.1040 
   6    C1       22.0840       36.0870      -19.2980 
   6    C2       21.1890       37.0890      -18.5640 
   8    O4       19.8440       36.8320      -18.9740 
   6    C3       21.2280       36.8730      -17.0360 
   8    O5       21.3870       38.1070      -16.3300 
   6    C4       19.8780       36.2470      -16.7340 
   8    O6       19.3440       36.6250      -15.5130 
   6    C5       18.9940       36.8070      -17.8200 
   7    N1       17.8380       35.9740      -18.2090 
   6    C6       17.6490       34.6140      -18.2770 
   7    N2       16.3770       34.3610      -18.7610 
   6    C7       15.8300       35.5670      -19.0440 
   6    C8       14.6140       35.9280      -19.6110 
   7    N3       13.7770       34.9850      -20.0980 
   7    N4       14.3480       37.2620      -19.7660 
   6    C9       15.2080       38.2530      -19.3960 
   7    N5       16.4400       37.9260      -18.8490 
   6   C10       16.7160       36.5770      -18.6670 
   7    N6       33.8590       33.1960      -17.8800 
   6   C11       35.0780       33.7890      -17.9440 
   8    O7       35.2520       34.4500      -18.9180 
   7    N7       36.0250       33.6480      -16.9400 
   6   C12       35.7300       32.8220      -15.8340 
   8    O8       36.5430       32.6100      -14.8790 
   6   C13       34.5000       32.1870      -15.8170 
   7    N8       34.1760       31.3420      -14.7850 
   6   C14       32.8760       30.8680      -14.6560 
   6   C15       32.5150       30.3930      -13.3860 
   6   C16       31.1840       30.3370      -13.0130 
   6   C17       30.8720       29.5740      -11.7310 
   6   C18       30.1630       30.7540      -13.9070 
   6   C19       28.7330       30.5990      -13.5030 
   6   C20       30.4830       31.2560      -15.1950 
   6   C21       31.8810       31.2900      -15.5590 
   7    N9       32.3140       31.8300      -16.7580 
   6   C22       33.5540       32.4110      -16.8160 
   6   C23       31.3090       32.0890      -17.8230 
   6   C24       30.8600       33.5260      -17.8540 
   8    O9       30.4400       33.7530      -16.5420 
   6   C25       29.7380       33.5350      -18.9090 
   8   O10       30.2820       33.0130      -20.1390 
   6   C26       29.1980       34.8870      -19.2820 
   8   O11       28.9020       35.6470      -18.1420 
   6   C27       27.9050       34.6360      -20.0670 
   8   O12       27.4150       35.8970      -20.3880 
  15    P2       26.0470       36.0170      -21.1600 
   8   O13       25.8630       37.5290      -21.2350 
   8   O14       26.2860       35.4000      -22.5710 
   8   O15       25.0070       35.1470      -20.3740 
   1    H1       21.9170       35.1050      -18.9080 
   1    H2       21.8530       36.0940      -20.3430 
   1    H3       21.5250       38.0790      -18.7910 
   1    H4       22.0540       36.2660      -16.7300 
   1    H5       20.6630       38.7090      -16.5640 
   1    H6       19.9610       35.1810      -16.6960 
   1    H7       19.2440       37.5900      -15.4880 
   1    H8       18.5930       37.7350      -17.4680 
   1    H9       18.3430       33.8980      -18.0110 
   1   H10       13.9860       34.0310      -19.9760 
   1   H11       12.9580       35.2520      -20.5750 
   1   H12       14.9440       39.2420      -19.5220 
   1   H13       36.8890       34.1170      -16.9980 
   1   H14       33.2460       30.0840      -12.7270 
   1   H15       31.7830       29.3610      -11.2120 
   1   H16       30.3770       28.6570      -11.9730 
   1   H17       30.2370       30.1680      -11.1080 
   1   H18       28.6840       30.2100      -12.5070 
   1   H19       28.2440       29.9240      -14.1740 
   1   H20       28.2470       31.5520      -13.5390 
   1   H21       29.7500       31.5820      -15.8430 
   1   H22       30.4560       31.4670      -17.6490 
   1   H23       31.7690       31.8710      -18.7640 
   1   H24       31.5660       34.2850      -18.1200 
   1   H25       29.7980       33.0720      -16.2850 
   1   H26       28.9450       32.9690      -18.4670 
   1   H27       30.9900       33.5970      -20.4530 
   1   H28       29.9220       35.4290      -19.8540 
   1   H29       28.2460       35.1780      -17.6020 
   1   H30       27.1990       34.1030      -19.4650 
   1   H31       28.0790       34.0440      -20.9410 

