#Frame         ligrms
       1       0.0000
       2       1.0991
       3       1.6390
       4       1.1098
       5       1.4411
       6       0.9531
       7       1.0546
       8       0.7418
       9       1.2828
      10       0.9795
      11       1.1143
      12       1.1883
      13       1.1380
      14       0.9821
      15       0.8620
      16       1.4749
      17       0.9691
      18       1.5173
      19       1.7024
      20       1.3009
      21       1.3293
      22       1.5894
      23       1.0056
      24       1.0230
      25       1.0136
      26       1.1256
      27       0.9516
      28       1.4208
      29       1.1244
      30       1.4230
      31       1.7023
      32       1.2722
      33       2.6470
      34       1.9720
      35       3.0670
      36       2.6930
      37       2.9346
      38       3.2493
      39       3.2381
      40       3.3021
      41       4.1107
      42       3.4956
      43       3.2463
      44       3.3765
      45       3.4843
      46       3.1845
      47       3.2995
      48       3.5939
      49       3.4125
      50       3.3353
      51       3.4789
      52       2.7172
      53       3.1686
      54       3.4780
      55       3.1271
      56       3.4426
      57       3.5471
      58       3.5206
      59       3.4728
      60       3.4796
      61       3.6473
      62       3.5408
      63       3.2214
      64       3.5080
      65       3.0840
      66       3.7937
      67       5.2944
      68       3.9550
      69       4.1499
      70       4.5645
      71       3.3421
      72       3.2342
      73       3.8485
      74       2.8565
      75       3.0694
      76       3.0204
      77       4.2407
      78       2.2513
      79       2.4996
      80       2.0990
      81       2.0839
      82       2.0787
      83       2.8441
      84       2.6651
      85       3.0144
      86       3.0577
      87       3.4307
      88       3.3484
      89       2.9047
      90       2.9853
      91       2.7099
      92       3.2057
      93       3.3403
      94       3.3271
      95       2.6781
      96       3.0114
      97       3.1899
      98       2.9023
      99       2.9744
     100       2.3256
     101       2.8728
     102       2.8880
     103       2.6291
     104       2.7421
     105       2.4553
     106       2.0674
     107       2.7475
     108       1.9840
     109       1.9943
     110       2.5340
     111       2.4120
     112       2.2795
     113       2.5495
     114       2.7726
     115       2.2625
     116       2.0481
     117       1.7256
     118       2.3453
     119       2.6489
     120       2.3019
     121       2.3281
     122       2.1838
     123       2.2023
     124       2.3545
     125       2.5477
     126       2.5803
     127       1.9514
     128       2.2826
     129       2.4071
     130       2.4571
     131       2.2397
     132       2.5283
     133       2.1510
     134       2.4857
     135       2.8432
     136       2.1035
     137       2.7448
     138       2.2925
     139       2.1355
     140       2.2578
     141       2.2398
     142       2.3818
     143       2.1164
     144       1.8161
     145       2.5682
     146       2.3776
     147       3.7330
     148       2.3431
     149       3.0929
     150       2.9779
     151       2.6210
     152       2.6668
     153       2.8004
     154       2.4715
     155       2.3778
     156       2.3434
     157       2.6391
     158       2.6118
     159       2.3518
     160       2.2200
     161       1.8495
     162       2.1512
     163       1.9492
     164       1.9835
     165       2.0197
     166       2.0684
     167       2.3512
     168       1.9096
     169       2.1122
     170       2.5316
     171       2.2510
     172       1.9612
     173       2.0362
     174       1.9886
     175       2.5796
     176       1.9025
     177       1.9390
     178       1.9555
     179       1.9249
     180       2.2082
     181       2.4445
     182       2.5787
     183       2.6595
     184       2.6959
     185       2.5934
     186       2.2680
     187       2.5426
     188       2.4443
     189       2.6865
     190       2.7924
     191       2.1147
     192       2.3486
     193       2.4981
     194       2.3370
     195       2.7510
     196       2.6510
     197       2.4641
     198       2.3668
     199       2.3083
     200       2.2463
     201       2.4031
     202       2.6696
     203       2.7403
     204       2.3945
     205       1.9591
     206       2.0617
     207       2.5215
     208       2.3903
     209       2.5458
     210       2.6565
     211       2.2857
     212       2.3943
     213       2.4234
     214       2.4408
     215       2.0419
     216       2.4878
     217       2.9777
     218       2.7378
     219       2.9353
     220       2.4998
     221       3.3087
     222       2.9045
     223       2.8736
     224       2.7986
     225       2.4572
     226       2.5639
     227       2.8793
     228       2.4335
     229       2.6879
     230       2.7895
     231       2.5509
     232       2.5442
     233       2.6573
     234       2.5361
     235       2.0425
     236       1.8558
     237       2.4756
     238       2.1137
     239       2.5636
     240       2.2292
     241       2.8891
     242       2.3674
     243       2.5225
     244       2.1462
     245       2.0335
     246       2.3425
     247       2.4590
     248       2.3289
     249       2.5472
     250       2.0016
     251       2.3746
     252       2.4449
     253       2.5133
     254       2.2605
     255       2.5802
     256       2.6499
     257       2.9116
     258       2.5064
     259       2.8773
     260       3.8611
     261       3.1675
     262       3.0453
     263       2.9034
     264       2.9287
     265       2.3686
     266       2.4797
     267       2.6186
     268       2.6520
     269       2.3818
     270       2.6326
     271       2.6939
     272       2.7873
     273       2.2194
     274       2.4211
     275       2.6482
     276       2.9310
     277       2.6397
     278       2.6329
     279       1.9013
     280       2.5799
     281       2.2770
     282       2.6659
     283       2.3192
     284       2.3431
     285       2.4874
     286       2.3984
     287       2.6335
     288       2.6280
     289       2.3183
     290       2.4580
     291       2.7305
     292       2.5838
     293       2.6389
     294       2.5847
     295       2.6139
     296       2.3148
     297       2.5529
     298       2.5625
     299       2.4034
     300       2.6232
     301       2.6479
     302       2.9368
     303       2.6813
     304       2.4800
     305       2.5511
     306       2.7544
     307       2.2109
     308       2.5186
     309       2.5087
     310       2.6416
     311       2.5122
     312       2.5328
     313       2.4332
     314       2.7507
     315       2.7401
     316       2.7252
     317       2.5454
     318       2.7617
     319       2.5307
     320       2.6559
     321       2.2044
     322       2.2466
     323       2.4208
     324       2.0587
     325       2.7516
     326       2.3469
     327       2.2716
     328       2.7255
     329       2.6181
     330       2.2044
     331       2.5471
     332       2.5494
     333       2.4621
     334       2.3878
     335       2.2211
     336       2.3580
     337       2.3262
     338       2.6055
     339       2.5790
     340       2.4894
     341       2.4816
     342       2.5968
     343       2.7884
     344       2.4659
     345       2.4891
     346       2.4850
     347       2.6984
     348       2.0616
     349       2.3326
     350       2.3632
     351       2.4161
     352       2.7489
     353       2.7706
     354       2.8594
     355       3.0185
     356       2.7049
     357       2.3301
     358       2.9076
     359       2.9984
     360       2.7532
     361       2.8531
     362       2.5045
     363       2.4079
     364       2.3627
     365       2.0529
     366       2.6017
     367       2.8472
     368       2.8134
     369       2.4570
     370       2.3125
     371       2.3753
     372       2.7493
     373       2.7061
     374       2.9848
     375       2.6646
     376       2.7858
     377       2.5766
     378       2.8179
     379       2.6339
     380       1.8970
     381       2.6897
     382       2.9704
     383       2.4389
     384       2.7893
     385       3.0569
     386       2.7388
     387       2.8837
     388       2.5739
     389       2.4446
     390       2.6300
     391       2.8131
     392       2.8107
     393       2.6141
     394       2.6613
     395       2.3750
     396       2.2824
     397       2.3290
     398       2.6987
     399       2.6099
     400       2.6506
     401       2.8017
     402       2.1799
     403       2.2736
     404       2.5492
     405       2.3388
     406       2.7773
     407       2.9885
     408       2.6672
     409       2.7827
     410       2.6765
     411       2.8475
     412       2.6976
     413       2.6626
     414       2.7007
     415       2.7070
     416       2.5789
     417       2.8712
     418       2.6843
     419       2.4692
     420       2.5288
     421       2.9476
     422       2.7560
     423       2.5996
     424       2.6872
     425       2.4425
     426       2.4689
     427       2.5431
     428       2.6678
     429       2.0619
     430       2.5382
     431       2.5157
     432       2.2263
     433       1.9227
     434       2.2172
     435       2.3069
     436       2.3161
     437       2.5035
     438       2.6546
     439       2.3858
     440       2.2721
     441       2.6629
     442       2.4624
     443       2.6440
     444       2.6197
     445       2.8124
     446       3.0600
     447       4.1188
     448       4.8022
     449       4.1163
     450       4.3485
     451       5.0861
     452       5.4798
     453       5.4609
     454       5.0593
     455       5.5788
     456       4.7384
     457       4.0718
     458       4.5638
     459       5.1091
     460       4.6654
     461       5.1048
     462       4.8884
     463       5.3217
     464       6.2376
     465       6.0381
     466       6.8153
     467       6.3362
     468       6.1967
     469       6.8633
     470       6.5129
     471       5.8322
     472       6.5243
     473       5.6406
     474       5.9465
     475       6.6886
     476       5.9101
     477       6.5379
     478       5.5715
     479       5.1203
     480       5.4635
     481       5.5973
     482       5.5327
     483       5.4119
     484       5.4931
     485       5.4337
     486       5.5250
     487       5.7959
     488       5.6503
     489       5.3466
     490       5.4337
     491       5.3020
     492       5.7208
     493       5.8791
     494       5.8873
     495       5.7241
     496       6.0087
     497       5.2541
     498       5.1254
     499       5.6457
     500       5.5227
     501       5.6459
     502       5.3346
     503       5.7204
     504       5.4363
     505       5.5395
     506       5.4121
     507       5.5679
     508       5.9070
     509       5.4218
     510       5.7780
     511       5.6293
     512       5.9059
     513       5.1141
     514       5.4522
     515       5.1452
     516       5.5065
     517       5.0535
     518       5.3647
     519       5.8663
     520       5.5170
     521       5.6265
     522       5.6627
     523       6.0355
     524       5.4646
     525       6.8032
     526       5.8205
     527       5.7757
     528       5.4627
     529       5.2339
     530       5.1540
     531       5.7716
     532       4.9898
     533       5.5571
     534       5.0083
     535       5.7362
     536       4.9921
     537       5.6550
     538       5.0968
     539       5.5821
     540       5.4250
     541       5.1905
     542       5.5604
     543       5.5118
     544       5.4683
     545       5.3167
     546       5.1044
     547       4.5130
     548       4.5722
     549       4.6718
     550       4.9001
     551       4.6962
     552       4.9726
     553       4.9334
     554       5.3530
     555       5.2413
     556       4.6971
     557       4.8766
     558       5.1900
     559       4.8593
     560       5.0202
     561       6.0352
     562       6.8580
     563       6.4756
     564       6.3524
     565       6.0552
     566       6.4734
     567       5.8017
     568       6.4277
     569       6.3242
     570       6.4166
     571       6.9116
     572       6.5482
     573       7.0908
     574       6.6314
     575       6.6381
     576       6.6713
     577       6.4710
     578       6.7431
     579       6.9563
     580       7.0299
     581       6.6440
     582       6.8450
     583       6.6002
     584       6.9429
     585       6.8118
     586       6.9140
     587       7.3425
     588       6.7364
     589       6.7244
     590       6.5560
     591       7.6019
     592       6.8043
     593       6.7019
     594       6.1492
     595       6.4982
     596       6.8839
     597       6.5066
     598       6.4985
     599       6.5186
     600       6.3833
     601       6.6133
     602       6.5988
     603       6.6137
     604       6.5719
     605       6.4795
     606       6.5056
     607       7.0513
     608       6.8968
     609       7.3041
     610       6.9168
     611       6.8632
     612       6.5479
     613       7.0252
     614       7.5468
     615       7.7784
     616       6.4362
     617       6.8820
     618       7.0505
     619       6.5109
     620       6.3810
     621       6.6076
     622       6.4379
     623       6.3682
     624       6.4930
     625       6.4553
     626       6.6084
     627       6.0691
     628       6.3702
     629       6.2876
     630       6.4781
     631       7.3915
     632       6.7418
     633       6.4309
     634       6.3520
     635       6.5934
     636       6.8405
     637       6.5133
     638       6.7057
     639       6.7201
     640       7.1046
     641       6.7350
     642       7.3190
     643       6.5954
     644       6.6499
     645       7.2365
     646       6.4739
     647       6.7308
     648       6.5406
     649       6.3972
     650       6.5663
     651       6.3747
     652       6.4911
     653       6.7516
     654       6.4481
     655       6.9092
     656       6.8774
     657       6.7867
     658       6.2879
     659       6.4534
     660       6.5226
     661       6.5163
     662       6.7388
     663       6.4522
     664       6.6393
     665       6.4249
     666       6.5507
     667       6.9053
     668       6.2108
     669       6.6064
     670       6.2438
     671       6.5442
     672       6.8014
     673       6.9433
     674       6.8416
     675       6.5924
     676       6.6994
     677       6.3500
     678       5.9965
     679       6.4393
     680       6.3561
     681       6.1039
     682       6.6202
     683       6.5772
     684       6.4044
     685       6.3859
     686       6.5410
     687       6.4955
     688       6.1251
     689       6.7536
     690       6.6631
     691       6.2764
     692       6.9362
     693       6.3561
     694       6.4552
     695       6.0513
     696       6.5899
     697       6.3495
     698       5.9727
     699       6.8111
     700       6.5867
     701       6.0567
     702       6.4977
     703       6.7109
     704       6.5339
     705       6.0951
     706       6.6571
     707       6.7417
     708       6.9235
     709       6.7913
     710       6.6581
     711       6.4972
     712       6.4944
     713       6.6854
     714       6.7618
     715       6.7968
     716       6.8357
     717       6.5980
     718       6.6308
     719       6.5048
     720       6.6003
     721       6.5383
     722       6.5126
     723       6.6312
     724       6.7863
     725       6.6331
     726       6.7843
     727       6.9957
     728       6.7799
     729       6.5958
     730       6.6686
     731       6.5907
     732       7.0782
     733       6.6242
     734       6.6837
     735       6.8559
     736       6.2236
     737       6.3791
     738       6.6821
     739       6.4561
     740       7.0930
     741       6.8666
     742       6.5964
     743       6.3784
     744       6.4912
     745       6.6512
     746       6.7913
     747       6.4909
     748       6.7103
     749       6.8577
     750       6.7661
     751       7.3584
     752       7.1173
     753       6.9551
     754       6.8865
     755       6.6703
     756       6.7294
     757       6.5060
     758       6.7809
     759       6.6939
     760       6.9887
     761       6.9336
     762       6.8162
     763       6.8869
     764       6.7521
     765       6.7155
     766       6.7477
     767       6.8273
     768       6.5255
     769       6.9481
     770       6.7662
     771       6.8476
     772       6.4784
     773       6.6158
     774       6.9293
     775       6.8497
     776       6.6949
     777       6.3662
     778       6.8607
     779       6.8276
     780       6.5001
     781       6.3988
     782       6.8115
     783       6.7633
     784       6.9184
     785       6.8594
     786       6.8441
     787       7.0090
     788       6.8055
     789       6.4093
     790       6.0515
     791       6.5364
     792       6.5041
     793       6.6629
     794       6.7595
     795       6.3358
     796       6.3779
     797       6.5992
     798       6.1997
     799       6.3857
     800       6.2454
     801       6.5548
     802       6.5518
     803       5.8979
     804       5.6015
     805       5.4393
     806       6.5763
     807       6.3045
     808       6.5771
     809       6.7660
     810       6.3735
     811       5.7185
     812       5.7481
     813       6.1697
     814       5.8513
     815       6.3698
     816       5.6991
     817       5.7008
     818       6.1080
     819       5.9338
     820       5.6077
     821       5.1618
     822       5.2719
     823       6.0728
     824       5.3826
     825       5.9512
     826       5.9768
     827       5.8011
     828       5.8513
     829       5.5433
     830       5.7472
     831       5.8546
     832       6.7636
     833       5.9637
     834       5.8257
     835       5.5446
     836       5.7061
     837       5.8709
     838       5.8131
     839       5.6234
     840       5.9286
     841       5.7978
     842       5.9411
     843       5.8220
     844       5.7555
     845       5.8133
     846       5.7722
     847       5.5892
     848       6.7850
     849       6.9566
     850       6.4283
     851       6.2657
     852       6.0240
     853       6.0577
     854       5.4028
     855       5.2080
     856       5.7112
     857       5.1780
     858       5.9588
     859       5.8330
     860       5.7314
     861       4.9218
     862       5.0219
     863       5.5291
     864       5.3691
     865       5.1596
     866       5.2528
     867       5.3502
     868       5.5874
     869       5.5006
     870       5.6928
     871       5.1346
     872       5.5357
     873       5.7355
     874       5.7610
     875       5.6036
     876       5.8375
     877       6.0001
     878       5.7588
     879       5.6976
     880       5.3795
     881       5.6138
     882       5.8985
     883       4.9882
     884       5.4387
     885       5.4022
     886       5.4823
     887       6.1035
     888       5.5655
     889       5.9566
     890       5.5606
     891       5.2997
     892       5.4501
     893       5.5029
     894       5.9408
     895       5.9949
     896       5.7978
     897       5.5734
     898       5.5672
     899       5.6976
     900       5.6536
     901       5.8953
     902       5.7906
     903       6.2380
     904       5.6591
     905       5.7948
     906       5.7373
     907       5.7808
     908       5.9084
     909       5.2260
     910       5.6442
     911       5.8846
     912       6.0760
     913       5.8791
     914       5.5270
     915       5.8427
     916       5.7227
     917       5.7646
     918       6.0325
     919       5.3753
     920       6.2657
     921       5.6232
     922       5.6634
     923       5.6432
     924       5.8510
     925       5.5462
     926       5.7249
     927       5.9122
     928       5.3969
     929       5.5739
     930       5.8628
     931       5.2157
     932       5.6737
     933       6.0886
     934       7.3415
     935       5.3832
     936       5.5221
     937       5.6451
     938       5.5695
     939       5.8069
     940       5.8085
     941       5.6908
     942       6.0310
     943       5.5181
     944       5.6013
     945       6.2483
     946       5.5825
     947       5.7940
     948       5.5448
     949       5.7916
     950       5.4360
     951       5.9774
     952       5.7423
     953       5.7671
     954       5.6104
     955       5.4767
     956       6.2532
     957       5.3938
     958       5.4386
     959       6.0230
     960       5.6350
     961       6.0363
     962       5.8694
     963       5.7365
     964       5.7013
     965       5.8388
     966       5.4415
     967       5.7826
     968       5.5041
     969       5.6222
     970       6.0880
     971       5.9264
     972       5.3077
     973       5.6310
     974       5.7028
     975       5.7649
     976       5.5985
     977       5.7682
     978       6.0645
     979       5.6885
     980       5.7660
     981       5.4162
     982       6.1356
     983       5.4393
     984       5.6596
     985       5.0076
     986       5.4424
     987       5.4976
     988       5.6633
     989       5.4209
     990       5.2087
     991       5.4503
     992       5.3493
     993       5.6860
     994       5.4244
     995       5.1196
     996       5.7576
     997       5.4782
     998       5.0440
     999       5.1228
    1000       4.9446
