#Frame        fitprot
       1       0.0000
       2       0.6891
       3       0.6856
       4       0.7011
       5       0.7972
       6       0.7068
       7       0.7585
       8       0.7951
       9       0.8194
      10       0.8170
      11       0.9094
      12       0.8246
      13       0.8712
      14       0.9077
      15       0.8398
      16       0.9636
      17       0.8904
      18       0.9076
      19       0.8554
      20       0.8849
      21       0.7325
      22       0.8692
      23       0.8924
      24       0.9325
      25       0.8832
      26       0.9484
      27       1.0681
      28       1.0405
      29       0.9612
      30       1.0803
      31       1.0051
      32       0.9752
      33       0.9716
      34       0.9221
      35       1.0050
      36       1.0454
      37       1.1230
      38       1.0147
      39       1.0534
      40       1.1116
      41       1.0860
      42       0.9887
      43       1.0404
      44       1.0894
      45       1.1461
      46       1.1955
      47       1.1500
      48       1.2494
      49       1.2474
      50       1.1822
      51       1.1753
      52       1.1274
      53       1.1191
      54       1.0907
      55       1.1311
      56       1.1189
      57       1.1664
      58       1.1391
      59       1.0521
      60       1.1167
      61       1.1752
      62       1.1529
      63       1.1410
      64       1.2061
      65       1.1442
      66       1.2595
      67       1.1753
      68       1.2282
      69       1.2245
      70       1.2401
      71       1.2612
      72       1.2579
      73       1.1881
      74       1.0737
      75       1.3765
      76       1.2470
      77       1.3809
      78       1.2670
      79       1.2222
      80       1.2108
      81       1.1954
      82       1.1586
      83       1.2195
      84       1.1993
      85       1.2479
      86       1.1667
      87       1.1780
      88       1.2089
      89       1.2473
      90       1.2540
      91       1.2631
      92       1.3139
      93       1.2974
      94       1.2254
      95       1.1750
      96       1.3536
      97       1.2759
      98       1.1996
      99       1.2989
     100       1.3444
     101       1.2847
     102       1.3500
     103       1.3857
     104       1.4048
     105       1.3136
     106       1.4230
     107       1.4073
     108       1.2924
     109       1.4212
     110       1.3973
     111       1.4192
     112       1.5096
     113       1.4349
     114       1.5376
     115       1.3978
     116       1.3570
     117       1.3777
     118       1.2213
     119       1.3008
     120       1.2298
     121       1.2804
     122       1.2684
     123       1.2614
     124       1.2771
     125       1.2226
     126       1.2571
     127       1.3944
     128       1.4049
     129       1.3323
     130       1.2511
     131       1.2652
     132       1.2095
     133       1.3143
     134       1.2394
     135       1.4039
     136       1.3909
     137       1.2539
     138       1.2827
     139       1.2661
     140       1.2536
     141       1.2235
     142       1.2531
     143       1.3253
     144       1.1758
     145       1.3451
     146       1.2671
     147       1.2817
     148       1.3275
     149       1.2565
     150       1.2285
     151       1.2032
     152       1.2760
     153       1.3213
     154       1.2755
     155       1.3245
     156       1.2203
     157       1.2593
     158       1.3266
     159       1.2553
     160       1.2059
     161       1.2856
     162       1.2886
     163       1.2961
     164       1.3133
     165       1.3598
     166       1.3184
     167       1.3785
     168       1.3825
     169       1.2697
     170       1.2704
     171       1.3600
     172       1.2121
     173       1.3958
     174       1.3337
     175       1.2092
     176       1.4359
     177       1.4033
     178       1.3199
     179       1.2166
     180       1.2653
     181       1.3268
     182       1.1966
     183       1.2603
     184       1.2359
     185       1.2277
     186       1.3074
     187       1.3214
     188       1.2322
     189       1.2308
     190       1.2817
     191       1.2818
     192       1.4201
     193       1.2805
     194       1.3790
     195       1.4462
     196       1.3922
     197       1.3622
     198       1.3039
     199       1.6040
     200       1.4993
     201       1.3290
     202       1.4241
     203       1.4765
     204       1.3339
     205       1.3087
     206       1.2255
     207       1.3810
     208       1.2770
     209       1.2655
     210       1.2679
     211       1.2833
     212       1.2669
     213       1.3462
     214       1.2179
     215       1.2168
     216       1.2512
     217       1.1694
     218       1.2607
     219       1.2841
     220       1.3269
     221       1.3138
     222       1.3678
     223       1.2363
     224       1.3681
     225       1.3800
     226       1.3296
     227       1.3597
     228       1.4100
     229       1.3173
     230       1.2136
     231       1.1597
     232       1.3030
     233       1.3122
     234       1.2506
     235       1.3228
     236       1.4308
     237       1.3524
     238       1.3507
     239       1.5015
     240       1.4671
     241       1.5471
     242       1.5273
     243       1.4386
     244       1.5052
     245       1.3591
     246       1.5588
     247       1.5617
     248       1.3647
     249       1.3749
     250       1.4074
     251       1.5270
     252       1.5208
     253       1.4644
     254       1.4167
     255       1.3388
     256       1.3233
     257       1.4655
     258       1.4802
     259       1.6084
     260       1.6342
     261       1.7237
     262       1.7841
     263       1.7559
     264       1.5519
     265       1.3731
     266       1.4861
     267       1.4158
     268       1.4127
     269       1.3557
     270       1.3653
     271       1.4242
     272       1.4161
     273       1.2751
     274       1.3021
     275       1.3162
     276       1.3739
     277       1.4002
     278       1.3114
     279       1.2910
     280       1.4256
     281       1.5670
     282       1.5279
     283       1.4351
     284       1.3884
     285       1.4117
     286       1.4803
     287       1.4355
     288       1.4422
     289       1.4401
     290       1.4621
     291       1.3580
     292       1.3858
     293       1.3455
     294       1.4015
     295       1.4491
     296       1.4122
     297       1.3587
     298       1.3275
     299       1.3338
     300       1.3284
     301       1.3215
     302       1.2924
     303       1.2715
     304       1.3922
     305       1.3386
     306       1.4550
     307       1.3534
     308       1.4263
     309       1.4081
     310       1.4921
     311       1.5017
     312       1.5444
     313       1.5915
     314       1.5968
     315       1.5802
     316       1.4261
     317       1.4067
     318       1.3052
     319       1.4204
     320       1.3272
     321       1.4493
     322       1.4517
     323       1.4530
     324       1.3461
     325       1.2772
     326       1.3703
     327       1.3818
     328       1.3956
     329       1.3847
     330       1.3002
     331       1.3529
     332       1.4256
     333       1.3438
     334       1.4721
     335       1.5074
     336       1.4919
     337       1.5317
     338       1.4550
     339       1.5375
     340       1.5328
     341       1.4955
     342       1.5666
     343       1.5966
     344       1.6023
     345       1.4868
     346       1.5980
     347       1.5421
     348       1.4908
     349       1.5811
     350       1.7150
     351       1.6782
     352       1.6271
     353       1.5519
     354       1.4568
     355       1.4765
     356       1.4648
     357       1.4355
     358       1.4053
     359       1.4643
     360       1.5595
     361       1.5164
     362       1.5280
     363       1.4864
     364       1.4975
     365       1.4927
     366       1.4192
     367       1.3924
     368       1.5021
     369       1.4323
     370       1.5095
     371       1.5154
     372       1.4515
     373       1.5995
     374       1.5589
     375       1.4800
     376       1.4469
     377       1.4326
     378       1.4468
     379       1.3724
     380       1.3695
     381       1.4692
     382       1.4157
     383       1.4563
     384       1.4733
     385       1.5215
     386       1.4416
     387       1.4171
     388       1.5286
     389       1.4250
     390       1.4785
     391       1.4584
     392       1.5503
     393       1.5308
     394       1.4333
     395       1.4822
     396       1.4075
     397       1.4894
     398       1.4139
     399       1.5815
     400       1.4271
     401       1.3879
     402       1.4004
     403       1.4491
     404       1.5532
     405       1.4934
     406       1.4743
     407       1.4039
     408       1.5540
     409       1.4970
     410       1.5204
     411       1.5968
     412       1.4764
     413       1.5315
     414       1.6097
     415       1.4997
     416       1.4566
     417       1.5770
     418       1.6002
     419       1.7119
     420       1.6599
     421       1.6529
     422       1.5433
     423       1.5739
     424       1.6843
     425       1.6608
     426       1.5806
     427       1.6357
     428       1.4856
     429       1.3904
     430       1.5514
     431       1.5080
     432       1.4749
     433       1.4853
     434       1.5208
     435       1.5024
     436       1.5054
     437       1.4440
     438       1.4634
     439       1.5235
     440       1.4535
     441       1.5087
     442       1.4616
     443       1.5046
     444       1.4551
     445       1.5294
     446       1.4003
     447       1.4409
     448       1.5728
     449       1.4435
     450       1.5448
     451       1.4873
     452       1.4698
     453       1.5119
     454       1.5696
     455       1.5609
     456       1.4492
     457       1.3581
     458       1.3771
     459       1.3761
     460       1.3543
     461       1.3791
     462       1.3977
     463       1.5138
     464       1.4554
     465       1.3521
     466       1.4943
     467       1.6318
     468       1.6471
     469       1.6694
     470       1.6062
     471       1.5038
     472       1.5897
     473       1.6235
     474       1.4865
     475       1.4071
     476       1.4702
     477       1.5705
     478       1.5640
     479       1.5875
     480       1.8053
     481       1.6862
     482       1.6945
     483       1.6281
     484       1.5277
     485       1.5483
     486       1.6933
     487       1.7476
     488       1.6919
     489       1.6556
     490       1.6547
     491       1.5730
     492       1.6719
     493       1.7159
     494       1.7948
     495       1.7647
     496       1.7292
     497       1.6928
     498       1.5124
     499       1.5713
     500       1.5461
     501       1.4835
     502       1.4485
     503       1.6831
     504       1.5748
     505       1.6401
     506       1.7192
     507       1.7226
     508       1.7709
     509       1.5855
     510       1.7350
     511       1.5439
     512       1.6864
     513       1.5372
     514       1.6458
     515       1.6356
     516       1.7629
     517       1.6393
     518       1.5250
     519       1.5814
     520       1.6613
     521       1.5260
     522       1.4739
     523       1.4316
     524       1.4986
     525       1.5046
     526       1.4682
     527       1.6257
     528       1.6371
     529       1.6943
     530       1.6931
     531       1.5438
     532       1.5173
     533       1.5962
     534       1.6189
     535       1.6140
     536       1.7377
     537       1.6143
     538       1.7464
     539       1.7071
     540       1.6569
     541       1.5425
     542       1.5032
     543       1.4115
     544       1.4019
     545       1.5065
     546       1.4700
     547       1.4611
     548       1.4783
     549       1.5681
     550       1.4367
     551       1.4027
     552       1.5069
     553       1.4731
     554       1.6478
     555       1.5508
     556       1.4512
     557       1.5181
     558       1.5052
     559       1.4655
     560       1.4894
     561       1.7059
     562       1.8419
     563       1.8303
     564       1.6838
     565       1.7656
     566       1.8116
     567       1.5679
     568       1.5821
     569       1.5942
     570       1.7061
     571       1.6863
     572       1.8040
     573       1.7387
     574       1.7221
     575       1.6733
     576       1.7435
     577       1.7939
     578       1.7983
     579       1.8112
     580       1.8711
     581       1.8195
     582       1.6825
     583       1.8197
     584       1.8788
     585       1.8767
     586       1.7807
     587       1.8443
     588       1.8916
     589       1.8175
     590       1.8567
     591       1.8279
     592       1.9745
     593       1.7750
     594       1.7085
     595       1.7502
     596       1.8458
     597       1.8390
     598       2.1239
     599       1.9429
     600       1.9738
     601       1.8805
     602       2.0097
     603       2.0398
     604       2.0002
     605       1.8727
     606       1.9963
     607       1.8552
     608       1.8743
     609       1.7679
     610       1.8804
     611       1.8206
     612       1.7180
     613       1.6797
     614       1.7462
     615       1.7454
     616       1.9616
     617       2.0471
     618       1.8427
     619       1.7693
     620       1.8106
     621       1.7594
     622       1.8039
     623       1.7564
     624       1.7547
     625       1.7952
     626       1.7612
     627       1.5595
     628       1.6719
     629       1.5801
     630       1.6055
     631       1.6044
     632       1.7050
     633       1.8580
     634       1.8242
     635       1.7061
     636       1.8072
     637       1.7014
     638       1.7414
     639       1.7493
     640       1.8343
     641       1.8106
     642       1.8973
     643       1.8915
     644       1.8724
     645       1.6736
     646       1.6701
     647       1.6648
     648       1.6474
     649       1.5316
     650       1.6040
     651       1.7254
     652       1.7528
     653       1.7009
     654       1.6511
     655       1.6350
     656       1.5885
     657       1.5768
     658       1.6366
     659       1.6057
     660       1.7903
     661       1.7167
     662       1.8162
     663       1.9592
     664       1.9373
     665       1.8453
     666       1.8643
     667       1.7744
     668       1.8233
     669       1.8698
     670       1.8572
     671       1.9507
     672       2.1157
     673       1.9018
     674       1.8968
     675       1.9474
     676       1.8477
     677       1.8467
     678       1.8076
     679       1.8911
     680       1.9846
     681       1.8996
     682       1.9970
     683       2.1360
     684       2.2393
     685       2.1756
     686       2.1118
     687       2.3218
     688       2.2632
     689       2.2232
     690       2.1928
     691       2.2911
     692       1.9870
     693       1.9438
     694       1.8984
     695       1.9063
     696       1.9793
     697       1.8986
     698       1.9208
     699       1.9353
     700       2.0474
     701       1.8524
     702       1.6581
     703       1.5986
     704       1.8220
     705       1.7843
     706       1.7322
     707       1.8012
     708       1.7715
     709       2.0351
     710       2.0864
     711       2.0041
     712       1.9910
     713       2.1694
     714       2.1726
     715       2.0071
     716       2.1231
     717       2.0555
     718       1.9560
     719       1.9787
     720       1.9781
     721       2.0520
     722       1.8791
     723       1.8937
     724       1.8905
     725       1.9821
     726       1.9616
     727       1.9920
     728       1.9789
     729       2.1049
     730       1.9501
     731       2.0239
     732       2.0302
     733       2.1065
     734       1.9569
     735       2.0451
     736       1.9846
     737       1.8145
     738       1.8272
     739       1.8814
     740       1.7424
     741       1.9462
     742       1.8674
     743       1.8990
     744       1.8737
     745       1.9422
     746       1.7685
     747       1.9463
     748       2.0651
     749       2.1821
     750       2.1204
     751       2.1528
     752       2.2086
     753       2.1423
     754       2.0682
     755       2.0572
     756       2.0053
     757       1.9298
     758       1.9417
     759       2.0860
     760       2.2044
     761       2.1047
     762       2.1076
     763       1.9818
     764       2.0707
     765       1.9678
     766       1.9948
     767       2.1967
     768       2.0310
     769       1.9820
     770       1.9807
     771       1.9335
     772       2.1094
     773       2.0333
     774       1.9478
     775       1.9195
     776       2.0617
     777       1.8246
     778       1.8461
     779       1.8402
     780       1.9159
     781       1.7467
     782       1.7423
     783       1.7021
     784       1.8536
     785       1.9174
     786       1.7823
     787       1.9228
     788       2.0257
     789       1.8480
     790       1.8764
     791       1.7964
     792       1.9104
     793       1.8004
     794       1.8149
     795       1.6334
     796       1.7630
     797       1.7799
     798       1.7222
     799       1.7851
     800       1.8658
     801       1.8718
     802       1.9283
     803       1.9448
     804       1.8787
     805       1.8321
     806       1.9692
     807       1.9213
     808       1.8659
     809       1.9720
     810       1.8726
     811       1.8573
     812       1.8557
     813       1.8337
     814       1.8272
     815       1.8550
     816       1.7983
     817       1.7792
     818       1.9058
     819       1.9539
     820       1.8732
     821       1.7903
     822       1.7780
     823       1.7507
     824       1.8241
     825       1.7115
     826       1.7424
     827       1.7492
     828       1.5904
     829       1.6307
     830       1.5995
     831       1.6524
     832       1.7588
     833       1.7468
     834       1.6668
     835       1.7881
     836       1.7558
     837       1.7626
     838       1.7347
     839       1.7739
     840       1.7502
     841       1.6938
     842       1.5834
     843       1.7925
     844       1.7297
     845       1.8126
     846       1.7909
     847       1.8304
     848       1.6841
     849       1.7760
     850       1.8337
     851       1.8552
     852       1.9364
     853       1.7134
     854       1.7827
     855       1.7598
     856       1.8290
     857       1.7735
     858       1.7480
     859       1.7661
     860       1.7545
     861       1.7402
     862       1.7234
     863       1.8688
     864       1.6636
     865       1.5485
     866       1.4707
     867       1.5861
     868       1.6831
     869       1.7189
     870       1.6716
     871       1.7506
     872       1.7522
     873       1.7476
     874       1.6352
     875       1.7340
     876       1.7966
     877       1.9583
     878       1.8015
     879       1.7599
     880       1.6663
     881       1.6731
     882       1.6078
     883       1.6383
     884       1.6906
     885       1.7232
     886       1.7628
     887       1.7421
     888       1.7348
     889       1.5845
     890       1.5405
     891       1.5984
     892       1.6266
     893       1.6921
     894       1.6487
     895       1.7098
     896       1.7343
     897       1.6525
     898       1.6977
     899       1.8007
     900       1.6453
     901       1.6151
     902       1.7018
     903       1.7976
     904       1.8420
     905       1.8068
     906       1.7571
     907       1.6200
     908       1.7051
     909       1.8815
     910       1.8690
     911       1.8231
     912       1.8807
     913       1.8763
     914       1.8076
     915       1.8752
     916       1.6532
     917       1.7664
     918       1.8217
     919       1.6861
     920       1.7013
     921       1.7406
     922       1.8538
     923       1.8806
     924       1.8822
     925       1.8299
     926       1.9306
     927       2.0992
     928       1.9433
     929       1.9374
     930       1.8656
     931       1.9324
     932       1.9061
     933       1.8341
     934       1.7580
     935       1.7523
     936       1.6949
     937       1.7512
     938       1.8583
     939       1.8668
     940       1.8367
     941       1.7884
     942       1.7601
     943       1.8177
     944       1.8652
     945       1.7386
     946       1.8291
     947       1.8809
     948       1.9544
     949       1.8400
     950       1.8371
     951       1.9160
     952       2.0637
     953       2.1712
     954       2.0980
     955       2.1579
     956       2.0951
     957       1.9961
     958       1.9773
     959       1.8758
     960       1.7771
     961       1.8139
     962       1.7888
     963       1.9333
     964       1.8823
     965       2.0688
     966       2.0047
     967       1.8714
     968       1.9390
     969       2.1618
     970       2.2199
     971       2.0234
     972       1.9410
     973       1.8540
     974       1.8924
     975       1.8597
     976       1.9557
     977       1.8948
     978       1.9096
     979       1.8142
     980       1.9313
     981       1.8486
     982       1.7040
     983       1.7693
     984       1.8686
     985       1.7674
     986       1.8695
     987       1.9773
     988       2.0649
     989       2.0578
     990       1.9137
     991       1.8566
     992       1.7916
     993       1.9287
     994       1.8916
     995       1.7100
     996       1.7769
     997       1.7784
     998       1.7382
     999       1.7755
    1000       1.7436
