#Frame         ligrms
       1       0.0000
       2       1.0237
       3       1.0375
       4       0.8127
       5       0.7404
       6       0.7837
       7       0.8279
       8       0.7241
       9       0.9684
      10       0.9390
      11       1.0434
      12       1.2282
      13       0.9559
      14       1.8055
      15       1.2510
      16       1.2058
      17       1.3955
      18       1.1584
      19       0.8948
      20       1.2039
      21       0.9535
      22       1.1539
      23       0.9038
      24       0.9765
      25       0.9282
      26       1.5969
      27       1.1879
      28       1.1564
      29       1.0317
      30       1.4957
      31       1.4938
      32       1.3527
      33       1.5058
      34       1.7192
      35       1.5404
      36       1.3736
      37       0.9781
      38       1.1014
      39       1.1498
      40       1.4597
      41       1.1204
      42       1.0813
      43       1.2354
      44       1.1761
      45       1.0596
      46       1.4035
      47       1.2999
      48       1.7713
      49       1.0178
      50       2.0178
      51       2.3010
      52       1.9517
      53       1.8687
      54       2.0655
      55       1.7337
      56       1.4173
      57       1.6066
      58       1.3118
      59       1.2178
      60       0.9077
      61       1.4738
      62       1.4602
      63       1.3658
      64       1.7981
      65       1.8037
      66       1.3490
      67       1.3029
      68       1.4666
      69       1.3648
      70       1.8707
      71       1.6678
      72       1.7058
      73       1.8450
      74       1.7851
      75       1.6313
      76       1.5565
      77       1.6597
      78       1.5085
      79       1.6013
      80       1.6105
      81       1.4427
      82       1.6652
      83       1.5599
      84       1.5888
      85       1.6836
      86       1.4765
      87       1.3453
      88       1.4146
      89       1.2547
      90       1.6036
      91       1.6033
      92       1.2486
      93       1.6001
      94       1.4098
      95       1.1584
      96       1.2895
      97       0.9576
      98       1.3899
      99       1.8931
     100       1.3171
     101       1.3525
     102       1.2795
     103       1.7868
     104       1.2785
     105       1.0274
     106       1.4088
     107       1.1413
     108       1.1648
     109       1.2451
     110       1.5682
     111       1.2581
     112       1.2844
     113       1.3155
     114       1.3776
     115       1.7391
     116       1.2822
     117       1.1677
     118       1.0588
     119       1.1571
     120       1.2268
     121       1.0561
     122       1.5016
     123       1.4570
     124       1.3542
     125       1.5703
     126       1.5485
     127       1.5629
     128       1.4382
     129       1.7386
     130       1.1985
     131       1.5581
     132       1.6780
     133       1.8717
     134       1.3952
     135       0.8376
     136       0.9341
     137       1.2532
     138       0.6939
     139       1.2500
     140       0.9272
     141       0.9975
     142       1.3087
     143       1.7670
     144       1.3554
     145       1.5063
     146       1.3433
     147       1.7283
     148       1.2735
     149       1.6067
     150       1.7748
     151       1.5448
     152       1.4357
     153       1.9519
     154       1.8674
     155       1.5948
     156       1.6543
     157       1.4544
     158       1.7072
     159       1.4419
     160       1.4598
     161       1.6278
     162       1.6391
     163       1.3951
     164       1.0452
     165       1.3221
     166       1.3600
     167       1.6336
     168       1.6056
     169       1.6244
     170       1.2811
     171       1.8732
     172       1.8297
     173       1.5150
     174       1.5403
     175       1.3583
     176       1.4228
     177       1.1409
     178       1.4662
     179       1.3686
     180       1.7021
     181       1.4389
     182       1.3387
     183       1.2325
     184       1.1373
     185       1.2465
     186       1.4771
     187       1.3751
     188       1.7779
     189       1.6701
     190       1.7008
     191       1.3175
     192       1.8127
     193       1.3321
     194       1.1218
     195       1.0969
     196       1.1090
     197       1.0773
     198       1.2295
     199       0.9903
     200       1.0039
     201       1.2611
     202       1.0925
     203       1.1645
     204       1.3781
     205       1.2894
     206       1.1379
     207       1.6450
     208       1.7679
     209       1.6217
     210       1.5906
     211       1.8798
     212       1.4442
     213       1.7840
     214       1.7999
     215       1.4970
     216       1.2892
     217       1.5782
     218       1.3364
     219       1.5439
     220       1.5197
     221       1.3790
     222       1.2630
     223       0.9475
     224       1.4036
     225       0.9804
     226       1.1993
     227       1.2232
     228       1.1894
     229       1.3636
     230       1.5786
     231       1.8013
     232       1.4726
     233       1.3621
     234       1.2717
     235       1.2960
     236       1.3433
     237       1.5561
     238       1.2674
     239       1.8022
     240       1.4005
     241       1.7172
     242       1.8725
     243       1.6815
     244       1.3506
     245       1.3215
     246       1.7839
     247       1.2883
     248       1.5728
     249       1.7148
     250       1.5094
     251       1.7887
     252       1.3704
     253       1.5633
     254       1.4711
     255       1.3136
     256       1.2943
     257       1.2408
     258       1.1947
     259       1.3576
     260       1.7292
     261       1.2739
     262       1.3471
     263       1.4308
     264       1.5951
     265       1.1039
     266       1.2974
     267       1.3315
     268       1.5291
     269       1.1523
     270       1.5622
     271       1.1912
     272       1.6613
     273       1.4669
     274       1.2070
     275       1.2464
     276       1.3991
     277       1.4477
     278       1.0471
     279       1.2203
     280       1.2086
     281       1.1137
     282       1.0405
     283       1.4164
     284       1.7122
     285       1.3929
     286       1.8152
     287       1.4627
     288       1.5721
     289       1.2819
     290       1.4931
     291       1.2044
     292       1.6494
     293       1.3060
     294       1.3551
     295       1.2893
     296       1.4653
     297       1.2584
     298       1.2132
     299       0.9347
     300       1.2409
     301       1.3015
     302       1.3727
     303       1.4570
     304       1.6402
     305       1.6820
     306       1.7227
     307       1.8841
     308       1.4086
     309       1.7270
     310       1.5103
     311       1.6540
     312       1.5815
     313       1.8986
     314       1.6992
     315       1.7196
     316       1.5696
     317       1.7211
     318       1.5204
     319       1.8596
     320       1.7559
     321       1.8522
     322       1.5821
     323       1.3034
     324       1.4313
     325       1.4620
     326       1.6788
     327       1.8775
     328       1.6743
     329       1.5754
     330       1.5366
     331       1.5505
     332       1.6141
     333       1.4928
     334       1.1427
     335       1.3750
     336       1.3671
     337       1.3714
     338       1.2522
     339       1.6920
     340       1.2650
     341       1.0859
     342       1.6938
     343       1.0926
     344       1.7287
     345       1.3149
     346       1.5536
     347       1.2960
     348       1.1410
     349       0.9270
     350       1.2439
     351       1.1192
     352       1.2245
     353       1.1330
     354       1.5446
     355       1.0855
     356       0.9146
     357       0.9807
     358       1.4663
     359       1.2908
     360       1.4834
     361       1.7149
     362       1.3287
     363       1.2991
     364       1.1104
     365       1.0999
     366       1.1301
     367       1.6139
     368       1.4007
     369       1.5989
     370       1.4222
     371       1.3958
     372       1.5944
     373       1.6344
     374       1.4754
     375       2.0832
     376       1.5003
     377       1.8639
     378       1.8509
     379       1.4268
     380       1.3021
     381       1.2100
     382       0.9117
     383       1.0823
     384       1.3245
     385       1.2442
     386       1.0982
     387       1.4144
     388       1.7495
     389       1.7646
     390       1.3782
     391       1.9514
     392       1.2753
     393       1.1471
     394       0.8334
     395       0.9869
     396       1.2436
     397       1.4379
     398       1.5775
     399       1.3440
     400       1.0346
     401       1.0484
     402       0.9610
     403       1.1668
     404       1.3127
     405       1.3227
     406       0.9672
     407       1.1135
     408       1.1780
     409       1.2361
     410       1.4791
     411       1.4685
     412       1.3387
     413       1.3159
     414       1.3244
     415       1.1719
     416       1.0021
     417       1.0749
     418       1.1761
     419       1.1745
     420       1.3491
     421       1.3141
     422       1.3782
     423       1.3246
     424       1.6467
     425       1.6956
     426       1.1253
     427       1.2862
     428       1.2959
     429       1.2620
     430       1.4211
     431       0.7821
     432       0.9709
     433       1.2775
     434       1.4183
     435       1.1048
     436       1.2801
     437       1.6045
     438       1.2038
     439       1.0448
     440       1.3848
     441       1.5609
     442       1.7680
     443       1.3160
     444       1.4341
     445       1.3208
     446       1.4201
     447       1.4145
     448       1.6402
     449       1.2441
     450       0.6042
     451       1.5523
     452       1.5513
     453       1.3332
     454       1.1767
     455       1.4660
     456       1.5978
     457       1.5983
     458       1.2705
     459       1.5741
     460       1.6315
     461       1.2364
     462       1.6744
     463       1.1970
     464       1.3935
     465       1.8368
     466       1.7594
     467       1.6067
     468       1.5970
     469       1.3298
     470       1.7132
     471       1.4681
     472       1.8016
     473       1.2751
     474       1.6552
     475       1.5925
     476       0.9163
     477       1.1761
     478       0.8671
     479       1.1425
     480       1.6843
     481       1.2019
     482       1.4884
     483       1.4537
     484       1.6679
     485       1.6399
     486       2.2074
     487       1.4842
     488       1.2844
     489       1.1323
     490       1.5349
     491       1.4309
     492       1.2824
     493       1.3468
     494       1.9256
     495       1.5697
     496       1.4414
     497       1.2063
     498       1.3257
     499       1.3925
     500       1.9529
     501       1.2524
     502       1.3373
     503       1.0529
     504       1.9272
     505       1.3643
     506       1.3828
     507       1.6635
     508       1.0104
     509       1.0087
     510       0.8138
     511       1.6533
     512       1.6479
     513       1.4983
     514       1.4987
     515       1.3192
     516       1.2703
     517       1.4847
     518       1.5994
     519       1.8050
     520       1.4694
     521       1.5030
     522       1.7219
     523       1.9140
     524       1.8271
     525       1.8185
     526       1.9337
     527       1.4755
     528       1.9047
     529       2.0148
     530       1.2776
     531       1.5133
     532       2.0163
     533       1.5961
     534       1.4316
     535       2.5230
     536       2.1388
     537       1.8772
     538       1.7713
     539       1.5189
     540       1.6495
     541       1.4806
     542       1.6066
     543       1.7874
     544       1.3778
     545       0.7119
     546       1.4189
     547       1.1549
     548       1.4879
     549       1.7758
     550       1.3626
     551       1.3566
     552       1.0380
     553       1.7492
     554       1.9506
     555       1.5446
     556       1.4320
     557       1.5618
     558       1.5369
     559       1.5493
     560       1.3305
     561       1.6489
     562       1.3381
     563       1.2473
     564       1.7195
     565       1.4353
     566       1.5895
     567       1.3589
     568       1.3647
     569       1.3459
     570       1.4359
     571       1.2849
     572       1.3796
     573       1.4070
     574       1.5099
     575       1.4116
     576       1.4190
     577       1.0212
     578       1.6267
     579       2.3858
     580       1.3758
     581       1.1340
     582       1.8366
     583       1.9132
     584       1.8764
     585       1.2702
     586       1.4525
     587       1.5114
     588       1.4597
     589       1.1641
     590       1.1816
     591       1.0909
     592       1.3476
     593       1.3381
     594       1.1607
     595       1.4794
     596       1.3560
     597       1.8975
     598       1.2457
     599       1.6635
     600       1.6995
     601       1.7326
     602       1.1504
     603       1.1731
     604       1.7168
     605       1.5966
     606       1.4961
     607       1.4844
     608       1.8730
     609       1.8900
     610       1.7854
     611       1.7401
     612       1.9568
     613       1.7439
     614       2.1060
     615       2.0084
     616       1.5883
     617       1.0299
     618       1.5241
     619       1.3002
     620       1.5098
     621       1.1969
     622       1.0295
     623       1.3746
     624       1.4680
     625       1.0225
     626       1.0960
     627       1.8143
     628       1.0557
     629       1.6410
     630       1.2596
     631       1.1491
     632       1.4069
     633       1.3044
     634       1.4364
     635       2.2611
     636       1.9151
     637       1.4468
     638       0.8921
     639       1.3882
     640       1.2941
     641       1.3750
     642       1.5961
     643       1.1903
     644       1.6797
     645       0.8872
     646       1.6002
     647       1.5231
     648       1.6843
     649       1.7895
     650       1.2872
     651       1.1196
     652       1.1091
     653       1.5698
     654       1.8011
     655       1.4249
     656       1.4638
     657       1.5152
     658       1.6197
     659       1.4935
     660       1.2782
     661       1.3969
     662       2.0053
     663       1.7368
     664       1.1240
     665       1.6863
     666       1.4870
     667       1.1003
     668       1.8034
     669       1.8502
     670       1.5749
     671       1.6300
     672       1.7268
     673       1.3537
     674       1.4497
     675       1.3040
     676       1.5138
     677       1.4906
     678       1.7127
     679       1.3769
     680       1.4981
     681       1.4896
     682       1.3340
     683       1.9613
     684       2.4306
     685       1.5141
     686       1.7069
     687       1.4696
     688       1.6818
     689       1.3735
     690       1.7356
     691       1.5975
     692       1.8440
     693       1.5313
     694       1.9433
     695       1.4484
     696       2.3382
     697       1.1993
     698       1.2557
     699       1.2732
     700       1.1444
     701       1.6391
     702       1.4042
     703       0.9224
     704       1.2129
     705       1.2288
     706       1.7101
     707       1.6493
     708       1.2946
     709       1.6227
     710       1.4548
     711       1.3514
     712       1.4143
     713       1.3856
     714       1.0106
     715       0.7693
     716       0.9531
     717       0.9850
     718       0.8705
     719       1.9844
     720       1.3982
     721       1.4130
     722       1.3717
     723       1.5178
     724       1.3860
     725       1.2990
     726       1.4678
     727       1.5238
     728       1.6574
     729       1.7453
     730       1.5821
     731       1.8010
     732       1.5329
     733       1.7716
     734       2.0083
     735       1.6142
     736       1.3076
     737       1.1462
     738       0.8043
     739       1.1166
     740       0.8078
     741       1.1330
     742       1.0094
     743       0.8076
     744       1.0904
     745       1.1624
     746       1.3193
     747       1.1213
     748       1.1128
     749       1.1577
     750       0.9873
     751       1.1219
     752       1.3035
     753       1.2200
     754       1.1900
     755       1.1415
     756       1.3485
     757       1.0404
     758       1.6878
     759       1.7061
     760       1.1765
     761       1.6213
     762       1.0739
     763       0.9877
     764       1.1987
     765       1.5533
     766       1.4030
     767       1.4673
     768       0.7119
     769       1.1543
     770       1.0734
     771       1.1057
     772       1.2615
     773       1.0776
     774       1.3612
     775       1.5338
     776       1.5521
     777       1.3866
     778       1.1353
     779       1.1268
     780       1.2527
     781       1.3838
     782       1.6904
     783       1.3531
     784       1.2953
     785       1.4303
     786       1.3631
     787       1.3816
     788       1.0953
     789       1.2867
     790       1.3806
     791       1.3795
     792       1.2347
     793       1.3098
     794       1.8508
     795       1.2978
     796       1.6031
     797       1.9673
     798       2.3386
     799       2.8102
     800       2.8503
     801       3.0497
     802       3.2097
     803       2.8466
     804       2.9221
     805       3.0948
     806       3.2073
     807       2.4311
     808       2.6704
     809       2.4762
     810       2.7840
     811       3.1147
     812       3.1066
     813       3.4803
     814       4.0621
     815       3.7386
     816       3.2703
     817       3.6518
     818       3.4329
     819       3.0837
     820       3.0860
     821       2.9342
     822       3.6440
     823       3.2059
     824       3.2022
     825       3.7068
     826       3.0510
     827       3.3952
     828       3.9491
     829       3.3625
     830       3.3954
     831       3.1406
     832       3.7090
     833       3.7752
     834       3.4041
     835       3.9924
     836       3.9721
     837       3.7288
     838       3.8184
     839       3.6972
     840       3.6244
     841       3.6800
     842       3.6013
     843       3.8973
     844       3.8563
     845       3.5465
     846       3.7018
     847       3.5922
     848       3.9160
     849       3.8261
     850       3.5485
     851       3.7407
     852       3.8355
     853       3.7935
     854       3.8126
     855       3.6941
     856       4.0220
     857       4.0574
     858       3.3732
     859       3.3444
     860       3.6635
     861       3.5152
     862       3.8501
     863       3.2042
     864       3.6680
     865       3.2866
     866       2.5981
     867       2.6510
     868       3.3404
     869       3.1614
     870       3.6096
     871       3.3085
     872       3.5380
     873       3.2335
     874       3.2629
     875       3.5947
     876       3.4002
     877       3.0553
     878       3.4794
     879       3.7355
     880       3.5105
     881       3.5856
     882       3.7527
     883       3.7654
     884       4.6074
     885       3.9473
     886       3.4169
     887       3.6615
     888       3.8307
     889       4.0538
     890       3.8463
     891       3.7642
     892       4.2203
     893       3.4004
     894       3.4806
     895       4.0428
     896       3.7419
     897       3.3998
     898       4.0318
     899       3.2273
     900       3.5269
     901       4.4821
     902       3.7562
     903       3.8020
     904       3.6131
     905       3.4550
     906       3.6465
     907       3.7900
     908       3.2991
     909       3.3640
     910       3.4981
     911       3.9686
     912       3.4974
     913       4.0572
     914       3.8309
     915       3.9098
     916       3.7086
     917       3.7999
     918       3.5596
     919       3.6419
     920       3.9470
     921       4.1540
     922       3.8161
     923       3.8175
     924       3.8527
     925       3.7615
     926       3.7977
     927       4.1790
     928       3.9901
     929       3.9112
     930       3.6539
     931       3.6602
     932       4.0150
     933       3.3733
     934       3.5487
     935       3.5005
     936       3.9811
     937       3.6856
     938       4.3404
     939       3.8130
     940       3.7002
     941       4.0503
     942       4.1620
     943       4.0136
     944       3.7953
     945       3.8084
     946       4.0077
     947       3.0475
     948       3.6819
     949       3.7425
     950       3.6262
     951       3.8452
     952       4.3214
     953       3.3841
     954       3.3955
     955       4.0537
     956       3.5950
     957       3.6885
     958       3.2795
     959       3.7113
     960       2.8218
     961       2.6199
     962       2.3313
     963       2.5378
     964       2.7923
     965       2.5869
     966       2.3345
     967       2.5196
     968       2.7392
     969       3.8403
     970       4.2862
     971       3.5732
     972       3.5610
     973       3.9189
     974       3.4933
     975       3.3049
     976       3.7769
     977       4.2294
     978       4.5655
     979       4.0174
     980       4.2471
     981       4.3782
     982       4.6274
     983       4.3162
     984       4.3013
     985       3.8333
     986       4.1880
     987       4.3808
     988       3.8852
     989       3.9814
     990       3.9884
     991       3.6658
     992       3.3766
     993       3.8600
     994       3.7739
     995       3.8921
     996       3.7075
     997       3.9587
     998       3.9053
     999       3.3537
    1000       4.0449
