#Frame         fadall
       1       0.0000
       2       0.2537
       3       0.3362
       4       0.2546
       5       0.3253
       6       0.3056
       7       0.4554
       8       0.4876
       9       0.4315
      10       0.4587
      11       0.5355
      12       0.4160
      13       0.5874
      14       0.6215
      15       0.4875
      16       0.3373
      17       0.5064
      18       0.3324
      19       0.4995
      20       0.5338
      21       0.5578
      22       0.5386
      23       0.5138
      24       0.4712
      25       0.4116
      26       0.5246
      27       0.6234
      28       0.6264
      29       0.5760
      30       0.6889
      31       0.6483
      32       0.5950
      33       0.5352
      34       0.5463
      35       0.5620
      36       0.6352
      37       0.5598
      38       0.6185
      39       0.4569
      40       0.5947
      41       0.6060
      42       0.6367
      43       0.5372
      44       0.5800
      45       0.4832
      46       0.4726
      47       0.4829
      48       0.6239
      49       0.6607
      50       0.6250
      51       0.4856
      52       0.5407
      53       0.5064
      54       0.4781
      55       0.5363
      56       0.5118
      57       0.5638
      58       0.4740
      59       0.4370
      60       0.4509
      61       0.5268
      62       0.5208
      63       0.4594
      64       0.4300
      65       0.4595
      66       0.4751
      67       0.5434
      68       0.5251
      69       0.5511
      70       0.5318
      71       0.3884
      72       0.5102
      73       0.5080
      74       0.4668
      75       0.4494
      76       0.4342
      77       0.4490
      78       0.5461
      79       0.4626
      80       0.4234
      81       0.4858
      82       0.5144
      83       0.5840
      84       0.4930
      85       0.5101
      86       0.5349
      87       0.5488
      88       0.7498
      89       0.6400
      90       0.6314
      91       0.4879
      92       0.5979
      93       0.5998
      94       0.5678
      95       0.5170
      96       0.5107
      97       0.4825
      98       0.5803
      99       0.5663
     100       0.5386
     101       0.6000
     102       0.6174
     103       0.6669
     104       0.6913
     105       0.6158
     106       0.6205
     107       0.6022
     108       0.6824
     109       0.5964
     110       0.6485
     111       0.7476
     112       0.7359
     113       0.7422
     114       0.8091
     115       0.8116
     116       0.7665
     117       0.7455
     118       0.7340
     119       0.7531
     120       0.6748
     121       0.6965
     122       0.7065
     123       0.6911
     124       0.7632
     125       0.6669
     126       0.6563
     127       0.6259
     128       0.6184
     129       0.5889
     130       0.6380
     131       0.6012
     132       0.6947
     133       0.7659
     134       0.7059
     135       0.5494
     136       0.6343
     137       0.6778
     138       0.5830
     139       0.6305
     140       0.7585
     141       0.7383
     142       0.7709
     143       0.6689
     144       0.6568
     145       0.6219
     146       0.6408
     147       0.6770
     148       0.5328
     149       0.5817
     150       0.5953
     151       0.7270
     152       0.6233
     153       0.5847
     154       0.4900
     155       0.5860
     156       0.6160
     157       0.5806
     158       0.7678
     159       0.7819
     160       0.6577
     161       0.6275
     162       0.6107
     163       0.7107
     164       0.4610
     165       0.5353
     166       0.6460
     167       0.5801
     168       0.6228
     169       0.5168
     170       0.4718
     171       0.5754
     172       0.4399
     173       0.6314
     174       0.6118
     175       0.5831
     176       0.5533
     177       0.6034
     178       0.5297
     179       0.6687
     180       0.6651
     181       0.6463
     182       0.5191
     183       0.6067
     184       0.6201
     185       0.5433
     186       0.5541
     187       0.6296
     188       0.5967
     189       0.5259
     190       0.5854
     191       0.6286
     192       0.5626
     193       0.5677
     194       0.6698
     195       0.6336
     196       0.4855
     197       0.6159
     198       0.6020
     199       0.5780
     200       0.5363
     201       0.5734
     202       0.5013
     203       0.4833
     204       0.5715
     205       0.6066
     206       0.5204
     207       0.4823
     208       0.4775
     209       0.5031
     210       0.6113
     211       0.7282
     212       0.7535
     213       0.6705
     214       0.6771
     215       0.7136
     216       0.5975
     217       0.6976
     218       0.7749
     219       0.6940
     220       0.6188
     221       0.7280
     222       0.7460
     223       0.7414
     224       0.6557
     225       0.6103
     226       0.5983
     227       0.7131
     228       0.6285
     229       0.5767
     230       0.5375
     231       0.6728
     232       0.7138
     233       0.7295
     234       0.6493
     235       0.5913
     236       0.6219
     237       0.6471
     238       0.6563
     239       0.7285
     240       0.6565
     241       0.6985
     242       0.7297
     243       0.7316
     244       0.6732
     245       0.8515
     246       0.7582
     247       0.7611
     248       0.6840
     249       0.6400
     250       0.6390
     251       0.6584
     252       0.6372
     253       0.6960
     254       0.6297
     255       0.6439
     256       0.6642
     257       0.5341
     258       0.4759
     259       0.5555
     260       0.6127
     261       0.6289
     262       0.5652
     263       0.6582
     264       0.6197
     265       0.7919
     266       0.7239
     267       0.6358
     268       0.6372
     269       0.5796
     270       0.5632
     271       0.5674
     272       0.6302
     273       0.5721
     274       0.6592
     275       0.5286
     276       0.5703
     277       0.5545
     278       0.5384
     279       0.5623
     280       0.4956
     281       0.4863
     282       0.4390
     283       0.5266
     284       0.5146
     285       0.4749
     286       0.5283
     287       0.6270
     288       0.6432
     289       0.5497
     290       0.6473
     291       0.6139
     292       0.6561
     293       0.5455
     294       0.5655
     295       0.5388
     296       0.5758
     297       0.5212
     298       0.5696
     299       0.5707
     300       0.6470
     301       0.6798
     302       0.5760
     303       0.5480
     304       0.7571
     305       0.6486
     306       0.6385
     307       0.5621
     308       0.4511
     309       0.5052
     310       0.5247
     311       0.6217
     312       0.5139
     313       0.5615
     314       0.6077
     315       0.6017
     316       0.7777
     317       0.6067
     318       0.5639
     319       0.5930
     320       0.6462
     321       0.5802
     322       0.5011
     323       0.6083
     324       0.6641
     325       0.6239
     326       0.7064
     327       0.6715
     328       0.5033
     329       0.5470
     330       0.5730
     331       0.4890
     332       0.6071
     333       0.6277
     334       0.5562
     335       0.5836
     336       0.6140
     337       0.5944
     338       0.5515
     339       0.4905
     340       0.5328
     341       0.4971
     342       0.4005
     343       0.5101
     344       0.5381
     345       0.5993
     346       0.5711
     347       0.6010
     348       0.6098
     349       0.5085
     350       0.5335
     351       0.5432
     352       0.4682
     353       0.4468
     354       0.5486
     355       0.5834
     356       0.6287
     357       0.5934
     358       0.6583
     359       0.6168
     360       0.6096
     361       0.4643
     362       0.5189
     363       0.5743
     364       0.5911
     365       0.5432
     366       0.5429
     367       0.5345
     368       0.5669
     369       0.5817
     370       0.5071
     371       0.4926
     372       0.5355
     373       0.6114
     374       0.4989
     375       0.4380
     376       0.3116
     377       0.4071
     378       0.4068
     379       0.4877
     380       0.4056
     381       0.4049
     382       0.4744
     383       0.4743
     384       0.4572
     385       0.3900
     386       0.4026
     387       0.4656
     388       0.4550
     389       0.3592
     390       0.3860
     391       0.3809
     392       0.4049
     393       0.4984
     394       0.5539
     395       0.5794
     396       0.5846
     397       0.5779
     398       0.5819
     399       0.6204
     400       0.6208
     401       0.5875
     402       0.6147
     403       0.6539
     404       0.5546
     405       0.5229
     406       0.4754
     407       0.5228
     408       0.5534
     409       0.5926
     410       0.6906
     411       0.5461
     412       0.5821
     413       0.5514
     414       0.5894
     415       0.6638
     416       0.6731
     417       0.6623
     418       0.6668
     419       0.5978
     420       0.5084
     421       0.5242
     422       0.5374
     423       0.6168
     424       0.5362
     425       0.5342
     426       0.5510
     427       0.6190
     428       0.5455
     429       0.6410
     430       0.6730
     431       0.6867
     432       0.7289
     433       0.6269
     434       0.6435
     435       0.5864
     436       0.5798
     437       0.6056
     438       0.6467
     439       0.7009
     440       0.8459
     441       0.7290
     442       0.7870
     443       0.7715
     444       0.7038
     445       0.7619
     446       0.6326
     447       0.5954
     448       0.4941
     449       0.5462
     450       0.5966
     451       0.6072
     452       0.7580
     453       0.6222
     454       0.5882
     455       0.5847
     456       0.5384
     457       0.5245
     458       0.5350
     459       0.5932
     460       0.6255
     461       0.5914
     462       0.5165
     463       0.5767
     464       0.5523
     465       0.5729
     466       0.5222
     467       0.5293
     468       0.6094
     469       0.5632
     470       0.5835
     471       0.6651
     472       0.6258
     473       0.6325
     474       0.6268
     475       0.6201
     476       0.5763
     477       0.4678
     478       0.5059
     479       0.4649
     480       0.5170
     481       0.5320
     482       0.5897
     483       0.6916
     484       0.6127
     485       0.6509
     486       0.7157
     487       0.7489
     488       0.6804
     489       0.5941
     490       0.6008
     491       0.6566
     492       0.7238
     493       0.6366
     494       0.6397
     495       0.6338
     496       0.5854
     497       0.7327
     498       0.6225
     499       0.7031
     500       0.7387
     501       0.6697
     502       0.6245
     503       0.6219
     504       0.6393
     505       0.5786
     506       0.5518
     507       0.4361
     508       0.4992
     509       0.5770
     510       0.5602
     511       0.6957
     512       0.5360
     513       0.5745
     514       0.6367
     515       0.5969
     516       0.4792
     517       0.5594
     518       0.5897
     519       0.5911
     520       0.6001
     521       0.5444
     522       0.5516
     523       0.4844
     524       0.5729
     525       0.4817
     526       0.5199
     527       0.4592
     528       0.3906
     529       0.3631
     530       0.3891
     531       0.3944
     532       0.3987
     533       0.5163
     534       0.5296
     535       0.4589
     536       0.5294
     537       0.4321
     538       0.3397
     539       0.3583
     540       0.3959
     541       0.4927
     542       0.3500
     543       0.4364
     544       0.4378
     545       0.4192
     546       0.4349
     547       0.3566
     548       0.3286
     549       0.3879
     550       0.5724
     551       0.5317
     552       0.5451
     553       0.5659
     554       0.6281
     555       0.5235
     556       0.6060
     557       0.5712
     558       0.4430
     559       0.5335
     560       0.5986
     561       0.6296
     562       0.6001
     563       0.5603
     564       0.5463
     565       0.5910
     566       0.5784
     567       0.6255
     568       0.6886
     569       0.5944
     570       0.6381
     571       0.5015
     572       0.5264
     573       0.5705
     574       0.5275
     575       0.5218
     576       0.4795
     577       0.5235
     578       0.5829
     579       0.5779
     580       0.6235
     581       0.5268
     582       0.5938
     583       0.4667
     584       0.5406
     585       0.5073
     586       0.4985
     587       0.5679
     588       0.6048
     589       0.6661
     590       0.5177
     591       0.5349
     592       0.5408
     593       0.6521
     594       0.5344
     595       0.6022
     596       0.6337
     597       0.6138
     598       0.6211
     599       0.6136
     600       0.5234
     601       0.7095
     602       0.5371
     603       0.6369
     604       0.4532
     605       0.5424
     606       0.4587
     607       0.5938
     608       0.5171
     609       0.5289
     610       0.4700
     611       0.4894
     612       0.5575
     613       0.4762
     614       0.5549
     615       0.4688
     616       0.3913
     617       0.5713
     618       0.5236
     619       0.5826
     620       0.5936
     621       0.6142
     622       0.5983
     623       0.6339
     624       0.6576
     625       0.6191
     626       0.5549
     627       0.6321
     628       0.5284
     629       0.5068
     630       0.4820
     631       0.5827
     632       0.5009
     633       0.5351
     634       0.6322
     635       0.6140
     636       0.5000
     637       0.5445
     638       0.4843
     639       0.5749
     640       0.4998
     641       0.5935
     642       0.6202
     643       0.6118
     644       0.5752
     645       0.4362
     646       0.4554
     647       0.4666
     648       0.5483
     649       0.6704
     650       0.6258
     651       0.6701
     652       0.5459
     653       0.6633
     654       0.7014
     655       0.5497
     656       0.5944
     657       0.5322
     658       0.5768
     659       0.5447
     660       0.4914
     661       0.5664
     662       0.6251
     663       0.6285
     664       0.6109
     665       0.6017
     666       0.5564
     667       0.7165
     668       0.6141
     669       0.5437
     670       0.6178
     671       0.6343
     672       0.6790
     673       0.6573
     674       0.5248
     675       0.6332
     676       0.5354
     677       0.6448
     678       0.5913
     679       0.6221
     680       0.5147
     681       0.5741
     682       0.6308
     683       0.6114
     684       0.5910
     685       0.5889
     686       0.5945
     687       0.4894
     688       0.5803
     689       0.5864
     690       0.6426
     691       0.6525
     692       0.5226
     693       0.5514
     694       0.5606
     695       0.5291
     696       0.4199
     697       0.5083
     698       0.5515
     699       0.4449
     700       0.5310
     701       0.4651
     702       0.5027
     703       0.5339
     704       0.6634
     705       0.4455
     706       0.5694
     707       0.5106
     708       0.5416
     709       0.4979
     710       0.4684
     711       0.3703
     712       0.4823
     713       0.4834
     714       0.4802
     715       0.5112
     716       0.5772
     717       0.5156
     718       0.6669
     719       0.5688
     720       0.6390
     721       0.5696
     722       0.6372
     723       0.6337
     724       0.7153
     725       0.8305
     726       0.7633
     727       0.7683
     728       0.6628
     729       0.6331
     730       0.5937
     731       0.6109
     732       0.5116
     733       0.5866
     734       0.4332
     735       0.5001
     736       0.5121
     737       0.5033
     738       0.4767
     739       0.4810
     740       0.4971
     741       0.5604
     742       0.4958
     743       0.5132
     744       0.5758
     745       0.4325
     746       0.5585
     747       0.6009
     748       0.6024
     749       0.5753
     750       0.6686
     751       0.6313
     752       0.5491
     753       0.6039
     754       0.7208
     755       0.7525
     756       0.6603
     757       0.6895
     758       0.6633
     759       0.5435
     760       0.5717
     761       0.5884
     762       0.6167
     763       0.5685
     764       0.6400
     765       0.6813
     766       0.6927
     767       0.5719
     768       0.7258
     769       0.5367
     770       0.4511
     771       0.6409
     772       0.5600
     773       0.6395
     774       0.6332
     775       0.5539
     776       0.4474
     777       0.5244
     778       0.4256
     779       0.4444
     780       0.5104
     781       0.5132
     782       0.4235
     783       0.5399
     784       0.4406
     785       0.5595
     786       0.5856
     787       0.6871
     788       0.6733
     789       0.7110
     790       0.8125
     791       0.7616
     792       0.8320
     793       0.7591
     794       0.6411
     795       0.8378
     796       0.8089
     797       0.7667
     798       0.7975
     799       0.7782
     800       0.7491
     801       0.6378
     802       0.6757
     803       0.6976
     804       0.7401
     805       0.8298
     806       0.8347
     807       0.7566
     808       0.7084
     809       0.7513
     810       0.6706
     811       0.7728
     812       0.7122
     813       0.6791
     814       0.6540
     815       0.6465
     816       0.6632
     817       0.5872
     818       0.6353
     819       0.5775
     820       0.6764
     821       0.6349
     822       0.5951
     823       0.6556
     824       0.6731
     825       0.6655
     826       0.6593
     827       0.6798
     828       0.6735
     829       0.5751
     830       0.6089
     831       0.6430
     832       0.5575
     833       0.5616
     834       0.5413
     835       0.5100
     836       0.5727
     837       0.5387
     838       0.5988
     839       0.5767
     840       0.5763
     841       0.6259
     842       0.5751
     843       0.5215
     844       0.5485
     845       0.6160
     846       0.6847
     847       0.6109
     848       0.6131
     849       0.6386
     850       0.6953
     851       0.6080
     852       0.5881
     853       0.5609
     854       0.5458
     855       0.5390
     856       0.5770
     857       0.5185
     858       0.4947
     859       0.5138
     860       0.5301
     861       0.5308
     862       0.5407
     863       0.5283
     864       0.6073
     865       0.7269
     866       0.6179
     867       0.7466
     868       0.6872
     869       0.6139
     870       0.6538
     871       0.6794
     872       0.6601
     873       0.6173
     874       0.6307
     875       0.6578
     876       0.6504
     877       0.7717
     878       0.6712
     879       0.7277
     880       0.6643
     881       0.6820
     882       0.7916
     883       0.7382
     884       0.8593
     885       0.7895
     886       0.6983
     887       0.7151
     888       0.6613
     889       0.7730
     890       0.7722
     891       0.7690
     892       0.7030
     893       0.7510
     894       0.7174
     895       0.7533
     896       0.6660
     897       0.7028
     898       0.6897
     899       0.6008
     900       0.6392
     901       0.6996
     902       0.7791
     903       0.7498
     904       0.6904
     905       0.7013
     906       0.6632
     907       0.6870
     908       0.7286
     909       0.6764
     910       0.6729
     911       0.5975
     912       0.6564
     913       0.7132
     914       0.7348
     915       0.7172
     916       0.7640
     917       0.7610
     918       0.7222
     919       0.7603
     920       0.5842
     921       0.6031
     922       0.5287
     923       0.5903
     924       0.6672
     925       0.6355
     926       0.6825
     927       0.6273
     928       0.6867
     929       0.6572
     930       0.7128
     931       0.6945
     932       0.7584
     933       0.7914
     934       0.7462
     935       0.7530
     936       0.7858
     937       0.7616
     938       0.7533
     939       0.6797
     940       0.6911
     941       0.6833
     942       0.7623
     943       0.7870
     944       0.7605
     945       0.7397
     946       0.7691
     947       0.6911
     948       0.6959
     949       0.7094
     950       0.6192
     951       0.6360
     952       0.6990
     953       0.5486
     954       0.6567
     955       0.5882
     956       0.6819
     957       0.6643
     958       0.7004
     959       0.5505
     960       0.5568
     961       0.5555
     962       0.5252
     963       0.5479
     964       0.5157
     965       0.5871
     966       0.5803
     967       0.4521
     968       0.5280
     969       0.5047
     970       0.5939
     971       0.5672
     972       0.5207
     973       0.5059
     974       0.5543
     975       0.4620
     976       0.5080
     977       0.5068
     978       0.5854
     979       0.5427
     980       0.4760
     981       0.5238
     982       0.5496
     983       0.5385
     984       0.5601
     985       0.6413
     986       0.5556
     987       0.5850
     988       0.4991
     989       0.5306
     990       0.6076
     991       0.6305
     992       0.6427
     993       0.5881
     994       0.6663
     995       0.5547
     996       0.5503
     997       0.5102
     998       0.3886
     999       0.4754
    1000       0.5482
