#Frame        ligcore
       1       0.0000
       2       0.7172
       3       0.5081
       4       0.7131
       5       0.4886
       6       1.1113
       7       0.6446
       8       0.5598
       9       0.6453
      10       0.4826
      11       0.7302
      12       0.7738
      13       0.5587
      14       0.6674
      15       0.8793
      16       0.7864
      17       0.8704
      18       0.6519
      19       0.6201
      20       0.6592
      21       0.4895
      22       0.7996
      23       0.5797
      24       0.7986
      25       0.8094
      26       0.6877
      27       0.5852
      28       0.7781
      29       0.8908
      30       1.0791
      31       1.0900
      32       0.4585
      33       1.3150
      34       0.6269
      35       0.6252
      36       0.3552
      37       0.4911
      38       0.6860
      39       0.7436
      40       0.5696
      41       0.5383
      42       0.3864
      43       0.3953
      44       0.5431
      45       0.5580
      46       0.5939
      47       0.6583
      48       0.7059
      49       0.6497
      50       0.9379
      51       0.5175
      52       0.6174
      53       0.7537
      54       0.6341
      55       0.5488
      56       0.4038
      57       0.7547
      58       0.6088
      59       0.8727
      60       0.7856
      61       0.4796
      62       0.4588
      63       0.9415
      64       0.6849
      65       0.4802
      66       0.7026
      67       0.6812
      68       0.6652
      69       0.6497
      70       0.6680
      71       0.4362
      72       0.6340
      73       0.7440
      74       0.6581
      75       0.5208
      76       0.5413
      77       0.6902
      78       0.6442
      79       0.5666
      80       0.6145
      81       0.5237
      82       0.5632
      83       0.8416
      84       0.6892
      85       0.4570
      86       0.4638
      87       0.5163
      88       0.8824
      89       0.9670
      90       0.7131
      91       1.1357
      92       0.5681
      93       0.6462
      94       0.8767
      95       0.6543
      96       0.3897
      97       0.6148
      98       0.7787
      99       0.8821
     100       1.1737
     101       0.6692
     102       0.8758
     103       0.6798
     104       0.5487
     105       0.4851
     106       0.6533
     107       1.0558
     108       0.4278
     109       0.5291
     110       0.6544
     111       1.1145
     112       1.0242
     113       0.5454
     114       0.7518
     115       0.6184
     116       0.8519
     117       0.5915
     118       1.0402
     119       0.6033
     120       0.6149
     121       0.6166
     122       1.1050
     123       1.1809
     124       0.5541
     125       0.8447
     126       0.8239
     127       0.8722
     128       0.7658
     129       1.1567
     130       0.6095
     131       1.0858
     132       1.0135
     133       1.1600
     134       1.2359
     135       1.2309
     136       1.0270
     137       1.0914
     138       1.1384
     139       1.1122
     140       1.0609
     141       1.2065
     142       1.2741
     143       1.1034
     144       1.0750
     145       1.2596
     146       1.2762
     147       0.9557
     148       1.1989
     149       1.1483
     150       1.0669
     151       1.0600
     152       1.0702
     153       1.1437
     154       1.2539
     155       1.0624
     156       1.1152
     157       1.0047
     158       1.1760
     159       1.0518
     160       1.2855
     161       1.1532
     162       1.0741
     163       1.0187
     164       1.1817
     165       1.3687
     166       1.1172
     167       1.3188
     168       1.5578
     169       1.0760
     170       1.1658
     171       1.0596
     172       1.0298
     173       1.2225
     174       1.0322
     175       1.0520
     176       1.2064
     177       1.4648
     178       1.3261
     179       1.1291
     180       1.2965
     181       1.1246
     182       1.4756
     183       1.7004
     184       1.5745
     185       2.1820
     186       1.1624
     187       1.1698
     188       1.2105
     189       1.5010
     190       1.3177
     191       1.3424
     192       0.9974
     193       1.2369
     194       1.6080
     195       1.5654
     196       1.0259
     197       1.0267
     198       0.9604
     199       1.2547
     200       1.4474
     201       1.0406
     202       1.4440
     203       0.9713
     204       1.2196
     205       1.0295
     206       0.9885
     207       1.1547
     208       1.1067
     209       1.1314
     210       1.1231
     211       1.7074
     212       1.5982
     213       1.1288
     214       1.0807
     215       1.2655
     216       1.5140
     217       1.4213
     218       1.3430
     219       1.1424
     220       1.4183
     221       1.6644
     222       1.3842
     223       1.3340
     224       1.4733
     225       1.6547
     226       2.2042
     227       1.3421
     228       2.1032
     229       1.9502
     230       2.3315
     231       1.5856
     232       1.5188
     233       1.4204
     234       2.5596
     235       1.7200
     236       1.6816
     237       1.8283
     238       1.5588
     239       1.5840
     240       1.0049
     241       1.4140
     242       1.1465
     243       1.3857
     244       1.1419
     245       0.9830
     246       1.1215
     247       1.1727
     248       1.2945
     249       1.0338
     250       1.2386
     251       1.2365
     252       1.6311
     253       1.0273
     254       2.5454
     255       1.6413
     256       1.0683
     257       1.3936
     258       1.0195
     259       0.9680
     260       1.4443
     261       1.1373
     262       1.0359
     263       1.0849
     264       1.8770
     265       1.0158
     266       1.7478
     267       2.1043
     268       1.1593
     269       1.1965
     270       1.1849
     271       1.3688
     272       1.8100
     273       0.9393
     274       1.6862
     275       2.6199
     276       1.2819
     277       1.7180
     278       1.2694
     279       1.2506
     280       1.1486
     281       1.0653
     282       1.0140
     283       1.2502
     284       1.3160
     285       1.0670
     286       1.0790
     287       1.3667
     288       1.2649
     289       1.6198
     290       1.0634
     291       1.4072
     292       1.3033
     293       1.7633
     294       1.0953
     295       0.8996
     296       1.0919
     297       1.2476
     298       1.0907
     299       2.2582
     300       2.1346
     301       1.3670
     302       1.5486
     303       1.1727
     304       0.8636
     305       0.7300
     306       1.0805
     307       1.5852
     308       2.1666
     309       1.3775
     310       1.5180
     311       1.0924
     312       1.4238
     313       2.5083
     314       2.4737
     315       1.3724
     316       1.4755
     317       1.4588
     318       1.2401
     319       1.2050
     320       1.4150
     321       2.0553
     322       1.0084
     323       1.1905
     324       1.0368
     325       1.1189
     326       1.3457
     327       2.3857
     328       1.4313
     329       1.1422
     330       2.4254
     331       2.1810
     332       0.9732
     333       0.7341
     334       0.6715
     335       0.5529
     336       0.7829
     337       0.6779
     338       0.5835
     339       0.5371
     340       0.4548
     341       0.4634
     342       0.5774
     343       0.8760
     344       0.7950
     345       0.4785
     346       0.5064
     347       0.7237
     348       0.5828
     349       0.8102
     350       0.6132
     351       0.8004
     352       0.8653
     353       0.9225
     354       1.2142
     355       0.8807
     356       0.8543
     357       0.8136
     358       1.7762
     359       0.6803
     360       1.8807
     361       0.7736
     362       0.5770
     363       0.8949
     364       0.7599
     365       1.0626
     366       0.6641
     367       1.1828
     368       2.3659
     369       0.5946
     370       0.6418
     371       0.7925
     372       1.0677
     373       0.6954
     374       0.5101
     375       0.4040
     376       1.0236
     377       0.7178
     378       0.6550
     379       0.4100
     380       0.4237
     381       0.5569
     382       0.5570
     383       0.7923
     384       0.5685
     385       1.4203
     386       0.9338
     387       0.9436
     388       1.0007
     389       0.9036
     390       1.0703
     391       1.0073
     392       1.3268
     393       1.0538
     394       0.9754
     395       1.2642
     396       1.3037
     397       1.4464
     398       1.0772
     399       1.1396
     400       1.0936
     401       1.4547
     402       1.6226
     403       1.8752
     404       1.2626
     405       1.2772
     406       1.0548
     407       1.0470
     408       1.2516
     409       1.2146
     410       1.2565
     411       1.0134
     412       1.2421
     413       1.1379
     414       0.8899
     415       1.1181
     416       1.1831
     417       1.0703
     418       1.0899
     419       1.0782
     420       1.4334
     421       1.2825
     422       2.2657
     423       1.6374
     424       1.2879
     425       1.5552
     426       1.3814
     427       1.3772
     428       2.1437
     429       2.2062
     430       1.4517
     431       1.6534
     432       1.1326
     433       0.9227
     434       1.2237
     435       1.1321
     436       1.0350
     437       1.1180
     438       1.7654
     439       1.0283
     440       1.1276
     441       1.3206
     442       1.1637
     443       1.0905
     444       1.0200
     445       1.2316
     446       1.5153
     447       1.0252
     448       1.1215
     449       1.0335
     450       1.0847
     451       1.0547
     452       1.1171
     453       1.0481
     454       1.2574
     455       1.5223
     456       1.1375
     457       1.7582
     458       1.3527
     459       1.6748
     460       1.3138
     461       0.9633
     462       1.1950
     463       1.1956
     464       1.3261
     465       1.5788
     466       0.9010
     467       1.3838
     468       1.4112
     469       0.6925
     470       0.4804
     471       1.0524
     472       1.1056
     473       1.0415
     474       1.0528
     475       2.0156
     476       1.7740
     477       1.1679
     478       1.8287
     479       1.9022
     480       1.5575
     481       2.3873
     482       1.9909
     483       2.2526
     484       1.2129
     485       1.1286
     486       0.9883
     487       1.2308
     488       1.2523
     489       1.3635
     490       1.5716
     491       1.2578
     492       1.1012
     493       1.5032
     494       1.1591
     495       0.9708
     496       1.3602
     497       1.1157
     498       1.0440
     499       0.9995
     500       1.2583
     501       1.1432
     502       1.0912
     503       1.3420
     504       1.0270
     505       1.0432
     506       2.1154
     507       0.8508
     508       1.1384
     509       0.8740
     510       1.2236
     511       0.9722
     512       0.9293
     513       0.9754
     514       1.0430
     515       1.1853
     516       1.1152
     517       1.0336
     518       0.6999
     519       0.8228
     520       0.6244
     521       0.8059
     522       0.5275
     523       1.4442
     524       1.0411
     525       0.6521
     526       1.8516
     527       2.1938
     528       0.4710
     529       0.4701
     530       0.7453
     531       0.4968
     532       0.6091
     533       0.8231
     534       0.7562
     535       0.8474
     536       0.7132
     537       0.5384
     538       0.5436
     539       0.6753
     540       0.6337
     541       0.5424
     542       0.5084
     543       0.6406
     544       0.7911
     545       2.2681
     546       2.6029
     547       1.5183
     548       1.0743
     549       1.2282
     550       1.4699
     551       1.3169
     552       1.7309
     553       1.1369
     554       1.0004
     555       0.9601
     556       1.0067
     557       1.0357
     558       1.1645
     559       1.3376
     560       1.1223
     561       1.1837
     562       1.1362
     563       1.0920
     564       0.7637
     565       0.6852
     566       0.5532
     567       0.9824
     568       1.0659
     569       1.1578
     570       1.1122
     571       1.1358
     572       1.2552
     573       1.1738
     574       1.3631
     575       1.0990
     576       1.0942
     577       1.0195
     578       1.6351
     579       1.2969
     580       1.6109
     581       1.0780
     582       1.0906
     583       1.1975
     584       1.1282
     585       1.1761
     586       1.0581
     587       0.9987
     588       1.0140
     589       1.3580
     590       1.0585
     591       1.0366
     592       1.0572
     593       1.5574
     594       1.1611
     595       1.8204
     596       1.1587
     597       1.1518
     598       0.8455
     599       1.1413
     600       1.0381
     601       1.0110
     602       1.3009
     603       1.1389
     604       0.9912
     605       1.1712
     606       1.1243
     607       1.1018
     608       1.0981
     609       1.1091
     610       1.0151
     611       1.0277
     612       1.6330
     613       0.9174
     614       1.1184
     615       1.0578
     616       0.9781
     617       1.0481
     618       1.1084
     619       1.0326
     620       1.4864
     621       1.1919
     622       1.0110
     623       1.1632
     624       1.4430
     625       1.1875
     626       0.9979
     627       1.0616
     628       1.2325
     629       1.1394
     630       1.1597
     631       1.1994
     632       1.0488
     633       1.1727
     634       1.0540
     635       1.2095
     636       1.3231
     637       1.5487
     638       1.2375
     639       1.1100
     640       1.3217
     641       1.2254
     642       1.4368
     643       0.9264
     644       0.7410
     645       0.7922
     646       0.6384
     647       0.8035
     648       0.4975
     649       1.8952
     650       1.4056
     651       1.3331
     652       1.5557
     653       0.6268
     654       0.9053
     655       1.2773
     656       1.3717
     657       0.7923
     658       0.9089
     659       1.5349
     660       0.7046
     661       1.0415
     662       0.7973
     663       0.3779
     664       1.0425
     665       0.5163
     666       0.5449
     667       1.5774
     668       0.6574
     669       0.7543
     670       0.5332
     671       1.1979
     672       0.7308
     673       0.5346
     674       0.8153
     675       1.0115
     676       0.7786
     677       1.1988
     678       1.1558
     679       1.9614
     680       1.1459
     681       1.1086
     682       1.1420
     683       1.1264
     684       1.1187
     685       1.2139
     686       1.2602
     687       1.2365
     688       2.1421
     689       2.1057
     690       2.0969
     691       1.6699
     692       2.0481
     693       1.6630
     694       1.2942
     695       1.7115
     696       1.7528
     697       1.9392
     698       1.2818
     699       1.0480
     700       1.4376
     701       1.5841
     702       1.4634
     703       2.0125
     704       1.3437
     705       1.1290
     706       2.4542
     707       1.5768
     708       1.1536
     709       2.0616
     710       1.1509
     711       1.3617
     712       1.5561
     713       2.3649
     714       1.2687
     715       1.1198
     716       1.7489
     717       1.0311
     718       1.2058
     719       1.1797
     720       1.4395
     721       1.8099
     722       1.1060
     723       0.9900
     724       1.3392
     725       1.3753
     726       1.0661
     727       1.3628
     728       1.3631
     729       1.8848
     730       2.4808
     731       2.2312
     732       1.9454
     733       1.3989
     734       2.4559
     735       1.3274
     736       1.0614
     737       1.6037
     738       1.6817
     739       1.1191
     740       0.9228
     741       1.2412
     742       1.4012
     743       1.4417
     744       1.1127
     745       1.5115
     746       1.6236
     747       1.2962
     748       1.9587
     749       1.6055
     750       1.0795
     751       1.7091
     752       1.1951
     753       1.3759
     754       1.4221
     755       1.2361
     756       1.2545
     757       1.6368
     758       1.4727
     759       1.3362
     760       1.1240
     761       1.2808
     762       2.2977
     763       1.0047
     764       0.9453
     765       1.4080
     766       2.1802
     767       1.3865
     768       1.5037
     769       1.2360
     770       1.4794
     771       2.2532
     772       2.6160
     773       2.2435
     774       2.1905
     775       1.5993
     776       1.0702
     777       1.3773
     778       0.7809
     779       1.0295
     780       0.7127
     781       0.6303
     782       0.6906
     783       0.4658
     784       0.5911
     785       1.4275
     786       1.3059
     787       1.8209
     788       1.1493
     789       2.2962
     790       1.1178
     791       1.2696
     792       2.0726
     793       1.6881
     794       1.1028
     795       1.5671
     796       1.7977
     797       1.0796
     798       1.2322
     799       2.0466
     800       1.3288
     801       1.5871
     802       1.5465
     803       0.3936
     804       1.8615
     805       1.1174
     806       1.2467
     807       1.1356
     808       1.6549
     809       1.5571
     810       1.1822
     811       1.8044
     812       1.4572
     813       1.9042
     814       1.6855
     815       1.8242
     816       1.7653
     817       1.9623
     818       1.4247
     819       1.3465
     820       1.3542
     821       1.3056
     822       1.0889
     823       1.1901
     824       1.0192
     825       2.1779
     826       1.2191
     827       1.3813
     828       0.5657
     829       0.6710
     830       0.7697
     831       1.7738
     832       1.2838
     833       0.7381
     834       1.9253
     835       0.6750
     836       0.7995
     837       1.4608
     838       1.7366
     839       1.2138
     840       1.1406
     841       1.3324
     842       1.6102
     843       1.6271
     844       1.2589
     845       1.7082
     846       1.1232
     847       1.7427
     848       1.4975
     849       1.1222
     850       1.4010
     851       1.4394
     852       1.5984
     853       1.3234
     854       1.5015
     855       1.9274
     856       1.5773
     857       1.7075
     858       1.0273
     859       0.9225
     860       0.9023
     861       0.7849
     862       0.8461
     863       0.8258
     864       1.0417
     865       1.0349
     866       0.9906
     867       1.0456
     868       1.1000
     869       1.3285
     870       2.5063
     871       2.0537
     872       1.1168
     873       1.0643
     874       1.5085
     875       1.3513
     876       1.1635
     877       2.4219
     878       1.2668
     879       1.5397
     880       1.4001
     881       1.3731
     882       1.5837
     883       1.4035
     884       0.9502
     885       1.7213
     886       1.2696
     887       1.0099
     888       1.4095
     889       1.9732
     890       1.5328
     891       1.4002
     892       1.1622
     893       1.5252
     894       1.6253
     895       1.3380
     896       1.1104
     897       1.0971
     898       1.1761
     899       1.3310
     900       1.0142
     901       1.3774
     902       1.7153
     903       1.5681
     904       1.2584
     905       1.0323
     906       0.9858
     907       1.3113
     908       1.1413
     909       1.3810
     910       1.1576
     911       1.2301
     912       1.1880
     913       0.9468
     914       1.0957
     915       1.1590
     916       1.0686
     917       0.9565
     918       1.1392
     919       1.3730
     920       1.2173
     921       1.0771
     922       1.5378
     923       1.1914
     924       1.0141
     925       1.1065
     926       1.1883
     927       1.0916
     928       1.0802
     929       1.2692
     930       1.2430
     931       1.0359
     932       1.3439
     933       1.0141
     934       1.3603
     935       1.2687
     936       1.1666
     937       1.3611
     938       1.3304
     939       1.0445
     940       0.5301
     941       0.7368
     942       0.8804
     943       0.7614
     944       0.8969
     945       0.6385
     946       0.8237
     947       0.7293
     948       0.9288
     949       0.8393
     950       0.8420
     951       0.7561
     952       1.2724
     953       1.1006
     954       0.7284
     955       0.8954
     956       0.9026
     957       0.6799
     958       0.7365
     959       0.8662
     960       0.7241
     961       0.6174
     962       0.5373
     963       1.0352
     964       0.6005
     965       0.4226
     966       2.1092
     967       1.2590
     968       1.6495
     969       0.5112
     970       0.7146
     971       0.8324
     972       0.8229
     973       0.7399
     974       0.9977
     975       0.9285
     976       0.6250
     977       0.7758
     978       0.2988
     979       0.4766
     980       0.7275
     981       0.5882
     982       0.5032
     983       0.9236
     984       0.7962
     985       0.5322
     986       0.6756
     987       1.0885
     988       2.2153
     989       0.9399
     990       1.1105
     991       0.6538
     992       0.5530
     993       0.4865
     994       0.5676
     995       0.7915
     996       0.8917
     997       1.7394
     998       1.2886
     999       0.6587
    1000       2.7572
