#Frame         fitall
       1       0.0000
       2       0.6577
       3       0.7071
       4       0.7016
       5       0.6805
       6       0.7283
       7       0.7208
       8       0.8330
       9       0.7665
      10       0.8340
      11       0.8358
      12       0.8069
      13       0.7789
      14       0.8536
      15       0.8060
      16       0.8420
      17       0.8088
      18       0.9704
      19       0.9058
      20       0.8771
      21       0.8542
      22       0.8019
      23       0.8932
      24       0.8551
      25       0.8915
      26       0.8843
      27       0.8762
      28       1.0167
      29       0.8907
      30       0.9777
      31       0.9160
      32       0.9871
      33       0.9315
      34       0.9647
      35       0.9318
      36       0.9874
      37       0.9516
      38       0.9349
      39       0.9354
      40       0.9003
      41       0.9377
      42       0.9338
      43       0.9052
      44       0.9221
      45       0.8712
      46       0.9035
      47       0.9395
      48       1.0216
      49       1.0177
      50       1.0025
      51       1.0803
      52       1.0438
      53       1.1170
      54       1.0445
      55       1.0596
      56       1.1091
      57       1.1357
      58       1.1382
      59       1.1967
      60       1.1915
      61       1.0827
      62       0.9762
      63       1.0766
      64       0.8812
      65       0.9113
      66       0.9466
      67       1.0336
      68       0.8247
      69       0.8497
      70       0.9218
      71       0.8817
      72       0.8854
      73       0.8604
      74       0.8356
      75       0.8308
      76       0.8902
      77       0.8691
      78       0.9356
      79       1.0165
      80       0.9424
      81       0.9794
      82       1.0548
      83       0.9387
      84       1.0416
      85       1.0663
      86       1.1188
      87       1.0656
      88       1.0744
      89       1.0875
      90       1.0191
      91       1.0442
      92       1.0318
      93       1.0587
      94       1.0001
      95       1.0246
      96       0.9452
      97       1.0635
      98       1.1172
      99       1.1249
     100       1.0658
     101       1.1236
     102       1.2125
     103       1.1913
     104       1.2511
     105       1.2204
     106       1.1330
     107       1.2702
     108       1.2700
     109       1.3306
     110       1.3413
     111       1.3234
     112       1.3060
     113       1.4246
     114       1.3790
     115       1.3485
     116       1.2797
     117       1.2102
     118       1.2687
     119       1.3671
     120       1.3530
     121       1.3039
     122       1.1780
     123       1.2787
     124       1.3714
     125       1.3171
     126       1.4049
     127       1.4143
     128       1.4166
     129       1.2956
     130       1.1747
     131       1.2645
     132       1.1977
     133       1.1605
     134       1.1764
     135       1.1288
     136       1.1771
     137       1.1443
     138       1.0713
     139       1.0438
     140       1.0406
     141       1.0662
     142       1.1246
     143       0.9938
     144       1.1439
     145       1.2127
     146       1.0807
     147       1.1031
     148       1.0869
     149       1.0098
     150       1.0502
     151       1.1353
     152       1.0084
     153       0.9492
     154       0.9572
     155       1.0749
     156       1.0249
     157       0.9831
     158       0.9864
     159       1.0516
     160       1.0278
     161       1.0361
     162       0.9945
     163       1.1106
     164       1.0517
     165       1.0257
     166       1.0684
     167       0.9810
     168       1.0363
     169       0.9777
     170       1.0255
     171       0.9362
     172       0.9276
     173       1.0314
     174       1.0778
     175       1.0010
     176       1.0006
     177       0.9763
     178       0.9585
     179       1.0620
     180       1.0260
     181       1.0499
     182       1.1250
     183       1.0813
     184       1.0613
     185       1.0743
     186       0.9795
     187       0.9958
     188       1.0257
     189       1.0313
     190       1.1453
     191       1.0910
     192       1.0336
     193       1.0865
     194       1.1478
     195       1.0332
     196       1.1029
     197       1.1311
     198       1.0591
     199       1.0609
     200       1.0640
     201       1.0931
     202       1.1217
     203       1.2048
     204       1.2954
     205       1.1810
     206       1.1715
     207       1.2105
     208       1.1043
     209       1.0954
     210       1.0682
     211       1.1223
     212       1.2520
     213       1.1529
     214       1.1128
     215       1.2182
     216       1.2918
     217       1.3774
     218       1.2971
     219       1.3478
     220       1.3501
     221       1.2597
     222       1.1062
     223       1.1880
     224       1.2378
     225       1.2379
     226       1.2038
     227       1.1933
     228       1.2325
     229       1.1716
     230       1.1411
     231       1.1478
     232       1.1316
     233       1.2488
     234       1.0909
     235       1.0745
     236       1.2465
     237       1.1739
     238       1.1351
     239       1.0932
     240       1.1251
     241       1.0782
     242       1.0675
     243       1.0896
     244       1.0919
     245       1.0957
     246       1.1137
     247       1.0775
     248       1.0067
     249       1.0123
     250       1.0650
     251       1.0770
     252       1.0896
     253       1.0647
     254       1.1849
     255       1.1535
     256       1.1726
     257       1.1520
     258       1.1380
     259       1.1299
     260       1.1803
     261       1.1044
     262       1.1214
     263       1.1214
     264       1.1479
     265       1.2151
     266       1.2556
     267       1.1595
     268       1.0208
     269       1.1167
     270       1.1530
     271       1.1200
     272       1.0824
     273       1.0811
     274       1.0411
     275       1.0897
     276       1.1577
     277       1.2224
     278       1.2795
     279       1.1916
     280       1.1564
     281       1.1773
     282       1.2728
     283       1.2319
     284       1.2101
     285       1.3294
     286       1.2849
     287       1.4003
     288       1.4173
     289       1.4631
     290       1.4900
     291       1.4400
     292       1.4226
     293       1.2886
     294       1.2603
     295       1.3934
     296       1.4375
     297       1.5867
     298       1.6264
     299       1.7527
     300       1.7270
     301       1.6476
     302       1.7057
     303       1.6082
     304       1.5047
     305       1.4906
     306       1.4905
     307       1.5180
     308       1.5491
     309       1.6337
     310       1.6393
     311       1.6156
     312       1.8465
     313       1.7505
     314       1.7019
     315       1.7647
     316       1.7561
     317       1.7017
     318       1.5952
     319       1.5682
     320       1.6586
     321       1.5956
     322       1.5621
     323       1.6612
     324       1.5915
     325       1.6201
     326       1.5744
     327       1.6882
     328       1.5703
     329       1.6573
     330       1.7813
     331       1.8865
     332       1.7494
     333       1.6193
     334       1.6811
     335       1.6826
     336       1.6623
     337       1.5056
     338       1.7477
     339       1.7496
     340       1.7000
     341       1.6615
     342       1.6864
     343       1.5915
     344       1.5833
     345       1.5183
     346       1.6270
     347       1.6296
     348       1.6064
     349       1.6396
     350       1.5623
     351       1.5463
     352       1.5451
     353       1.6983
     354       1.6288
     355       1.7196
     356       1.8377
     357       1.7971
     358       1.7931
     359       1.7577
     360       1.7261
     361       1.6283
     362       1.5131
     363       1.4506
     364       1.3705
     365       1.3998
     366       1.2634
     367       1.3580
     368       1.2933
     369       1.3000
     370       1.2593
     371       1.2884
     372       1.2525
     373       1.3249
     374       1.2867
     375       1.2466
     376       1.3628
     377       1.2545
     378       1.3665
     379       1.3776
     380       1.2755
     381       1.1528
     382       1.3280
     383       1.3388
     384       1.1916
     385       1.2372
     386       1.3532
     387       1.3885
     388       1.2867
     389       1.4713
     390       1.5305
     391       1.5486
     392       1.5720
     393       1.5916
     394       1.6890
     395       1.7687
     396       1.7182
     397       1.6599
     398       1.6729
     399       1.6493
     400       1.6523
     401       1.7961
     402       1.6250
     403       1.6436
     404       1.7126
     405       1.6924
     406       1.7745
     407       1.7130
     408       1.7250
     409       1.8072
     410       1.8957
     411       1.9672
     412       1.8599
     413       1.7478
     414       1.7429
     415       1.7603
     416       1.7280
     417       1.8284
     418       1.9434
     419       1.8766
     420       1.9704
     421       2.0359
     422       1.8376
     423       1.8875
     424       1.8504
     425       1.7643
     426       1.8812
     427       1.8834
     428       1.8510
     429       1.7337
     430       1.8089
     431       1.7638
     432       1.8538
     433       1.8191
     434       1.8668
     435       1.9085
     436       1.9207
     437       1.9687
     438       2.0106
     439       2.0304
     440       1.9463
     441       1.9682
     442       1.9967
     443       1.9545
     444       1.9043
     445       1.9737
     446       1.8952
     447       1.7984
     448       1.9962
     449       1.9938
     450       2.1106
     451       1.8004
     452       1.8295
     453       1.8570
     454       1.7998
     455       1.8246
     456       1.9533
     457       1.8947
     458       1.7976
     459       1.8100
     460       1.7576
     461       1.9882
     462       2.0317
     463       1.9558
     464       1.8954
     465       1.8871
     466       2.0025
     467       2.0047
     468       1.9480
     469       2.0262
     470       2.0665
     471       1.9054
     472       2.0514
     473       2.0127
     474       1.9656
     475       1.9725
     476       1.8365
     477       1.9088
     478       1.8463
     479       2.0094
     480       1.8408
     481       1.8472
     482       1.7146
     483       1.8702
     484       1.7438
     485       1.8004
     486       1.7359
     487       1.8218
     488       1.9022
     489       1.8510
     490       1.9327
     491       2.0886
     492       2.1772
     493       2.0993
     494       2.0068
     495       1.8476
     496       1.9394
     497       2.0923
     498       2.0721
     499       1.8965
     500       1.8533
     501       2.0527
     502       1.8869
     503       2.0659
     504       2.0644
     505       2.1986
     506       2.1827
     507       2.0806
     508       2.1412
     509       2.3053
     510       2.3231
     511       2.2251
     512       2.1707
     513       2.0903
     514       2.1329
     515       2.1930
     516       2.1714
     517       1.9985
     518       2.1770
     519       2.1900
     520       2.1453
     521       1.9988
     522       1.9239
     523       2.0846
     524       1.9504
     525       2.0680
     526       2.0769
     527       1.8936
     528       2.1170
     529       2.1480
     530       1.9626
     531       1.9241
     532       1.7713
     533       1.7924
     534       1.8638
     535       1.8647
     536       1.8566
     537       1.9290
     538       1.8427
     539       1.8708
     540       1.7400
     541       1.9152
     542       1.8361
     543       1.9556
     544       1.9148
     545       1.9392
     546       2.0595
     547       2.0812
     548       2.1367
     549       2.2217
     550       2.2055
     551       2.0546
     552       2.0486
     553       2.0571
     554       1.9936
     555       2.0280
     556       1.9681
     557       1.9213
     558       2.0340
     559       2.1142
     560       1.9618
     561       2.0005
     562       1.9882
     563       1.8899
     564       2.0202
     565       1.9187
     566       1.7959
     567       1.7275
     568       1.5953
     569       1.6655
     570       1.8150
     571       1.7489
     572       1.7148
     573       1.7631
     574       1.7397
     575       1.6306
     576       1.6208
     577       1.8364
     578       1.9127
     579       1.7716
     580       1.8258
     581       1.8496
     582       1.7701
     583       1.8199
     584       1.8931
     585       1.8754
     586       1.6976
     587       1.7262
     588       1.6608
     589       1.5798
     590       1.7396
     591       1.6317
     592       1.8152
     593       1.6848
     594       1.6487
     595       1.6205
     596       1.5903
     597       1.3871
     598       1.5487
     599       1.4406
     600       1.3789
     601       1.4345
     602       1.4625
     603       1.3854
     604       1.3362
     605       1.3464
     606       1.4179
     607       1.2845
     608       1.2677
     609       1.1351
     610       1.2511
     611       1.1487
     612       1.2569
     613       1.1705
     614       1.1960
     615       1.2664
     616       1.1168
     617       1.1074
     618       1.2101
     619       1.2328
     620       1.2633
     621       1.3330
     622       1.3077
     623       1.2965
     624       1.3244
     625       1.2614
     626       1.3770
     627       1.4826
     628       1.4658
     629       1.4447
     630       1.5366
     631       1.3909
     632       1.5960
     633       1.6911
     634       1.5326
     635       1.6821
     636       1.6860
     637       1.6637
     638       1.5369
     639       1.5535
     640       1.4264
     641       1.4968
     642       1.5221
     643       1.4696
     644       1.5639
     645       1.4413
     646       1.4583
     647       1.5458
     648       1.5072
     649       1.6825
     650       1.7590
     651       1.8243
     652       1.7775
     653       1.8858
     654       1.9310
     655       2.1635
     656       2.0042
     657       1.8946
     658       1.8399
     659       1.8549
     660       1.7857
     661       1.7683
     662       1.8159
     663       1.8356
     664       1.6613
     665       1.7241
     666       1.8006
     667       1.7864
     668       1.8382
     669       1.8597
     670       1.8010
     671       1.8816
     672       1.8405
     673       1.9147
     674       1.9298
     675       1.8147
     676       1.7332
     677       1.8054
     678       1.7541
     679       1.8156
     680       1.8695
     681       1.8482
     682       1.7996
     683       1.9421
     684       1.9707
     685       1.9027
     686       2.0123
     687       1.9228
     688       1.9493
     689       2.0667
     690       2.1744
     691       1.9632
     692       1.9201
     693       1.9383
     694       1.8694
     695       1.8754
     696       1.9145
     697       1.8452
     698       1.7155
     699       1.8226
     700       2.0060
     701       2.0947
     702       2.0590
     703       2.0593
     704       2.0149
     705       1.9299
     706       1.9794
     707       2.0068
     708       2.0502
     709       2.0447
     710       2.1333
     711       2.1257
     712       2.1730
     713       2.1960
     714       2.0792
     715       2.1152
     716       2.0179
     717       1.9315
     718       1.7895
     719       1.9209
     720       2.0222
     721       1.9892
     722       1.8583
     723       1.7938
     724       1.8348
     725       1.8359
     726       1.8242
     727       1.8972
     728       1.9228
     729       1.9935
     730       2.1510
     731       2.0375
     732       1.9836
     733       1.9670
     734       1.8871
     735       1.8639
     736       1.9061
     737       2.0139
     738       2.0136
     739       2.1280
     740       2.0319
     741       1.8543
     742       1.7156
     743       1.8708
     744       1.8489
     745       1.8929
     746       1.8480
     747       1.7663
     748       1.6625
     749       1.6851
     750       1.7385
     751       1.6784
     752       1.6381
     753       1.6553
     754       1.6566
     755       1.7547
     756       1.7072
     757       1.8603
     758       1.8501
     759       1.6586
     760       1.7496
     761       1.7653
     762       1.6942
     763       1.7875
     764       1.9826
     765       2.0443
     766       1.9338
     767       1.8123
     768       1.7640
     769       1.8337
     770       1.8026
     771       1.7988
     772       1.7390
     773       1.7921
     774       1.6206
     775       1.7107
     776       1.8967
     777       1.7775
     778       1.7142
     779       1.8081
     780       1.8641
     781       1.9870
     782       1.8110
     783       1.7612
     784       1.8027
     785       1.8129
     786       1.7854
     787       1.8920
     788       1.8823
     789       1.9675
     790       2.0470
     791       2.1541
     792       2.0890
     793       2.0815
     794       1.9782
     795       2.0768
     796       2.2210
     797       2.2117
     798       2.1966
     799       2.1755
     800       2.3349
     801       2.2476
     802       2.2081
     803       2.2208
     804       2.2179
     805       2.2619
     806       2.2274
     807       2.0495
     808       2.0809
     809       2.1124
     810       2.0571
     811       2.1521
     812       2.1261
     813       1.9957
     814       2.1036
     815       2.0238
     816       2.0042
     817       1.8472
     818       1.9973
     819       1.9397
     820       1.8796
     821       1.9090
     822       2.0266
     823       2.0436
     824       2.0273
     825       1.9441
     826       2.0744
     827       2.0813
     828       2.0807
     829       2.0400
     830       2.2819
     831       2.1509
     832       2.0947
     833       2.0246
     834       2.1306
     835       2.0611
     836       2.0436
     837       2.0130
     838       2.0702
     839       2.1129
     840       1.8693
     841       2.0545
     842       2.0452
     843       1.9447
     844       1.9385
     845       2.0354
     846       2.0452
     847       2.0490
     848       2.0930
     849       2.0152
     850       1.9506
     851       2.1035
     852       2.1150
     853       2.0404
     854       2.0411
     855       2.1911
     856       2.1188
     857       2.1520
     858       1.9869
     859       2.1178
     860       2.0981
     861       1.8901
     862       1.9967
     863       1.9079
     864       1.9234
     865       2.0709
     866       2.0070
     867       2.0561
     868       2.0501
     869       2.0149
     870       2.1520
     871       2.1900
     872       2.1742
     873       2.1897
     874       2.2413
     875       2.3423
     876       2.2264
     877       2.3024
     878       2.2961
     879       2.1579
     880       2.1623
     881       2.1425
     882       2.3555
     883       2.2558
     884       2.1584
     885       2.1525
     886       2.1422
     887       2.1840
     888       2.1379
     889       2.1300
     890       2.2184
     891       2.2429
     892       2.2357
     893       2.4418
     894       2.2210
     895       2.1238
     896       1.9570
     897       2.0042
     898       2.0993
     899       1.9361
     900       1.9877
     901       2.0239
     902       2.0732
     903       1.9624
     904       1.8927
     905       1.9332
     906       1.8937
     907       1.9715
     908       2.1286
     909       2.0891
     910       2.0826
     911       2.1343
     912       2.0888
     913       2.0521
     914       2.0427
     915       2.0408
     916       2.1219
     917       2.0846
     918       2.1289
     919       2.0567
     920       2.0643
     921       2.1063
     922       2.1999
     923       2.1634
     924       2.1757
     925       2.1874
     926       1.9952
     927       2.0685
     928       2.0241
     929       2.0002
     930       1.8937
     931       2.0056
     932       2.0799
     933       2.0268
     934       2.1801
     935       2.1947
     936       2.2616
     937       2.1789
     938       2.2205
     939       2.1577
     940       2.1890
     941       2.2515
     942       2.2696
     943       2.3810
     944       2.1908
     945       2.2961
     946       2.2856
     947       2.2250
     948       2.2222
     949       2.2116
     950       2.3313
     951       2.0723
     952       1.9711
     953       1.8904
     954       1.7505
     955       1.7115
     956       1.7081
     957       1.7043
     958       1.8034
     959       1.8007
     960       1.8868
     961       1.8777
     962       1.7903
     963       1.8178
     964       1.7677
     965       1.7112
     966       1.7081
     967       1.7435
     968       1.8362
     969       1.7727
     970       1.7225
     971       1.9042
     972       1.8168
     973       1.8290
     974       1.8388
     975       1.8174
     976       1.8246
     977       1.8065
     978       1.8086
     979       1.7577
     980       1.8189
     981       1.7340
     982       1.8116
     983       1.9504
     984       1.9937
     985       2.1447
     986       2.1313
     987       2.0949
     988       2.0957
     989       2.0456
     990       2.1025
     991       2.1660
     992       2.1827
     993       2.1262
     994       2.1140
     995       2.1900
     996       2.3559
     997       2.3308
     998       2.3796
     999       2.3534
    1000       2.3988
