#Frame        fitcore
       1       0.0000
       2       0.6515
       3       0.6830
       4       0.6709
       5       0.6568
       6       0.6764
       7       0.6677
       8       0.8071
       9       0.7388
      10       0.7906
      11       0.8091
      12       0.7817
      13       0.7492
      14       0.8190
      15       0.7642
      16       0.7889
      17       0.7620
      18       0.8940
      19       0.8544
      20       0.8633
      21       0.8415
      22       0.7914
      23       0.8508
      24       0.7995
      25       0.8434
      26       0.8418
      27       0.8400
      28       0.9656
      29       0.8614
      30       0.9312
      31       0.8707
      32       0.9315
      33       0.8806
      34       0.9093
      35       0.8796
      36       0.9393
      37       0.8988
      38       0.9170
      39       0.9188
      40       0.8926
      41       0.9243
      42       0.9166
      43       0.9001
      44       0.9156
      45       0.8589
      46       0.9033
      47       0.9376
      48       0.9691
      49       0.9369
      50       0.9140
      51       0.9378
      52       0.9363
      53       0.9768
      54       0.9322
      55       0.9534
      56       0.9874
      57       0.9752
      58       1.0021
      59       1.0688
      60       1.0898
      61       0.9729
      62       0.8860
      63       1.0416
      64       0.8478
      65       0.8447
      66       0.8984
      67       0.9472
      68       0.7839
      69       0.8429
      70       0.9223
      71       0.8621
      72       0.8484
      73       0.8091
      74       0.7822
      75       0.8150
      76       0.8415
      77       0.8234
      78       0.8928
      79       0.9367
      80       0.8468
      81       0.8487
      82       0.9211
      83       0.8350
      84       0.9427
      85       0.9485
      86       1.0122
      87       0.9440
      88       0.9467
      89       0.9302
      90       0.8691
      91       0.8599
      92       0.8892
      93       0.9175
      94       0.8352
      95       0.9151
      96       0.8338
      97       0.9428
      98       1.0138
      99       0.9971
     100       0.9387
     101       0.9343
     102       1.0352
     103       0.9981
     104       1.0232
     105       1.0218
     106       0.9275
     107       1.0442
     108       1.0382
     109       1.0573
     110       1.0175
     111       1.0099
     112       1.0459
     113       1.1553
     114       1.1517
     115       1.1440
     116       1.0755
     117       1.0181
     118       1.0381
     119       1.1088
     120       1.1477
     121       1.0983
     122       1.0174
     123       1.1063
     124       1.1523
     125       1.1395
     126       1.2308
     127       1.2156
     128       1.1985
     129       1.1275
     130       1.0165
     131       1.1187
     132       1.0681
     133       1.0250
     134       1.0435
     135       0.9953
     136       1.0594
     137       1.0420
     138       0.9850
     139       0.9797
     140       0.9973
     141       1.0055
     142       1.0658
     143       0.9603
     144       1.1179
     145       1.1601
     146       1.0299
     147       1.0662
     148       1.0487
     149       0.9873
     150       1.0267
     151       1.1165
     152       0.9906
     153       0.9260
     154       0.8934
     155       1.0063
     156       0.9507
     157       0.9209
     158       0.9429
     159       1.0090
     160       0.9660
     161       0.9871
     162       0.9322
     163       1.0414
     164       0.9971
     165       0.9304
     166       0.9734
     167       0.8854
     168       0.9460
     169       0.8810
     170       0.9504
     171       0.8509
     172       0.8884
     173       0.9815
     174       1.0185
     175       0.9365
     176       0.9628
     177       0.9323
     178       0.9143
     179       1.0216
     180       0.9953
     181       0.9728
     182       1.0369
     183       0.9947
     184       0.9800
     185       0.9997
     186       0.9156
     187       0.9381
     188       0.9519
     189       0.9267
     190       1.0246
     191       1.0087
     192       0.9672
     193       1.0238
     194       1.0682
     195       0.9527
     196       1.0160
     197       1.0717
     198       0.9788
     199       0.9660
     200       0.9485
     201       0.9509
     202       0.9568
     203       1.0067
     204       1.0751
     205       1.0330
     206       0.9967
     207       0.9795
     208       0.9515
     209       0.9320
     210       0.9084
     211       0.9633
     212       1.0906
     213       1.0056
     214       0.9609
     215       1.0351
     216       1.0285
     217       1.1312
     218       1.0162
     219       1.1622
     220       1.1577
     221       1.0589
     222       0.9589
     223       1.0403
     224       1.0991
     225       1.1231
     226       1.0737
     227       1.0218
     228       1.0734
     229       1.0175
     230       1.0640
     231       1.0331
     232       1.0059
     233       1.0860
     234       0.9886
     235       0.9498
     236       1.0859
     237       1.0509
     238       1.0467
     239       0.9992
     240       1.0230
     241       0.9761
     242       0.9813
     243       0.9717
     244       0.9902
     245       0.9996
     246       1.0518
     247       1.0127
     248       0.9337
     249       0.9403
     250       1.0054
     251       1.0259
     252       1.0299
     253       1.0016
     254       1.0899
     255       1.0648
     256       1.0662
     257       1.0244
     258       1.0436
     259       1.0153
     260       1.0804
     261       0.9965
     262       1.0332
     263       1.0597
     264       1.0853
     265       1.1228
     266       1.1595
     267       1.0919
     268       0.9367
     269       0.9950
     270       0.9866
     271       1.0164
     272       0.9813
     273       0.9910
     274       0.9409
     275       1.0091
     276       1.0288
     277       1.0543
     278       1.1303
     279       1.0639
     280       1.0447
     281       1.0350
     282       1.0911
     283       1.0895
     284       1.0645
     285       1.1686
     286       1.1091
     287       1.1980
     288       1.2192
     289       1.2299
     290       1.2351
     291       1.2402
     292       1.2313
     293       1.1086
     294       1.1059
     295       1.2170
     296       1.2133
     297       1.3163
     298       1.3278
     299       1.4120
     300       1.4092
     301       1.3223
     302       1.3744
     303       1.3442
     304       1.2816
     305       1.2578
     306       1.2090
     307       1.2290
     308       1.2799
     309       1.3300
     310       1.3331
     311       1.3442
     312       1.5445
     313       1.4939
     314       1.4292
     315       1.4202
     316       1.4355
     317       1.4428
     318       1.3735
     319       1.3517
     320       1.4260
     321       1.3477
     322       1.3135
     323       1.3772
     324       1.3518
     325       1.3659
     326       1.3305
     327       1.4104
     328       1.2653
     329       1.3171
     330       1.3829
     331       1.4361
     332       1.3350
     333       1.2204
     334       1.3004
     335       1.3053
     336       1.2992
     337       1.1674
     338       1.3551
     339       1.3393
     340       1.3403
     341       1.2912
     342       1.3373
     343       1.2671
     344       1.2855
     345       1.1948
     346       1.3097
     347       1.2610
     348       1.2906
     349       1.2760
     350       1.2227
     351       1.1910
     352       1.2117
     353       1.3066
     354       1.2788
     355       1.3136
     356       1.4341
     357       1.3742
     358       1.3674
     359       1.3767
     360       1.3860
     361       1.2819
     362       1.2135
     363       1.1748
     364       1.0935
     365       1.1190
     366       1.0565
     367       1.1271
     368       1.1176
     369       1.0934
     370       1.0419
     371       1.0651
     372       1.0423
     373       1.1037
     374       1.1030
     375       1.0430
     376       1.1420
     377       1.0310
     378       1.1370
     379       1.1401
     380       1.0316
     381       0.9623
     382       1.1081
     383       1.1295
     384       1.0215
     385       1.0248
     386       1.1422
     387       1.1392
     388       1.0397
     389       1.1941
     390       1.2465
     391       1.2475
     392       1.2598
     393       1.3238
     394       1.3966
     395       1.4119
     396       1.3897
     397       1.3601
     398       1.3481
     399       1.3379
     400       1.3376
     401       1.4787
     402       1.3213
     403       1.3232
     404       1.3821
     405       1.3536
     406       1.4165
     407       1.3797
     408       1.3917
     409       1.4540
     410       1.5352
     411       1.5853
     412       1.5470
     413       1.4158
     414       1.3834
     415       1.4576
     416       1.4103
     417       1.4826
     418       1.6042
     419       1.5312
     420       1.5689
     421       1.6431
     422       1.4464
     423       1.4716
     424       1.4508
     425       1.4073
     426       1.5172
     427       1.5137
     428       1.4770
     429       1.3704
     430       1.4429
     431       1.3858
     432       1.4816
     433       1.4296
     434       1.4967
     435       1.5302
     436       1.4997
     437       1.5503
     438       1.5879
     439       1.6395
     440       1.5597
     441       1.5537
     442       1.5899
     443       1.5859
     444       1.5167
     445       1.5667
     446       1.4995
     447       1.4266
     448       1.5462
     449       1.5513
     450       1.6415
     451       1.3992
     452       1.4744
     453       1.4734
     454       1.4546
     455       1.4816
     456       1.5661
     457       1.4982
     458       1.4245
     459       1.4380
     460       1.3504
     461       1.5621
     462       1.6047
     463       1.5174
     464       1.4988
     465       1.5031
     466       1.5806
     467       1.5812
     468       1.5682
     469       1.6031
     470       1.6324
     471       1.5205
     472       1.6422
     473       1.6014
     474       1.5495
     475       1.5375
     476       1.4195
     477       1.4713
     478       1.4295
     479       1.5235
     480       1.4465
     481       1.4709
     482       1.3869
     483       1.5406
     484       1.4240
     485       1.4516
     486       1.4096
     487       1.4895
     488       1.5315
     489       1.4700
     490       1.5352
     491       1.6734
     492       1.7003
     493       1.6503
     494       1.5703
     495       1.4045
     496       1.4975
     497       1.5857
     498       1.6068
     499       1.5064
     500       1.4563
     501       1.5901
     502       1.4511
     503       1.5801
     504       1.5738
     505       1.6993
     506       1.7105
     507       1.5567
     508       1.6634
     509       1.8328
     510       1.8299
     511       1.7274
     512       1.6819
     513       1.6320
     514       1.6374
     515       1.6602
     516       1.6673
     517       1.5295
     518       1.6967
     519       1.7288
     520       1.6586
     521       1.5439
     522       1.5004
     523       1.6498
     524       1.4979
     525       1.6080
     526       1.6054
     527       1.4557
     528       1.6308
     529       1.6444
     530       1.5074
     531       1.4777
     532       1.3630
     533       1.4011
     534       1.4596
     535       1.4584
     536       1.4825
     537       1.5176
     538       1.4734
     539       1.5113
     540       1.3955
     541       1.5195
     542       1.4223
     543       1.5366
     544       1.4953
     545       1.5302
     546       1.6408
     547       1.6109
     548       1.6813
     549       1.7140
     550       1.6725
     551       1.5517
     552       1.5929
     553       1.5901
     554       1.5983
     555       1.6057
     556       1.5380
     557       1.4470
     558       1.5855
     559       1.6174
     560       1.4932
     561       1.5153
     562       1.4852
     563       1.4885
     564       1.5966
     565       1.5079
     566       1.4321
     567       1.3627
     568       1.3104
     569       1.3354
     570       1.4662
     571       1.4363
     572       1.3881
     573       1.4094
     574       1.3864
     575       1.3141
     576       1.2781
     577       1.4797
     578       1.5152
     579       1.3747
     580       1.4243
     581       1.4586
     582       1.3955
     583       1.4585
     584       1.4932
     585       1.4846
     586       1.3311
     587       1.4093
     588       1.3347
     589       1.2801
     590       1.3541
     591       1.3202
     592       1.4901
     593       1.3620
     594       1.3186
     595       1.3346
     596       1.3061
     597       1.1656
     598       1.3151
     599       1.2583
     600       1.2050
     601       1.2317
     602       1.2247
     603       1.2044
     604       1.1263
     605       1.1739
     606       1.2160
     607       1.1079
     608       1.1050
     609       0.9651
     610       1.0800
     611       1.0157
     612       1.1187
     613       1.0371
     614       1.0642
     615       1.1038
     616       0.9797
     617       0.9595
     618       1.0585
     619       1.0349
     620       1.0373
     621       1.1414
     622       1.0632
     623       1.1146
     624       1.1514
     625       1.0728
     626       1.1509
     627       1.2235
     628       1.1474
     629       1.1532
     630       1.2351
     631       1.1191
     632       1.2831
     633       1.3637
     634       1.2645
     635       1.3752
     636       1.3856
     637       1.3280
     638       1.2895
     639       1.2967
     640       1.1867
     641       1.2874
     642       1.3380
     643       1.3041
     644       1.3697
     645       1.2603
     646       1.2637
     647       1.3251
     648       1.2799
     649       1.3927
     650       1.4533
     651       1.4822
     652       1.4387
     653       1.5095
     654       1.5791
     655       1.7505
     656       1.6202
     657       1.5470
     658       1.4708
     659       1.4765
     660       1.4371
     661       1.4074
     662       1.4700
     663       1.4824
     664       1.3201
     665       1.3977
     666       1.4815
     667       1.4794
     668       1.5233
     669       1.5611
     670       1.4775
     671       1.5375
     672       1.5088
     673       1.5342
     674       1.5811
     675       1.5014
     676       1.4121
     677       1.4518
     678       1.3943
     679       1.4325
     680       1.4827
     681       1.4888
     682       1.4554
     683       1.5305
     684       1.5774
     685       1.5052
     686       1.6037
     687       1.5481
     688       1.5701
     689       1.6482
     690       1.7505
     691       1.5730
     692       1.5380
     693       1.5917
     694       1.4911
     695       1.5172
     696       1.5256
     697       1.5099
     698       1.3853
     699       1.4901
     700       1.6297
     701       1.6568
     702       1.6181
     703       1.6207
     704       1.5950
     705       1.5536
     706       1.5804
     707       1.5787
     708       1.6005
     709       1.6048
     710       1.6370
     711       1.6610
     712       1.7170
     713       1.7478
     714       1.6480
     715       1.6679
     716       1.5710
     717       1.5292
     718       1.4791
     719       1.5268
     720       1.6321
     721       1.5466
     722       1.4880
     723       1.4684
     724       1.5366
     725       1.5129
     726       1.4930
     727       1.5282
     728       1.5436
     729       1.6137
     730       1.7301
     731       1.6427
     732       1.5945
     733       1.5827
     734       1.4903
     735       1.5005
     736       1.5334
     737       1.6414
     738       1.6131
     739       1.6785
     740       1.6162
     741       1.4947
     742       1.3370
     743       1.4696
     744       1.4817
     745       1.5424
     746       1.5209
     747       1.4967
     748       1.3843
     749       1.4064
     750       1.4430
     751       1.3942
     752       1.3276
     753       1.3355
     754       1.3482
     755       1.3978
     756       1.4069
     757       1.5183
     758       1.5373
     759       1.3681
     760       1.4647
     761       1.4633
     762       1.3905
     763       1.4365
     764       1.5934
     765       1.6498
     766       1.5539
     767       1.4393
     768       1.4195
     769       1.4761
     770       1.4387
     771       1.4495
     772       1.4004
     773       1.4743
     774       1.3298
     775       1.3851
     776       1.5221
     777       1.4462
     778       1.3633
     779       1.4161
     780       1.4742
     781       1.6027
     782       1.4398
     783       1.3633
     784       1.4474
     785       1.4210
     786       1.4465
     787       1.5036
     788       1.5206
     789       1.5850
     790       1.6623
     791       1.7364
     792       1.7127
     793       1.7068
     794       1.5880
     795       1.6893
     796       1.7692
     797       1.7590
     798       1.7574
     799       1.7467
     800       1.8359
     801       1.7680
     802       1.7521
     803       1.7668
     804       1.8021
     805       1.8503
     806       1.7796
     807       1.6214
     808       1.6678
     809       1.7107
     810       1.6377
     811       1.7080
     812       1.7231
     813       1.5898
     814       1.7075
     815       1.6550
     816       1.6026
     817       1.4840
     818       1.6263
     819       1.5676
     820       1.5252
     821       1.5328
     822       1.5991
     823       1.6254
     824       1.6073
     825       1.5273
     826       1.6634
     827       1.6664
     828       1.6698
     829       1.5896
     830       1.8020
     831       1.6689
     832       1.6444
     833       1.5712
     834       1.6898
     835       1.6255
     836       1.6104
     837       1.6246
     838       1.6782
     839       1.7221
     840       1.4928
     841       1.6585
     842       1.6293
     843       1.5599
     844       1.5448
     845       1.6609
     846       1.6079
     847       1.6187
     848       1.6419
     849       1.5883
     850       1.5229
     851       1.7030
     852       1.6624
     853       1.5996
     854       1.6384
     855       1.7555
     856       1.6908
     857       1.7053
     858       1.5783
     859       1.6978
     860       1.6769
     861       1.5374
     862       1.5863
     863       1.5344
     864       1.5409
     865       1.6162
     866       1.5571
     867       1.6043
     868       1.6284
     869       1.5527
     870       1.6715
     871       1.7165
     872       1.6885
     873       1.6850
     874       1.7521
     875       1.8084
     876       1.7441
     877       1.8261
     878       1.8114
     879       1.7250
     880       1.7056
     881       1.6636
     882       1.8734
     883       1.7780
     884       1.6837
     885       1.6883
     886       1.6684
     887       1.7074
     888       1.6684
     889       1.6924
     890       1.7487
     891       1.7437
     892       1.7556
     893       1.8868
     894       1.7574
     895       1.6982
     896       1.5226
     897       1.5737
     898       1.6431
     899       1.5212
     900       1.5844
     901       1.6159
     902       1.6476
     903       1.5464
     904       1.5061
     905       1.5494
     906       1.5363
     907       1.6202
     908       1.7266
     909       1.7283
     910       1.7056
     911       1.7341
     912       1.6964
     913       1.6594
     914       1.6788
     915       1.6325
     916       1.7327
     917       1.7016
     918       1.7108
     919       1.6414
     920       1.6293
     921       1.6554
     922       1.7145
     923       1.7142
     924       1.7251
     925       1.7155
     926       1.5771
     927       1.6691
     928       1.6003
     929       1.6225
     930       1.5207
     931       1.6186
     932       1.6413
     933       1.5920
     934       1.6822
     935       1.6985
     936       1.7447
     937       1.6772
     938       1.7242
     939       1.6574
     940       1.7133
     941       1.7379
     942       1.7594
     943       1.8569
     944       1.6889
     945       1.8054
     946       1.8138
     947       1.7785
     948       1.7063
     949       1.7414
     950       1.8623
     951       1.6199
     952       1.5695
     953       1.5142
     954       1.4265
     955       1.3960
     956       1.3886
     957       1.3944
     958       1.4746
     959       1.4664
     960       1.5525
     961       1.5370
     962       1.4383
     963       1.4975
     964       1.4713
     965       1.4120
     966       1.4174
     967       1.4346
     968       1.5371
     969       1.4728
     970       1.4327
     971       1.5756
     972       1.5020
     973       1.4976
     974       1.5333
     975       1.4752
     976       1.4959
     977       1.5009
     978       1.5088
     979       1.4514
     980       1.5151
     981       1.4701
     982       1.4893
     983       1.6300
     984       1.6455
     985       1.7297
     986       1.6942
     987       1.6855
     988       1.6896
     989       1.6363
     990       1.6855
     991       1.7438
     992       1.7565
     993       1.7084
     994       1.7179
     995       1.7696
     996       1.8927
     997       1.8629
     998       1.9047
     999       1.8749
    1000       1.9054
